"gene","gene_len","transcript_len","intron_len"
"Xkr4",472012,17314,454698
"Gm18956",503,503,0
"LOC105243853",20490,18654,1836
"Gm7341",942,942,0
"LOC105242387",39669,31332,8337
"LOC105242467",243963,3941,240022
"Gm6101",5307,5307,0
"Rp1",118421,9772,108649
"Sox17",6461,5641,820
"Gm7357",4115,3275,840
"LOC105243855",3611,3260,351
"LOC105243854",7812,5112,2700
"Gm7369",1669,1169,500
"Gm29874",906,391,515
"Gm6085",841,841,0
"Gm6119",1206,1206,0
"Gm2053",630,630,0
"Gm6123",1289,1289,0
"Mrpl15",12548,6569,5979
"Lypla1",39175,2765,36410
"LOC105243856",1564,308,1256
"Tcea1",40216,3175,37041
"Gm6104",1546,1546,0
"Rgs20",160736,3692,157044
"Gm16041",8576,6337,2239
"Gm17101",1598,1598,0
"Atp6v1h",79572,3758,75814
"Gm7182",689,689,0
"Gm19070",618,618,0
"Oprk1",17685,4751,12934
"Npbwr1",3692,3692,0
"Gm19214",1074,1074,0
"4732440D04Rik",4728,3843,885
"Rb1cc1",61731,7784,53947
"Fam150a",35401,858,34543
"Gm2147",2119,2119,0
"LOC102631893",1097,1097,0
"Gm19026",11639,11639,0
"St18",373710,8009,365701
"Gm7449",659,659,0
"LOC102641523",7064,595,6469
"Gm5694",1343,1343,0
"Pcmtd1",84738,5663,79075
"LOC105243857",4033,3964,69
"Gm9826",2079,2079,0
"Nras-ps2",1985,1985,0
"Gm26901",84029,9638,74391
"Gm19002",1012,1012,0
"Gm18984",1040,1040,0
"Gm7470",2113,2113,0
"Rps2-ps2",950,950,0
"Gm17903",1118,1118,0
"LOC105243858",13821,678,13143
"Sntg1",941323,8518,932805
"Gm15452",569,569,0
"LOC102632599",1223,1223,0
"LOC102632504",845,845,0
"LOC102632382",1207,1207,0
"Gm6187",3803,1276,2527
"Gm30719",1017,602,415
"Gm18299",662,662,0
"Gm7512",1428,1428,0
"Gm18300",2156,2156,0
"Rrs1",2048,2048,0
"Adhfe1",30000,3393,26607
"2610203C22Rik",70261,1246,69015
"Gm6161",1330,1330,0
"3110035E14Rik",25876,3187,22689
"Mybl1",33033,6291,26742
"Vcpip1",29761,9749,20012
"1700034P13Rik",23609,1494,22115
"LOC105243859",15757,3698,12059
"Sgk3",104441,5622,98819
"Gm6195",4867,4867,0
"Gm2352",615,615,0
"Mcmdc2",34796,8235,26561
"Snhg6",2094,407,1687
"Snord87",74,74,0
"Tcf24",8274,4513,3761
"Ppp1r42",44920,6455,38465
"Cops5",13560,1739,11821
"Cspp1",98554,8881,89673
"Arfgef1",95164,7042,88122
"Cpa6",424268,3331,420937
"Gm15604",370,370,0
"Gm15603",1200,467,733
"Gm5522",1242,1242,0
"Prex2",310411,11573,298838
"A830018L16Rik",561798,8722,553076
"Gm30898",11584,6390,5194
"Gm30974",31950,634,31316
"Gm7560",1094,1094,0
"LOC105243860",8788,736,8052
"Mir6341",121,121,0
"Gm2383",1031,1031,0
"Gm6216",902,902,0
"Gm17644",5528,3200,2328
"Sulf1",169498,7210,162288
"Slco5a1",126384,10243,116141
"Gm5250",616,616,0
"LOC105243861",14272,253,14019
"Prdm14",13736,2593,11143
"Ncoa2",235587,9841,225746
"LOC105243863",2759,2723,36
"LOC105243862",4173,4090,83
"LOC105243864",29832,194,29638
"Gm7593",645,645,0
"LOC105243872",287,287,0
"Tram1",25218,2943,22275
"Lactb2",34713,1990,32723
"Xkr9",32986,2150,30836
"Gm2452",1311,1311,0
"Gm5523",1245,1245,0
"Gm31195",35434,573,34861
"Gm19122",852,852,0
"LOC105243865",99136,831,98305
"Eya1",141313,5622,135691
"Gm7617",655,655,0
"Msc",2669,1913,756
"LOC105243866",37142,12025,25117
"Smt3h2-ps4",1007,1007,0
"Rpl5-ps1",1002,1002,0
"Gm33500",281,281,0
"Trpa1",46367,4415,41952
"Gm5048",526,454,72
"Gm19917",3448,932,2516
"Gm10566",1212,1212,0
"Kcnb2",426832,6010,420822
"Gm6060",751,751,0
"Gm31461",2322,971,1351
"Terf1",39071,3276,35795
"Sbspon",38861,2748,36113
"Gm31523",10382,2271,8111
"Gm7634",710,519,191
"4930444P10Rik",27352,1849,25503
"Rpl7",3139,934,2205
"Rdh10",27955,3546,24409
"Stau2",291379,5733,285646
"LOC102634042",19713,7576,12137
"Ube2w",78633,4767,73866
"Gm31780",5289,5205,84
"Tceb1",15373,2457,12916
"D030040B21Rik",4727,2788,1939
"Gm7654",1330,1330,0
"Tmem70",13085,2081,11004
"Gm31863",7214,857,6357
"Ly96",21758,1044,20714
"Gm5828",1860,1860,0
"Jph1",155080,5206,149874
"Gm31982",26003,1065,24938
"Gm28783",8375,2937,5438
"Gdap1",18899,3938,14961
"Gm28784",4708,3946,762
"LOC105243867",2608,472,2136
"Gm5251",1089,1089,0
"Rbm6-ps1",4051,3907,144
"Gm6075",729,729,0
"Pi15",29039,6923,22116
"Gm28154",26014,5371,20643
"Gm16070",51620,2264,49356
"Crispld1",39323,4602,34721
"LOC105243868",193901,1492,192409
"Gm7690",2646,2646,0
"Gm18775",6664,6664,0
"Gm17969",3659,3659,0
"Crisp4",31063,1781,29282
"Defb44-ps",13512,222,13290
"Defb18",971,258,713
"Defb41",14161,469,13692
"Gm15386",4615,256,4359
"Gm17837",985,985,0
"LOC105243869",28991,1450,27541
"Gm5252",911,911,0
"Gm15825",12192,774,11418
"Tfap2d",65571,4968,60603
"LOC102635075",794,794,0
"Tfap2b",29932,7443,22489
"LOC105243870",1171,328,843
"Gm4849",2734,2734,0
"Gm32651",30646,369,30277
"Pkhd1",560304,15294,545010
"4930486I03Rik",35847,786,35061
"LOC105243871",2400,252,2148
"Mir206",73,73,0
"Mir133b",119,119,0
"Il17a",3592,1171,2421
"Il17f",8129,1973,6156
"Mcm3",17200,2886,14314
"Gm20587",1185,1185,0
"6720483E21Rik",1824,1120,704
"Paqr8",49029,5447,43582
"Efhc1",39291,2357,36934
"Tram2",77829,1390,76439
"Tmem14a",63732,1467,62265
"Gm2693",6082,1588,4494
"Gm32947",6290,2990,3300
"Gm28836",64452,1436,63016
"Gsta3",24991,1610,23381
"LOC101056100",1329,1329,0
"Gm4956",13067,1148,11919
"Gm21909",28873,537,28336
"Khdc1a",22725,2130,20595
"Khdc1c",1413,844,569
"Gm33147",14443,455,13988
"Gm2709",1815,1815,0
"Gm16533",866,866,0
"Khdc1b",2829,2247,582
"Kcnq5",564252,7718,556534
"Gm7658",1230,1230,0
"Gm5696",563,563,0
"Rims1",517303,2189,515114
"Gm7759",6695,1447,5248
"Gm7761",1738,562,1176
"4933415F23Rik",1781,1781,0
"Gm30442",3737,238,3499
"Gm29506",7166,629,6537
"Mir30a",71,71,0
"Mir30c-2",84,84,0
"Gm20954",644,644,0
"Ogfrl1",16787,4882,11905
"Gm19673",8213,3711,4502
"Gm7784",1210,1210,0
"LOC105243890",20484,782,19702
"B3gat2",85940,4362,81578
"Smap1",77626,3110,74516
"LOC105242388",2554,2460,94
"LOC105243891",27352,907,26445
"1110058L19Rik",9702,667,9035
"Fam135a",89703,6835,82868
"Gm30756",3438,3438,0
"Col9a1",75149,4241,70908
"Col19a1",330354,13667,316687
"Tubb4b-ps2",1559,1559,0
"Gm10222",297,297,0
"LOC100503946",681,681,0
"Lmbrd1",87758,5589,82169
"Gm9443",819,819,0
"LOC105243892",1007,714,293
"Bai3",762731,6025,756706
"Gm20172",1551,1551,0
"Gm29214",3122,3122,0
"LOC105243893",13138,279,12859
"Gm31076",6639,248,6391
"Gm19071",1147,1147,0
"Gm18443",556,556,0
"Gm19123",651,651,0
"Gm31136",158024,1381,156643
"4931408C20Rik",5660,4331,1329
"Gm18179",792,792,0
"Gm5524",18378,2029,16349
"Gm18776",654,654,0
"Gm19028",1872,1872,0
"Gm7846",470,470,0
"Gm597",119525,3572,115953
"Gm5697",1768,1768,0
"Gm6462",306,306,0
"Gm18033",569,569,0
"Mir6342",125,125,0
"Gm5525",1411,1411,0
"Gm7858",582,582,0
"Gm31465",17430,2203,15227
"Gm31525",90868,3014,87854
"LOC105243894",272751,1441,271310
"Gm31581",14307,649,13658
"Gm6473",2651,1598,1053
"Gm2914",4905,538,4367
"Phf3",71582,8154,63428
"Gm7256",639,639,0
"Ptp4a1",9463,4446,5017
"Gm32863",2054,1984,70
"Gm5698",723,723,0
"Gm9458",2965,866,2099
"Gm5699",723,723,0
"Gm28644",25679,4929,20750
"Gm29669",17670,829,16841
"4931428L18Rik",81579,1094,80485
"Gm7893",970,970,0
"Lgsn",28291,1903,26388
"Pih1d3",1449,1449,0
"Gm4850",3215,914,2301
"Gm28645",12012,561,11451
"Gm6489",969,969,0
"Gm10307",1226,1226,0
"Gm19680",1540,1540,0
"Gm7910",840,840,0
"Khdrbs2",532537,3587,528950
"Gm9839",1437,1437,0
"Gm5415",3748,3748,0
"Gm7114",1788,1788,0
"Gm4785",748,748,0
"LOC105243895",43027,3117,39910
"Gm2987",645,645,0
"LOC105243896",63780,325,63455
"Gm18799",792,792,0
"Gm7933",1617,1617,0
"Prim2",215987,3545,212442
"Gm29228",1420,743,677
"LOC105243897",12582,10329,2253
"Gm17813",985,985,0
"1700001G17Rik",889,889,0
"Gm32229",7407,2832,4575
"Rab23",22669,4587,18082
"Bag2",12267,1815,10452
"Zfp451",53912,8494,45418
"Gm15455",3016,3016,0
"Bend6",55716,2438,53278
"LOC102634918",1671,1199,472
"Dst",400455,36308,364147
"LOC105243899",28221,2705,25516
"Mir6896",73,73,0
"LOC105243898",12742,4686,8056
"Gm5266",1630,1630,0
"Mir5103",79,79,0
"Ccdc115",3003,1705,1298
"Imp4",5919,2249,3670
"Gm32504",819,568,251
"Ptpn18",14039,1578,12461
"Gm32566",11195,1318,9877
"4930568A12Rik",22053,1538,20515
"Prss39",4633,1246,3387
"Cfc1",8664,1038,7626
"Prss40",24479,2292,22187
"Gm28419",498,498,0
"Gm19225",726,726,0
"Amer3",12014,5138,6876
"Gm29730",4292,997,3295
"AA619741",2676,2676,0
"LOC102642976",9769,1344,8425
"Gm32920",3178,1471,1707
"Gm32790",32621,9834,22787
"Arhgef4",11033,2714,8319
"Fam168b",29833,5080,24753
"Plekhb2",29627,5629,23998
"LOC105243900",2785,2746,39
"Gm19430",7169,2144,5025
"Gm8009",505,505,0
"1110002O04Rik",11578,1200,10378
"Gm33176",13002,597,12405
"Gm8022",882,882,0
"LOC105243901",5100,504,4596
"Gm33222",9135,1836,7299
"LOC105243902",4694,440,4254
"LOC105243903",7526,2286,5240
"Hs6st1",38047,3719,34328
"Gm33280",5386,4273,1113
"Uggt1",104275,9161,95114
"Mir6897",62,62,0
"Gm18750",1349,1349,0
"LOC105243904",6129,163,5966
"Neurl3",10073,2971,7102
"Arid5a",16331,10133,6198
"Kansl3",39248,9115,30133
"Mir6898",77,77,0
"Fer1l5",49912,6562,43350
"Lman2l",22089,2293,19796
"Gm33401",768,317,451
"Gm33454",6829,1152,5677
"Cnnm4",37180,4582,32598
"Cnnm3",16382,5303,11079
"Ankrd23",6696,2687,4009
"Ankrd39",9268,2226,7042
"Sema4c",9742,5037,4705
"Fam178b",120495,3009,117486
"Cox5b",1902,569,1333
"Actr1b",11904,3401,8503
"4933424G06Rik",43423,1127,42296
"Gm33533",29025,3393,25632
"Zap70",21024,2913,18111
"Gm18828",866,866,0
"Tmem131",147449,7276,140173
"Rpl12-ps1",631,631,0
"Vwa3b",161018,5688,155330
"LOC105243906",3791,438,3353
"LOC105243905",18237,2531,15706
"Cnga3",45107,3832,41275
"Gm34028",2006,729,1277
"Inpp4a",110903,9529,101374
"4930439A04Rik",28821,13355,15466
"Coa5",13019,3862,9157
"Unc50",8981,1440,7541
"Mgat4a",101708,7585,94123
"4930594C11Rik",2755,2755,0
"LOC105243907",905,821,84
"2010300C02Rik",108417,5834,102583
"LOC102637491",867,536,331
"LOC102637336",18719,6703,12016
"LOC105243908",15137,9512,5625
"Tsga10",138596,7310,131286
"Lipt1",7792,5517,2275
"Mitd1",11539,1317,10222
"Mrpl30",7841,2339,5502
"Lyg2",10911,2797,8114
"Lyg1",11022,798,10224
"Txndc9",13859,5329,8530
"Eif5b",57580,7807,49773
"Gm34448",6971,861,6110
"Rev1",77134,5315,71819
"LOC105243909",1421,1199,222
"Gm5099",27810,1848,25962
"Aff3",451847,7416,444431
"Gm16150",21250,20924,326
"Gm16152",9141,8678,463
"Gm34727",11743,11743,0
"Gm34596",22702,3637,19065
"Lonrf2",43051,6916,36135
"Chst10",34396,3335,31061
"Gm6621",820,820,0
"Nms",11128,1001,10127
"Gm35171",1005,479,526
"Pdcl3",9423,1706,7717
"Gm35222",1351,349,1002
"Mir6349",97,97,0
"Npas2",169285,4234,165051
"LOC105243910",2763,2763,0
"Gm17904",2452,2452,0
"Gm3617",623,623,0
"Gm35366",4891,746,4145
"Rpl31",4061,1254,2807
"Tbc1d8",107285,5192,102093
"Gm35423",824,783,41
"LOC105243911",8075,8035,40
"Cnot11",11080,3170,7910
"Snord89",94,94,0
"Gm18446",577,577,0
"Rnf149",26148,2857,23291
"Gm5100",615,615,0
"Creg2",33105,6127,26978
"D930019O06Rik",7914,4362,3552
"Rfx8",55701,2775,52926
"Gm3646",1192,359,833
"1700066B17Rik",4903,531,4372
"Gm35600",12378,567,11811
"Map4k4",125399,6075,119324
"Gm16894",9640,858,8782
"Il1r2",43481,5457,38024
"Gm35741",3500,764,2736
"Il1r1",91188,6036,85152
"Il1rl2",43145,5250,37895
"Gm17970",747,696,51
"Il1rl1",60555,7458,53097
"Il18r1",35303,5096,30207
"Il18rap",36346,5103,31243
"Gm35801",8337,341,7996
"Slc9a4",51017,4334,46683
"Gm35854",1296,1205,91
"Slc9a2",87174,3493,83681
"LOC102641498",15044,2773,12271
"Mfsd9",18618,3152,15466
"Tmem182",51287,2716,48571
"Gm5973",701,701,0
"4930448I06Rik",13693,573,13120
"LOC105243912",37692,1005,36687
"Gm35935",3195,713,2482
"Gm29260",196576,7606,188970
"LOC105243913",5934,1682,4252
"Gm5267",1389,1389,0
"Gm8176",1106,1106,0
"Gm28175",46563,10096,36467
"Gm36678",28379,638,27741
"Gm36822",8235,872,7363
"Gm30248",42664,11178,31486
"Pantr1",46626,546,46080
"LOC102640933",1470,627,843
"Pou3f3",3065,3065,0
"2900092D14Rik",2841,2841,0
"Pantr2",6394,463,5931
"Mrps9",54451,2549,51902
"LOC105243914",16039,918,15121
"Gpr45",82580,6672,75908
"Gm3418",495,495,0
"Tgfbrap1",51358,6121,45237
"LOC105243915",1079,625,454
"AI597479",17237,3457,13780
"Fhl2",75229,1702,73527
"LOC105243916",15506,3172,12334
"Gm8210",709,709,0
"Gm29040",63426,3686,59740
"Nck2",124770,2777,121993
"LOC102642726",15555,1505,14050
"Gm30634",3956,1498,2458
"1500015O10Rik",11963,888,11075
"Gm29155",2542,823,1719
"Uxs1",79363,3163,76200
"Gm16103",1684,1684,0
"LOC102632770",1749,1749,0
"Gm8241",3841,3841,0
"Tpp2",69010,4705,64305
"Mettl21c",33228,1760,31468
"Ccdc168",24330,20491,3839
"Tex30",15885,1462,14423
"Kdelc1",12312,2455,9857
"Bivm",25884,4413,21471
"Ercc5",33683,4176,29507
"Mettl21e",14862,3181,11681
"Gm15833",1663,1663,0
"Gm5700",988,988,0
"LOC105243917",975,444,531
"Txn-ps1",426,426,0
"LOC105243918",28894,545,28349
"Gulp1",245343,3267,242076
"Gm16102",832,832,0
"4930521E06Rik",5275,906,4369
"Gm3489",29286,594,28692
"Gm19480",3915,733,3182
"Gm3496",14445,839,13606
"Gm5268",940,940,0
"Col3a1",38169,5564,32605
"LOC105243919",4713,4251,462
"Col5a2",128952,6615,122337
"Gm8296",524,524,0
"Gm7063",1233,1233,0
"Gm8304",763,613,150
"LOC105243920",49337,4835,44502
"Gm8307",973,973,0
"Wdr75",28467,3095,25372
"Gm30900",3994,914,3080
"Gm5526",554,554,0
"Gm18303",1176,1176,0
"Slc40a1",18466,3492,14974
"Gm9496",5794,5794,0
"Rpl23a-ps1",537,537,0
"Gm3852",2029,2029,0
"Gm4776",10023,3483,6540
"Gm18849",2677,2677,0
"Dnah7b",307766,16941,290825
"Gm31046",11646,1938,9708
"Gm8326",2600,2110,490
"Dnah7c",383458,14422,369036
"Slc39a10",118229,6309,111920
"LOC105243921",36113,338,35775
"Gm4852",1476,1476,0
"LOC105243922",27637,624,27013
"Mir6350",105,105,0
"Gm18117",688,688,0
"Gm8337",2085,2085,0
"Gm19206",811,811,0
"Gm5974",1203,1203,0
"Gm8354",2459,2459,0
"Gm19124",931,931,0
"Gm8357",1231,1231,0
"Gm19644",1192,1192,0
"Gm8367",757,757,0
"C230029F24Rik",95816,542,95274
"Gm6757",2016,2016,0
"Gm3605",431,305,126
"Gm8384",1706,1706,0
"Gm8391",723,723,0
"LOC105243923",24147,114,24033
"LOC102633655",162,162,0
"Gm28321",5227,2458,2769
"Tmeff2",277309,6573,270736
"LOC105243924",19323,5679,13644
"9330175M20Rik",115394,2552,112842
"Sdpr",13835,3055,10780
"Gm5253",1022,1022,0
"Nabp1",13162,6687,6475
"Gm17767",25354,1051,24303
"Gm31636",23473,292,23181
"Myo1b",166221,6226,159995
"Gm33795",1397,940,457
"Gm8419",619,619,0
"Gm8420",626,626,0
"Stat4",120084,3208,116876
"Gm3940",489,489,0
"Gm31812",6603,1340,5263
"Stat1",42428,5356,37072
"Gm18301",896,896,0
"Gls",69784,12046,57738
"Gm31867",8832,549,8283
"Gm5975",1375,1375,0
"Gm31955",62053,733,61320
"Nab1",44600,5092,39508
"Gm5976",1218,1218,0
"Gm553",16209,1305,14904
"Rps27a-ps1",511,511,0
"Tmem194b",83385,3646,79739
"Gm28178",10246,2911,7335
"Gm5527",719,719,0
"Mfsd6",71164,6019,65145
"Gm28650",533,533,0
"Inpp1",32264,5977,26287
"Hibch",75815,1704,74111
"Gm16107",1023,1023,0
"1700019D03Rik",69020,4248,64772
"Mstn",6417,2682,3735
"1700019A02Rik",30075,2048,28027
"Pms1",107840,3340,104500
"LOC105243925",3420,2372,1048
"Ormdl1",13151,1846,11305
"Osgepl1",13447,2675,10772
"Gm18800",6504,6504,0
"Asnsd1",8136,2442,5694
"Gm6801",2171,2171,0
"Dnah7a",311625,14180,297445
"Gm32311",56495,1938,54557
"Stk17b",29739,3313,26426
"Hecw2",388163,12947,375216
"Mir7681",72,72,0
"Ccdc150",118067,5138,112929
"Gtf3c3",41391,3005,38386
"Gm34066",14252,1717,12535
"Pgap1",84685,10579,74106
"Gm19637",907,907,0
"Ankrd44",281394,8153,273241
"4930444A19Rik",85146,2719,82427
"Sf3b1",42332,7439,34893
"Coq10b",19933,1733,18200
"Gm17971",856,856,0
"Hspd1",10279,2456,7823
"Hspe1",3170,768,2402
"Gm5147",837,837,0
"Gm16581",999,999,0
"Mob4",23964,3135,20829
"Gm6822",454,454,0
"Rftn2",56907,4300,52607
"Gm32792",9714,1755,7959
"Gm10561",8874,660,8214
"Mars2",2882,2882,0
"Boll",124674,13121,111553
"Gm8292",451,451,0
"Gm29138",313,313,0
"Gm8531",14731,852,13879
"Plcl1",348340,6555,341785
"Gm6644",1369,1369,0
"LOC105243926",7407,7255,152
"Gm32949",28599,2445,26154
"9130227L01Rik",40858,1906,38952
"1700003I22Rik",1226,482,744
"Hsfy2",1408,1408,0
"Satb2",184701,6482,178219
"9130024F11Rik",3728,3728,0
"LOC102636041",40015,2519,37496
"LOC105243927",23307,1244,22063
"BC055402",14352,3304,11048
"Gm5254",1331,1331,0
"4930558J18Rik",18323,2052,16271
"1700066M21Rik",7830,3327,4503
"Tyw5",18776,2220,16556
"9430016H08Rik",9411,1325,8086
"Gm8581",843,843,0
"Gm17929",553,553,0
"Spats2l",174237,4701,169536
"Kctd18",14984,3184,11800
"Sgol2a",40938,5416,35522
"Aox1",76602,5680,70922
"Aox3",87317,5181,82136
"LOC105243928",25919,3751,22168
"Aox4",58204,5151,53053
"Aox2",103124,5572,97552
"Gm15759",26247,655,25592
"LOC105243929",26126,584,25542
"Gm6860",224,224,0
"Bzw1",14219,3740,10479
"Clk1",12101,3088,9013
"Ppil3",14535,2254,12281
"Nif3l1",17121,2639,14482
"Orc2",42339,3561,38778
"Gm15834",33699,7012,26687
"Fam126b",63528,9769,53759
"Ndufb3",9350,532,8818
"Gm18802",588,588,0
"Gm10068",1725,1725,0
"Gm20257",3191,936,2255
"Als2cr12",37894,3462,34432
"Cflar",47900,8929,38971
"LOC105243930",3449,1612,1837
"LOC105243931",24292,796,23496
"Casp8",52275,3038,49237
"Gm28802",46902,2304,44598
"Trak2",73034,6241,66793
"Stradb",21600,2366,19234
"Gm33589",28157,7754,20403
"LOC105243932",2255,716,1539
"Als2cr11",44510,2249,42261
"Tmem237",19897,2365,17532
"Mpp4",42455,3087,39368
"Gm19125",1351,1351,0
"Als2",74476,7038,67438
"LOC105243933",310,265,45
"Gm33667",1645,714,931
"Cdk15",95724,2076,93648
"Gm33724",25682,6094,19588
"Gm33774",3300,2323,977
"Fzd7",4809,4809,0
"Gm973",121695,7385,114310
"LOC105243935",4227,423,3804
"Gm28411",7903,873,7030
"LOC105243934",13727,8973,4754
"Gm33833",7382,1335,6047
"Sumo1",31401,1215,30186
"Nop58",26560,2148,24412
"Snord70",53,53,0
"Snord11",63,63,0
"Bmpr2",113812,11096,102716
"Fam117b",72343,5534,66809
"Gm18829",2059,2059,0
"Ica1l",54099,4380,49719
"Wdr12",21633,3392,18241
"Carf",55733,5815,49918
"Gm15464",527,527,0
"Nbeal1",156077,14523,141554
"Cyp20a1",45261,2746,42515
"Abi2",72958,7474,65484
"Raph1",83890,9658,74232
"LOC102637269",442,442,0
"Gm11578",1916,1467,449
"LOC105243936",5634,5052,582
"Eif4a-ps4",1778,1778,0
"Cd28",26972,4317,22655
"2310016D23Rik",25330,770,24560
"Gm11609",589,589,0
"Gm11581",1534,1534,0
"LOC105243938",33408,4257,29151
"LOC105243937",536,427,109
"Rpl18-ps1",601,601,0
"Ctla4",6808,1933,4875
"Gm34649",23826,2219,21607
"Gm11582",1169,1169,0
"Icos",39550,4302,35248
"Rpl17-ps1",619,619,0
"LOC105243939",48577,916,47661
"Gm34824",39762,804,38958
"9530026F06Rik",17473,892,16581
"Pard3b",1003618,9294,994324
"Gm35022",3559,2936,623
"Pard3bos1",78249,14185,64064
"LOC105243940",5984,3772,2212
"Gm34881",12442,3134,9308
"LOC105243941",44204,2805,41399
"Nrp2",115376,8122,107254
"LOC105243942",7246,4628,2618
"4930487H11Rik",3815,895,2920
"Gm4208",17713,2382,15331
"Gm35120",2934,275,2659
"LOC105243943",4055,847,3208
"Gm35252",50419,1998,48421
"LOC102638884",6656,916,5740
"Ino80d",66467,14650,51817
"Rps27-ps1",323,323,0
"Ino80dos",43825,1802,42023
"Ndufs1",33231,2979,30252
"Eef1b2",3656,1933,1723
"Snora41",113,113,0
"Gpr1",40708,2469,38239
"Zdbf2",114219,13322,100897
"1700039I01Rik",5634,3048,2586
"Gm11608",6580,1251,5329
"Gm11606",617,617,0
"Gm11605",1064,1064,0
"Gm35393",6087,1727,4360
"Adam23",150631,6989,143642
"LOC105243944",5135,1388,3747
"Dytn",64077,2427,61650
"Mdh1b",42975,1987,40988
"Fastkd2",22787,3250,19537
"4933402D24Rik",14359,1756,12603
"Gm13751",806,806,0
"Cpo",32744,1224,31520
"Gm13749",4273,1432,2841
"Klf7",88615,3740,84875
"Mir6899",64,64,0
"Gm13748",21870,12910,8960
"Gm35937",3108,3078,30
"Gm35880",120677,339,120338
"Gm13750",718,718,0
"LOC105243945",9163,545,8618
"Gm35803",19187,638,18549
"Gm28980",250,250,0
"Gm36148",4558,3778,780
"Creb1",71745,9583,62162
"Mettl21a",13949,5926,8023
"Gm29152",3151,1566,1585
"2810408I11Rik",10791,713,10078
"Ccnyl1",34642,4349,30293
"Fzd5",7193,6914,279
"LOC105243946",3597,3597,0
"Plekhm3",167705,9393,158312
"Gm18633",996,996,0
"Rpl31-ps24",379,379,0
"Rpl10a-ps1",713,713,0
"Akr1cl",19693,1383,18310
"Gm8550",1023,1023,0
"Cryge",8562,671,7891
"Crygd",1603,635,968
"Crygc",2008,629,1379
"Crygb",2069,633,1436
"Gm7329",555,555,0
"Cryga",2975,615,2360
"D630023F18Rik",18068,2982,15086
"Gm36358",7262,1451,5811
"Idh1",27864,2438,25426
"Pikfyve",92058,11552,80506
"Pth2r",109344,6295,103049
"Gm28923",395,395,0
"Gm5255",707,707,0
"LOC101056035",1869,359,1510
"Crygf",1783,622,1161
"LOC102637742",12835,1001,11834
"Gm8812",415,415,0
"Map2",267338,11278,256060
"Gm18034",538,538,0
"Unc80",230854,13730,217124
"LOC105243947",3584,223,3361
"Rpe",19009,3147,15862
"Kansl1l",98354,11425,86929
"LOC105243948",19777,10580,9197
"Gm15789",2603,2603,0
"Acadl",32471,1948,30523
"LOC105243949",1315,1139,176
"Gm15793",644,644,0
"Myl1",21179,1475,19704
"Rpl31-ps14",504,504,0
"Gm15826",1617,1617,0
"Lancl1",38356,4528,33828
"Cps1",108842,5579,103263
"LOC105243950",22704,314,22390
"Kif22-ps",2053,2053,0
"LOC105243951",27470,396,27074
"Erbb4",1076891,16463,1060428
"Gm8840",485,485,0
"Pced1c-ps",1227,1227,0
"Gm28497",12956,4074,8882
"Ikzf2",156145,10391,145754
"Gm29822",19263,3735,15528
"Spag16",898261,5559,892702
"Gm17972",635,635,0
"Vwc2l",161294,7421,153873
"Gm29906",67612,3131,64481
"LOC100534391",1320,1320,0
"Bard1",75703,5713,69990
"Gm8870",842,842,0
"Abca12",171821,8323,163498
"LOC105243952",1955,252,1703
"Gm6947",569,569,0
"Atic",22248,2611,19637
"Fn1",67762,8425,59337
"Apol7d",9509,1193,8316
"Gm19003",1138,1138,0
"Gm5829",606,606,0
"Gm5256",14732,1434,13298
"LOC105243953",12818,2099,10719
"Gm30160",21902,3351,18551
"Gm30308",22283,2320,19963
"Gm8883",3093,1019,2074
"Gm28818",23291,3773,19518
"4933417E11Rik",46198,1093,45105
"Gm5528",492,492,0
"Gm8885",599,599,0
"Gm4319",16597,2263,14334
"Mreg",53075,3721,49354
"D230017M19Rik",36326,6197,30129
"Pecr",25143,1186,23957
"Tmem169",18743,3067,15676
"Xrcc5",87537,2946,84591
"LOC105243954",8199,6469,1730
"March4",109453,4541,104912
"Gm15843",578,578,0
"Smarcal1",100104,7859,92245
"LOC105243955",793,622,171
"Ankar",57600,4590,53010
"Gm18035",583,583,0
"Rpl37a",2554,588,1966
"LOC105243956",10827,6286,4541
"Gm30788",25949,5489,20460
"Gm30847",55819,4448,51371
"Igfbp2",27995,1478,26517
"Igfbp5",16801,5854,10947
"Gm9551",864,864,0
"Gm31047",15881,3519,12362
"Gm17846",1591,1591,0
"Gm31137",21188,429,20759
"Tnp1",826,427,399
"1700027A15Rik",9473,571,8902
"Gm31254",2109,931,1178
"LOC105243957",168670,574,168096
"Gm31197",7337,199,7138
"Gm31344",18302,6378,11924
"Pinc",16185,1560,14625
"D530049I02Rik",31812,551,31261
"Gm9553",972,972,0
"LOC102633705",7202,952,6250
"6030407O03Rik",246086,1801,244285
"Gm29183",15751,2273,13478
"Mir6351",99,99,0
"Tns1",214305,13198,201107
"LOC105243958",1988,1883,105
"Gm31637",1766,1203,563
"Rufy4",23613,3355,20258
"Cxcr2",7253,3122,4131
"Cxcr1",6360,3910,2450
"Mir1928",67,67,0
"Gm31691",7165,1403,5762
"Arpc2",31710,1643,30067
"Gpbar1",990,990,0
"Aamp",4899,2117,2782
"Pnkd",69096,3632,65464
"Tmbim1",16090,3639,12451
"Catip",7216,2445,4771
"Slc11a1",11044,2573,8471
"Ctdsp1",5677,2776,2901
"Mir26b",85,85,0
"Vil1",26370,3392,22978
"Usp37",108777,7454,101323
"Rqcd1",24803,3286,21517
"Plcd4",24006,4212,19794
"Zfp142",23084,8847,14237
"Bcs1l",4150,1896,2254
"Rnf25",7684,2294,5390
"Stk36",35445,5496,29949
"Ttll4",40188,8333,31855
"Cyp27a1",24751,2324,22427
"Prkag3",10669,3153,7516
"Wnt6",30979,2308,28671
"Gm29539",3774,2461,1313
"Gm32099",8165,805,7360
"Wnt10a",12158,1962,10196
"Gm32275",22720,2439,20281
"Gm16582",30212,3083,27129
"Cdk5r2",2704,2704,0
"Fev",3900,1479,2421
"Cryba2",8910,990,7920
"Mir375",64,64,0
"Ccdc108",33558,8459,25099
"Ihh",6334,2444,3890
"Nhej1",79308,860,78448
"Slc23a3",9683,3396,6287
"Cnppd1",7519,3373,4146
"Fam134a",5124,2557,2567
"Zfand2b",2981,1299,1682
"Abcb6",8644,2934,5710
"Atg9a",11150,4399,6751
"Ankzf1",7228,3381,3847
"Glb1l",12582,4840,7742
"Stk16",4778,3011,1767
"Tuba4a",4887,2488,2399
"A630095N17Rik",12139,1301,10838
"Dnajb2",9290,3223,6067
"Ptprn",17463,3993,13470
"Resp18",6259,790,5469
"Dnpep",9090,2216,6874
"Des",8288,3065,5223
"Gm15179",6806,676,6130
"Speg",57024,13430,43594
"Gmppa",7265,1875,5390
"Asic4",23831,2650,21181
"Gm32506",4435,1919,2516
"Chpf",4903,3235,1668
"Tmem198",6162,2185,3977
"Obsl1",20628,6405,14223
"Inha",3290,1919,1371
"Stk11ip",15807,4513,11294
"Slc4a3",13391,5681,7710
"LOC102638885",600,600,0
"Gm5257",844,844,0
"Gm32622",102436,1499,100937
"Gm29065",3230,1618,1612
"Gm32737",11236,1861,9375
"Gm17751",12896,2188,10708
"Mir6343",84,84,0
"LOC102638999",584,584,0
"Tfdp1-ps",1823,1823,0
"Epha4",147922,6375,141547
"Mir6352",116,116,0
"Gm32793",80193,12667,67526
"Gm32974",37916,2987,34929
"Gm33083",125751,1500,124251
"Gm33030",101844,703,101141
"Pax3",96281,5650,90631
"Gm33152",3069,1955,1114
"Gm2102",4016,3581,435
"Sgpp2",110789,5039,105750
"Gm33402",1465,1350,115
"Gm28410",16399,4586,11813
"Gm19072",627,627,0
"Farsb",70940,2615,68325
"Mogat1",27114,1316,25798
"LOC105243959",28350,936,27414
"5730419F03Rik",14148,1488,12660
"Acsl3",49919,3950,45969
"Utp14b",9777,3981,5796
"Gm33640",1619,1316,303
"LOC102642773",26171,3047,23124
"Gm33693",14311,1228,13083
"Gm6159",1724,1724,0
"Gm29536",432873,3267,429606
"Kcne4",3077,2463,614
"Gm5830",1717,1717,0
"Scg2",5453,2516,2937
"Gm19027",1355,1355,0
"Ap1s3",65145,3116,62029
"Wdfy1",73786,5619,68167
"Mrpl44",5428,1424,4004
"LOC105243960",4400,2107,2293
"Serpine2",66857,2271,64586
"Gm5529",1229,1229,0
"Gm28071",566,566,0
"Gm33970",1284,691,593
"Fam124b",31536,4174,27362
"2310015K22Rik",21475,2288,19187
"Gm34098",12063,1041,11022
"Cul3",75153,4503,70650
"LOC105243961",4205,4128,77
"Gm6189",2079,2079,0
"LOC105242389",69933,2006,67927
"1700016L21Rik",29729,394,29335
"Dock10",257637,9975,247662
"Nyap2",289293,13909,275384
"Gm6198",3327,3327,0
"Gm5530",1435,1435,0
"Gm7516",706,706,0
"Mir6344",104,104,0
"Irs1",58335,9163,49172
"Gm34227",16596,9192,7404
"Rhbdd1",128910,4027,124883
"Col4a4",138431,10618,127813
"Col4a3",135139,8609,126530
"LOC105243964",8713,2968,5745
"LOC105243963",5870,4314,1556
"Mff",27496,2097,25399
"LOC105243962",1793,1664,129
"Tm4sf20",11808,1503,10305
"Gm19257",1145,899,246
"Gm34286",6797,1549,5248
"Gm17764",1268,1268,0
"Gm34450",11776,8209,3567
"Agfg1",61542,7940,53602
"Gm7553",2406,2406,0
"Slc19a3",26337,3543,22794
"Gm7539",810,810,0
"Krtap28-13",980,980,0
"Ccl20",2424,879,1545
"Daw1",50836,4589,46247
"Gm6244",838,838,0
"Sphkap",152947,7520,145427
"Gm6374",1773,1773,0
"4933436I20Rik",68043,1508,66535
"Pid1",248383,2786,245597
"Gm18304",543,543,0
"Mir6353",113,113,0
"Dner",326383,3632,322751
"Mir5126",77,77,0
"Trip12",128820,12041,116779
"Fbxo36",60647,1780,58867
"Slc16a14",29825,3942,25883
"LOC105243965",746,349,397
"Gm15433",7568,3097,4471
"Rpl19-ps1",702,702,0
"Gm7582",2510,2510,0
"Gm2389",1489,1489,0
"Gm18342",10577,10577,0
"A530032D15Rik",22363,4553,17810
"Gm35498",6079,516,5563
"LOC102638555",160443,2059,158384
"LOC102638435",23580,1781,21799
"Gm7609",15804,3327,12477
"C130026I21Rik",29281,2923,26358
"LOC105243967",24087,674,23413
"LOC105243966",4214,490,3724
"Gm16026",10178,1144,9034
"LOC105243968",13747,1001,12746
"Gm2666",43997,2192,41805
"Gm31483",3440,236,3204
"Gm2427",28647,1611,27036
"LOC101055758",19505,3681,15824
"Sp110",33151,3263,29888
"Sp140",44407,2554,41853
"LOC102634459",1482,1022,460
"Sp100",60159,4634,55525
"A630001G21Rik",19574,2183,17391
"LOC105246646",263,134,129
"Mir8096",127,127,0
"9930111H07Rik",9424,821,8603
"Cab39",58168,4031,54137
"Itm2c",14189,2024,12165
"Gm32302",6734,1303,5431
"Gm32156",1928,1252,676
"4933407L21Rik",3274,1148,2126
"Gpr55",58362,5689,52673
"LOC105246647",16228,1005,15223
"Gm18180",1484,1484,0
"LOC105246648",2232,2148,84
"Spata3",12119,2709,9410
"2810459M11Rik",9594,3331,6263
"Psmd1",74677,3256,71421
"Htr2b",16117,6065,10052
"Armc9",123553,8670,114883
"Gm16341",20729,2427,18302
"Gm28626",1975,1630,345
"B3gnt7",4085,2595,1490
"Gm5258",2167,483,1684
"Ncl",14737,8706,6031
"Snora75",116,116,0
"Gm24148",147,147,0
"Snord82",68,68,0
"C130036L24Rik",8391,1266,7125
"Nmur1",1817,1218,599
"1700019O17Rik",1721,1721,0
"Gm32700",11515,591,10924
"Gm32758",7948,1513,6435
"LOC105246649",7403,1114,6289
"Rpl30-ps6",459,459,0
"Ptma",3963,1192,2771
"Pde6d",39781,1386,38395
"Cops7b",23599,2527,21072
"LOC105246650",17176,780,16396
"Nppc",4281,1042,3239
"Dis3l2",346319,3274,343045
"Gm32879",4589,4543,46
"Gm6136",947,947,0
"LOC105246651",7809,3538,4271
"Gm28375",10937,498,10439
"Akp-ps1",2976,2976,0
"LOC105246652",673,562,111
"Gm29371",18333,2160,16173
"Alppl2",9561,2687,6874
"Alpi",3605,2337,1268
"Akp3",2905,1680,1225
"Ecel1",14212,6831,7381
"Gm33292",21333,423,20910
"Prss56",5312,2294,3018
"Chrnd",9474,2965,6509
"Chrng",6600,2685,3915
"Eif4e2",26579,8791,17788
"Efhd1",46532,1909,44623
"LOC105246653",15665,671,14994
"Gigyf2",123830,6528,117302
"Kcnj13",8446,1349,7097
"3110079O15Rik",5267,533,4734
"Ngef",97042,3384,93658
"Gm6153",1798,1798,0
"Neu2",23819,2359,21460
"Inpp5d",100199,5173,95026
"Gm33470",25114,833,24281
"Gm33517",12175,1478,10697
"Atg16l1",36423,3311,33112
"Scarna6",248,248,0
"Sag",41479,1906,39573
"LOC102642389",5093,1254,3839
"Dgkd",91218,8583,82635
"Gm19582",2682,2570,112
"Usp40",63457,7206,56251
"Gm5832",1879,1879,0
"Gm15375",858,858,0
"LOC100418104",24024,24024,0
"Ugt1a10",164592,3242,161350
"Ugt1a9",149224,3216,146008
"Ugt1a7c",125002,3294,121708
"Ugt1a6b",115742,2293,113449
"LOC100418105",834,834,0
"Ugt1a6a",85194,3302,81892
"LOC100418106",844,844,0
"LOC100418107",796,796,0
"Ugt1a5",53991,3208,50783
"Gm15368",849,849,0
"Gm15376",804,804,0
"Ugt1a2",19392,3206,16186
"Dnajb3",1017,1017,0
"Ugt1a1",8044,3229,4815
"Mroh2a",35302,8605,26697
"Hjurp",18778,8493,10285
"Trpm8",82142,4299,77843
"4930453O03Rik",4786,1695,3091
"Spp2",21334,979,20355
"Gm29538",19234,1229,18005
"Gm28888",37645,3870,33775
"Glrp1",10196,1957,8239
"Gm19589",10650,2622,8028
"LOC105246654",3269,1242,2027
"Arl4c",3967,3967,0
"2410088K16Rik",844,476,368
"Gm4753",1333,1333,0
"Gm34194",39880,3930,35950
"1700067G17Rik",6098,603,5495
"Gm18699",601,601,0
"Sh3bp4",84623,5214,79409
"Gm34331",4997,4760,237
"Gm5259",858,858,0
"C030007H22Rik",45792,591,45201
"LOC105246655",6612,1375,5237
"Agap1",440472,9581,430891
"Gm34467",2378,2333,45
"LOC105246657",26350,6554,19796
"LOC105246656",8038,2494,5544
"4933400F21Rik",7386,3611,3775
"Gbx2",3215,2126,1089
"LOC102637806",4228,1350,2878
"Asb18",62372,4044,58328
"LOC105246658",4000,2052,1948
"Gm34616",3134,2503,631
"Iqca",111270,3423,107847
"4930434B07Rik",5938,1362,4576
"Ackr3",11745,2321,9424
"Gm34930",14391,2249,12142
"LOC105246659",13890,2537,11353
"LOC102638195",20060,5213,14847
"Gm34992",114035,2808,111227
"LOC105246660",50722,3896,46826
"Gm35048",18177,3000,15177
"LOC105246661",20811,1368,19443
"LOC105246662",34779,820,33959
"Gm35192",410,333,77
"Cops8",9917,1843,8074
"Gm35242",5941,3837,2104
"Gm9991",5190,1202,3988
"Gm35332",17047,1031,16016
"LOC105246663",5253,3363,1890
"Col6a3",77112,10841,66271
"Gm35381",21371,1419,19952
"Mlph",36121,4562,31559
"Prlh",3114,1279,1835
"Rab17",11542,2004,9538
"Lrrfip1",130487,6503,123984
"Rbm44",25827,4025,21802
"Gm35443",295,295,0
"Gm7776",876,876,0
"Ramp1",45375,4056,41319
"Ube2f",36211,2359,33852
"LOC102639127",4185,4185,0
"Scly",22786,2400,20386
"Espnl",27140,6356,20784
"Klhl30",11332,3020,8312
"Fam132b",8056,3083,4973
"Ilkap",24996,3393,21603
"1700020N18Rik",1151,547,604
"Hes6",2396,2081,315
"Per2",43415,6012,37403
"Gm35591",19514,11295,8219
"Gm28382",5993,2025,3968
"Gm19085",2281,2281,0
"Traf3ip1",34718,5002,29716
"Asb1",20132,7385,12747
"Gm28380",16531,3571,12960
"Twist2",46551,1312,45239
"Hdac4",251607,10260,241347
"LOC105246664",9225,594,8631
"Gm35992",14064,1303,12761
"Ndufa10",34051,1220,32831
"Mir6900",60,60,0
"Olfr1416",939,939,0
"Olfr1415",936,936,0
"Olfr1414",7468,1189,6279
"Olfr1413",1082,1082,0
"Olfr1412",966,966,0
"Olfr1411",972,972,0
"Olfr1410",969,969,0
"Olfr12",1121,1121,0
"Myeov2",4841,711,4130
"Otos",4624,2427,2197
"LOC102641120",16521,1326,15195
"Gm36102",8937,1012,7925
"Gpc1",28526,4281,24245
"Mir149",66,66,0
"Ankmy1",43143,4885,38258
"Gm36184",3959,3749,210
"Dusp28",1632,1491,141
"5033417F24Rik",2547,2104,443
"Rnpepl1",9761,3872,5889
"9430060I03Rik",17065,1689,15376
"Capn10",13541,2877,10664
"Gpr35",35530,5767,29763
"Gm36424",784,453,331
"Gm18697",673,673,0
"Aqp12",5936,1088,4848
"Kif1a",86436,8616,77820
"Gm36472",1085,744,341
"Agxt",10182,1553,8629
"2310007B03Rik",9620,2406,7214
"E030010N08Rik",62645,8926,53719
"Sned1",65251,9544,55707
"Mir6901",62,62,0
"Mterf4",6755,3410,3345
"LOC105246665",2834,623,2211
"Pask",33914,8038,25876
"Ppp1r7",23975,3835,20140
"Mir6902",64,64,0
"Mir6345",128,128,0
"Ano7",30509,4224,26285
"Hdlbp",72978,7047,65931
"Sept2",30767,3600,27167
"Farp2",109873,3912,105961
"LOC105246666",4387,3092,1295
"Gm18874",541,541,0
"Stk25",33466,3590,29876
"Bok",10069,1432,8637
"Thap4",49449,2268,47181
"Atg4b",34497,3297,31200
"Dtymk",9359,1310,8049
"Ing5",20051,6221,13830
"D2hgdh",27551,4168,23383
"Gal3st2",15151,2846,12305
"Gm30204",8895,451,8444
"Gm18666",9960,9960,0
"Gm9994",24209,2865,21344
"Gm7889",18066,1093,16973
"Gm6086",21031,4174,16857
"Neu4",7889,4642,3247
"Pdcd1",14249,1930,12319
"Gm7891",1565,1203,362
"Gm7895",1184,1184,0
"4930440C22Rik",5031,1565,3466
"Gm5264",850,850,0
"Fam174a",21657,2107,19550
"Gm15427",603,603,0
"Rnu7-ps2",63,63,0
"St8sia4",79968,5732,74236
"Gm30431",5784,1659,4125
"4930598F16Rik",15335,761,14574
"1700063A18Rik",31100,356,30744
"LOC105246667",13449,1219,12230
"Gm30490",1656,114,1542
"4930533P14Rik",50517,583,49934
"Gm1833",751,751,0
"Slco4c1",53388,2394,50994
"Panct2",10916,4818,6098
"Slco6b1",91385,2475,88910
"Gm9499",1171,1171,0
"Gm6430",2156,2156,0
"Slco6c1",68894,2535,66359
"Gm7133",147856,2735,145121
"Gm7135",132910,2761,130149
"LOC105246668",5402,4726,676
"D1Ertd622e",18117,3768,14349
"Ppip5k2",64208,6516,57692
"Gin1",23543,2889,20654
"Pam",274542,4112,270430
"LOC105246670",12727,3339,9388
"Gm31771",14446,962,13484
"Gm3531",846,846,0
"B230216N24Rik",16671,1178,15493
"LOC105246669",6200,4411,1789
"1810006J02Rik",13189,1687,11502
"Gm29461",17271,4396,12875
"Gm7952",763,763,0
"Slco6d1",95901,3165,92736
"Gm3555",2284,2284,0
"Gm7967",175558,692,174866
"Gm18248",1932,1932,0
"Cntnap5b",713820,6036,707784
"Tdpx-ps1",896,896,0
"Gm19029",570,570,0
"LOC105246671",2522,1005,1517
"Gm18700",559,559,0
"Gm18185",667,667,0
"Gm20268",19435,886,18549
"Gm31973",17477,952,16525
"Psmb6-ps2",814,814,0
"Gm18969",730,730,0
"Gm3116",388554,388554,0
"LOC102634495",269,269,0
"Gm18728",598025,598025,0
"LOC105246672",18296,262,18034
"Gm18447",605,605,0
"Gm5260",766,766,0
"Cdh20",226663,3722,222941
"LOC105246673",9263,427,8836
"Gm29012",11495,1051,10444
"Rnf152",79794,9142,70652
"Gm17634",5483,1144,4339
"LOC105246674",27364,516,26848
"Gm3608",2958,2958,0
"Pign",145301,8410,136891
"LOC102634805",460,460,0
"Gm8004",667,667,0
"2310035C23Rik",91289,5538,85751
"Gm10193",387,387,0
"Tnfrsf11a",67259,5022,62237
"LOC105246675",13651,1654,11997
"LOC105246676",30663,664,29999
"Gm18801",536,536,0
"Gm7160",10946,484,10462
"Zcchc2",43672,6676,36996
"LOC105246677",18267,3131,15136
"Gm20753",18900,545,18355
"Phlpp1",222377,6104,216273
"Gm6651",324,324,0
"LOC105246678",9312,5721,3591
"Bcl2",176113,7750,168363
"Mir3473f",136,136,0
"LOC105246679",11190,11156,34
"Kdsr",39421,5809,33612
"Vps4b",25938,3272,22666
"Serpinb5",22234,2766,19468
"Pou2f3-rs1",2184,2184,0
"Serpinb12",22632,1735,20897
"Serpinb13",20212,1607,18605
"Rn4.5s-ps1",297,297,0
"Gm8080",5189,1155,4034
"Serpinb3a",6717,1629,5088
"Serpinb3d",5963,1253,4710
"Gm15388",723,723,0
"Serpinb3b",7154,1632,5522
"Gm8084",1186,1186,0
"Serpinb3c",7171,1659,5512
"Gm32560",1559,667,892
"Gm8089",10433,408,10025
"Serpinb11",18162,1699,16463
"Serpinb7",53204,2149,51055
"Serpinb2",24709,2229,22480
"Serpinb10",31742,5312,26430
"Gm18249",1775,1775,0
"Serpinb8",20548,4864,15684
"Gm15389",6507,666,5841
"D830032E09Rik",33689,2219,31470
"Gm18448",608,608,0
"LOC105246681",13359,280,13079
"LOC105246680",6634,467,6167
"Gm5702",2792,2792,0
"Gm6679",1869,1869,0
"Gm17847",1280,1280,0
"Gm8141",1953,1953,0
"Cdh7",159591,7947,151644
"LOC105246682",1620,468,1152
"Gm18552",541,541,0
"Gm3332",921,921,0
"Gm6693",813,813,0
"Cdh19",89592,4671,84921
"LOC102635409",7929,251,7678
"Gm8173",3057,2177,880
"Dsel",6218,5764,454
"Gm6028",698,698,0
"Gm17752",8190,7237,953
"Gm6717",852,614,238
"Gm19086",1000,1000,0
"Gm29691",1371,1030,341
"Gm32810",25510,10638,14872
"Gm18506",702,702,0
"Gm18406",676,676,0
"LOC105246683",95401,211,95190
"Gm8204",2169,2169,0
"LOC105246684",3700,226,3474
"Gm17946",539,539,0
"Gm18181",801,801,0
"Gm32985",4402,413,3989
"LOC105246685",27193,257,26936
"Gm33042",2902,538,2364
"Gm4854",607,607,0
"Gm17916",1175,1175,0
"Cntnap5a",902827,11284,891543
"Gm17777",1287,1287,0
"Zfp813-ps",22905,22905,0
"Gm18182",4502,4502,0
"B020011L13Rik",22225,2709,19516
"Gm7195",1601,1601,0
"Gm7200",1165,1165,0
"Tsn",12616,3040,9576
"Nifk",11989,1894,10095
"Gm28867",3629,653,2976
"Clasp1",220405,8669,211736
"2900060B14Rik",597,597,0
"Tfcp2l1",57246,9292,47954
"Gli2",219559,7692,211867
"Mir6346",81,81,0
"LOC105246686",33813,3855,29958
"Gm8321",1186,1186,0
"Gm3508",795,795,0
"Gm33388",15314,3040,12274
"Inhbb",6784,4255,2529
"LOC105246687",1194,612,582
"Gm33490",3979,562,3417
"Gm33575",1542,666,876
"LOC105242517",804,259,545
"Ralb",34478,2313,32165
"Tmem185b",2830,2830,0
"3830432H09Rik",6686,2414,4272
"Epb4.1l5",104105,12461,91644
"Ptpn4",185076,10822,174254
"Gm8338",899,899,0
"Gm3551",728,728,0
"Gm28209",29205,7617,21588
"Tmem177",5279,3301,1978
"Cfap221",74132,5336,68796
"Gm17973",518,518,0
"Gm33817",1768,774,994
"Sctr",56659,4835,51824
"Gm33764",4843,3936,907
"LOC105246688",5980,392,5588
"Tmem37",6693,1306,5387
"LOC105246689",13853,2402,11451
"LOC105246690",15560,523,15037
"Dbi",7817,745,7072
"3110009E18Rik",67076,2792,64284
"Steap3",44669,3304,41365
"C1ql2",2593,2000,593
"Marco",30547,1985,28562
"LOC105246691",2850,418,2432
"En1",5601,2692,2909
"Gm34352",8352,2430,5922
"2610027F03Rik",149181,8476,140705
"LOC105246692",37455,341,37114
"Gm34584",16651,2905,13746
"Gm34641",27953,596,27357
"Gm34698",23688,488,23200
"Celrr",33571,1580,31991
"LOC105246693",22723,920,21803
"Insig2",29302,4646,24656
"2210011K15Rik",6343,3369,2974
"Gm35243",3423,1640,1783
"Ccdc93",75394,7256,68138
"Gm34815",2067,2067,0
"Htr5b",19555,3044,16511
"Ddx18",14151,2405,11746
"Gm15394",1334,1334,0
"Gm8392",832,832,0
"Gm28590",47036,1609,45427
"Gm8403",1262,1262,0
"Dpp10",1513823,5075,1508748
"LOC105246695",4246,2944,1302
"Gm28929",2876,2876,0
"Gm18875",879,879,0
"LOC105246694",12704,8273,4431
"Gm35355",12403,322,12081
"Actr3",42823,2746,40077
"Slc35f5",35367,3314,32053
"Gm18444",1128,1128,0
"Gpr39",196867,2690,194177
"LOC105246696",7778,3922,3856
"Lypd1",45552,7073,38479
"Nckap5",917262,16732,900530
"Gm35562",55849,16146,39703
"LOC105246697",8788,2299,6489
"LOC102639337",42590,1770,40820
"LOC105246698",6970,881,6089
"Gm5261",812,812,0
"Mgat5",283358,8532,274826
"Gm8451",543,543,0
"LOC105246701",4845,1860,2985
"Gm35734",55604,9275,46329
"LOC105246700",28693,3833,24860
"Tmem163",189278,3131,186147
"Gm35902",1817,1685,132
"Gm35993",22262,750,21512
"Acmsd",38152,2303,35849
"2900009J06Rik",20438,464,19974
"LOC105246699",2733,1291,1442
"Ccnt2",30674,3514,27160
"Map3k19",40652,5756,34896
"Rab3gap1",75140,4437,70703
"Zranb3",148871,15790,133081
"Gm28800",5112,3072,2040
"Gm8283",886,886,0
"Rpl28-ps1",496,496,0
"R3hdm1",134446,5186,129260
"Gm29383",966,966,0
"Mir128-1",70,70,0
"Ubxn4",35481,4380,31101
"LOC105246702",1091,971,120
"Lct",43555,6166,37389
"Mcm6",28066,2901,25165
"Dars",53710,2509,51201
"Gm6170",1790,1790,0
"LOC105246703",7052,231,6821
"Cxcr4",4117,1857,2260
"Thsd7b",945975,15058,930917
"Gm36347",7465,522,6943
"LOC100534274",1364,1364,0
"Rpl31-ps9",495,495,0
"Gm29428",2216,2216,0
"LOC105246704",6510,665,5845
"Daf2",34510,1532,32978
"Gm15674",16425,3945,12480
"LOC105246705",4376,689,3687
"Cd55",25817,4682,21135
"Gm16083",42022,3680,38342
"Zp3r",85015,4932,80083
"C4bp",25698,1904,23794
"C4bp-ps1",11370,754,10616
"Pfkfb2",40211,9621,30590
"Yod1",4747,3843,904
"AA986860",12647,2909,9738
"Gm28857",1413,780,633
"Gm28856",15154,569,14585
"Fcamr",34057,7523,26534
"LOC102640771",7057,4235,2822
"Pigr",25566,3849,21717
"Faim3",15014,1491,13523
"Il24",5340,1118,4222
"Il20",4105,824,3281
"Il19",12802,1121,11681
"LOC105246706",9043,693,8350
"Il10",5126,1306,3820
"Mapkapk2",43844,2625,41219
"Dyrk3",9794,2137,7657
"Eif2d",34490,9043,25447
"Gm30027",412,332,80
"Rassf5",68769,3789,64980
"Gm17796",1552,1552,0
"Gm29953",21779,7192,14587
"Ikbke",25026,4060,20966
"Srgap2",242119,11909,230210
"Fam72a",11884,2105,9779
"Avpr1b",12887,4148,8739
"Gm8532",2484,2484,0
"Ctse",37194,2120,35074
"5430435G22Rik",26762,4785,21977
"Gm30104",2538,2265,273
"Slc26a9",27483,4856,22627
"Pm20d1",24035,4424,19611
"Slc41a1",20852,4660,16192
"Rab29",5678,1445,4233
"Nucks1",25864,6096,19768
"Slc45a3",20058,3557,16501
"Elk4",25379,11990,13389
"Mfsd4",45257,9198,36059
"LOC105246707",2648,1638,1010
"Cdk18",26411,3390,23021
"Gm30153",766,636,130
"Gm30242",4738,2198,2540
"Gm29695",21335,9136,12199
"Lemd1",66696,2636,64060
"Mir135b",97,97,0
"Gm29630",9778,324,9454
"LOC102632560",12852,753,12099
"Gm7241",567,567,0
"Klhdc8a",8868,4405,4463
"Nuak2",17364,3341,14023
"Gm30744",3518,3107,411
"F730311O21Rik",10723,8226,2497
"Tmcc2",35493,4790,30703
"Dstyk",49779,10519,39260
"LOC102633047",12328,3255,9073
"Rbbp5",28319,3652,24667
"Tmem81",2410,1742,668
"Cntn2",33827,10011,23816
"Nfasc",177145,13165,163980
"Gm10538",3474,1879,1595
"Gm31101",607,203,404
"Lrrn2",59651,3346,56305
"Gm31159",1921,1743,178
"LOC105242414",10039,2178,7861
"Mdm4",44483,7438,37045
"Gm29257",636,636,0
"LOC105246708",9138,1317,7821
"Pik3c2b",63017,8810,54207
"Gm28609",21677,3297,18380
"Gm31273",452,418,34
"Ppp1r15b",8635,5588,3047
"Plekha6",139665,12565,127100
"Gm19461",19957,3112,16845
"Golt1a",13204,1842,11362
"Kiss1",7836,1584,6252
"Ren1",9647,1423,8224
"Etnk2",16831,2363,14468
"Sox13",41913,4530,37383
"Gm8596",851,851,0
"Snrpe",6410,492,5918
"Zc3h11a",41532,4877,36655
"Zbed6",5007,5007,0
"Lax1",14005,2983,11022
"Atp2b4",98364,8846,89518
"Mir6903",88,88,0
"LOC105246709",12618,1293,11325
"Gm28441",3184,1343,1841
"Gm31515",31370,1147,30223
"Optc",12522,5793,6729
"Prelp",19673,3991,15682
"Gm31629",29168,3551,25617
"Gm18970",938,938,0
"Fmod",10763,2859,7904
"LOC105246710",963,624,339
"Btg2",4291,3083,1208
"Gm31974",2155,1202,953
"Gm32039",4357,4004,353
"Gm8618",521,521,0
"Chit1",40300,1894,38406
"Chil1",7868,2065,5803
"Mybph",7818,2620,5198
"Adora1",36243,5819,30424
"Gm32221",4419,567,3852
"Myog",2545,1480,1065
"Ppfia4",47968,6645,41323
"Gm32267",4846,1608,3238
"Tmem183a",15905,3331,12574
"4933406M09Rik",5577,2728,2849
"Cyb5r1",6180,2644,3536
"Adipor1",16969,2522,14447
"Klhl12",35381,3339,32042
"Rabif",13226,1960,11266
"Gm29376",14531,3644,10887
"Mgat4e",8742,1832,6910
"Kdm5b",72706,6389,66317
"Syt2",106586,7940,98646
"Ppp1r12b",201301,12855,188446
"Gm32670",32380,3060,29320
"Ube2t",11616,1134,10482
"Lgr6",122075,7009,115066
"Ptprv",24078,6089,17989
"Ptpn7",13489,3758,9731
"Arl8a",9435,1702,7733
"Gpr37l1",7432,2253,5179
"LOC105246711",13746,1259,12487
"Gm4204",1233,1233,0
"Elf3",4992,2093,2899
"Rnpep",21725,2681,19044
"LOC102635410",475,475,0
"Timm17a",12203,917,11286
"LOC105246712",2910,678,2232
"Lmod1",43253,3942,39311
"Shisa4",4221,1665,2556
"Ipo9",48188,6609,41579
"Nav1",253537,14763,238774
"Mir1231",81,81,0
"Gm32940",20905,7910,12995
"LOC105246713",1140,1083,57
"Gm4793",15349,4801,10548
"Gm32835",3642,2078,1564
"Gm33139",5514,2889,2625
"Csrp1",23033,1770,21263
"Phlda3",3050,1467,1583
"Tnni1",27955,1510,26445
"Lad1",14744,2992,11752
"Tnnt2",15953,1303,14650
"Pkp1",47967,4823,43144
"Igfn1",87638,9714,77924
"Tmem9",26812,1750,25062
"Ascl5",567,567,0
"Cacna1s",67018,6578,60440
"Gm15850",3465,508,2957
"Kif21b",46641,9329,37312
"Mroh3",31781,6022,25759
"5730559C18Rik",20768,5589,15179
"Gm3878",8582,1564,7018
"Gpr25",1960,1960,0
"Camsap2",78009,7931,70078
"9230116N13Rik",3604,2097,1507
"Ddx59",40920,3048,37872
"Kif14",89649,10209,79440
"Gm29486",1337,1337,0
"Gm29485",2158,955,1203
"Gm33994",3818,2794,1024
"Zfp281",5491,5275,216
"Gm34056",12289,658,11631
"LOC105246714",20474,2337,18137
"Gm19705",7410,489,6921
"Gm16880",29518,1199,28319
"Mif-ps1",505,505,0
"Gm29718",808,808,0
"Gm17781",1129,721,408
"Nr5a2",117887,5092,112795
"Rnu7-ps3",64,64,0
"Gm19215",596,596,0
"Gm34244",4233,1388,2845
"Gm34306",20311,1125,19186
"Gm4258",62310,1820,60490
"LOC105246715",14165,11966,2199
"Mir181a-1",87,87,0
"Mir181b-1",80,80,0
"Gm34353",14017,2465,11552
"Ptprc",112897,5873,107024
"Gm18667",513,513,0
"Atp6v1g3",15725,1887,13838
"LOC105246716",1415,450,965
"Nek7",135674,4057,131617
"Gm5833",41981,1930,40051
"Gm8790",35529,695,34834
"Lhx9",23464,9098,14366
"2310009B15Rik",4876,571,4305
"1700019P21Rik",694,425,269
"Dennd1b",212598,8637,203961
"4930596I21Rik",1590,460,1130
"Gm18553",609,609,0
"Gm16305",565,565,0
"Gm16304",2543,2543,0
"LOC105246718",1843,553,1290
"LOC105246717",3754,1681,2073
"Crb1",181573,8603,172970
"4933436E23Rik",23401,1111,22290
"Gm34816",5585,500,5085
"Zbtb41",31289,9189,22100
"LOC105246719",11074,4196,6878
"Aspm",39319,10243,29076
"F13b",22206,2555,19651
"Cfhr1",13159,1732,11427
"Cfhr3",85803,2299,83504
"Gm4788",83321,2887,80434
"LOC105246720",2535,1548,987
"Cfhr2",48408,1602,46806
"LOC100534331",65535,65535,0
"Gm16332",58362,58362,0
"Gm5837",1634,1634,0
"Cfh",97557,4365,93192
"Kcnt2",368304,8377,359927
"4930590L20Rik",86227,551,85676
"Gm29700",493,493,0
"Gm4845",737,737,0
"Gm18183",833,833,0
"Gm5835",1379,1379,0
"Gm35244",26720,327,26393
"Gm35303",13579,836,12743
"Cdc73",95390,5164,90226
"B3galt2",9241,4578,4663
"Gm6397",1338,1338,0
"LOC102643121",2891,219,2672
"Glrx2",10455,5056,5399
"Trove2",26262,8721,17541
"Uchl5",30246,2059,28187
"LOC105246721",60173,1216,58957
"Rgs2",4812,3009,1803
"Gm35356",38038,688,37350
"Gm18449",904,904,0
"Rgs13",39987,2923,37064
"Gm35415",3409,575,2834
"Rbm6-ps2",1816,1816,0
"Rgs1",4436,1330,3106
"Gm7266",408,408,0
"Rgs21",47978,827,47151
"Rgs18",22730,2008,20722
"Gm8856",2385,2217,168
"Gm6550",1165,1165,0
"Gm5262",1216,1216,0
"Gm28392",429,429,0
"LOC105246722",4746,330,4416
"Gm5263",541,541,0
"Gm29514",72217,1479,70738
"Brinp3",406809,3856,402953
"Gm15583",4526,4526,0
"Gm17867",1034,1034,0
"Gm18505",883,883,0
"LOC105246723",3983,421,3562
"Gm4034",489,489,0
"LOC102639452",1117,431,686
"Gm5703",3864,3864,0
"Gm18751",1978,1978,0
"Gm18701",1099,1099,0
"LOC105246724",39203,2975,36228
"Pla2g4a",131667,3041,128626
"Gm19136",2044,2044,0
"Ptgs2os",25002,2994,22008
"Ptgs2",7894,4150,3744
"LOC102641173",3910,546,3364
"Ptgs2os2",5906,1745,4161
"Gm15453",1147,1147,0
"Pdc",14490,1247,13243
"2310030A07Rik",26091,610,25481
"BC003331",31745,3242,28503
"Tpr",57098,7550,49548
"Prg4",16810,4334,12476
"LOC105246725",1940,304,1636
"Ska2l-ps",426,426,0
"Gm33818",2467,303,2164
"Hmcn1",431188,18647,412541
"LOC105246726",2863,2745,118
"Gm36297",22212,1985,20227
"Gm36139",80784,1423,79361
"Gm36077",3476,1454,2022
"Gm19087",938,938,0
"Gm8941",1596,1596,0
"C730036E19Rik",6062,2640,3422
"3110040M04Rik",1713,1713,0
"Ivns1abp",20138,5227,14911
"Swt1",60753,3695,57058
"Trmt1l",29637,2794,26843
"Mir7682",58,58,0
"Rnf2",31518,3263,28255
"Gm36527",2677,2677,0
"LOC102640575",463,463,0
"Gm28181",1699,687,1012
"Fam129a",150567,6593,143974
"LOC105246727",5920,1310,4610
"LOC102640772",6195,1709,4486
"Edem3",66985,6685,60300
"LOC102640919",1102,981,121
"1700025G04Rik",205797,9999,195798
"Gm8964",867,867,0
"Gm36920",110203,3403,106800
"LOC105246728",2530,767,1763
"Tsen15",15948,1133,14815
"Colgalt2",110829,4056,106773
"Gm15618",520,520,0
"Rgl1",249584,5509,244075
"LOC105246730",8921,1010,7911
"LOC105246729",3747,3713,34
"Gm7278",1398,1398,0
"Apobec4",6994,1566,5428
"Arpc5",9039,2144,6895
"Ncf2",37012,3764,33248
"Smg7",65692,6118,59574
"Gm29954",2333,1188,1145
"Gm8976",882,882,0
"Nmnat2",164327,5596,158731
"Lamc2",63692,5300,58392
"Gm17964",808,808,0
"Lamc1",113865,7622,106243
"LOC105246731",13847,12577,1270
"Gm8818",1336,1336,0
"E330020D12Rik",10048,2827,7221
"Shcbp1l",27477,4663,22814
"Dhx9",31931,4783,27148
"Gm33903",1022,842,180
"Npl",46699,1403,45296
"Gm6652",1211,1211,0
"Rgs8",44716,6637,38079
"C230024C17Rik",16590,3337,13253
"Rgs16",5116,2335,2781
"Rnasel",19235,5714,13521
"Rgsl1",69414,8551,60863
"LOC105246732",46301,1575,44726
"Gm18184",1523,1523,0
"Teddm2",1654,1654,0
"Teddm1b",2527,2527,0
"Teddm1a",1415,1415,0
"LOC102631806",2721,1877,844
"Mir8114",111,111,0
"Glul",9795,2807,6988
"Gm30327",33586,1351,32235
"Gm30243",5558,4614,944
"LOC105246733",6258,3357,2901
"Gm30388",7701,1692,6009
"Zfp648",11730,5895,5835
"4930452N14Rik",15386,613,14773
"4930532M18Rik",14728,481,14247
"Gm30465",2398,381,2017
"Gm18727",557,557,0
"Cacna1e",493977,24048,469929
"Gm30521",23419,959,22460
"LOC105246734",2676,794,1882
"Gm30602",6520,409,6111
"LOC105246735",9889,2948,6941
"LOC105246738",11577,1674,9903
"LOC105246737",8323,2732,5591
"Gm30803",13833,1195,12638
"LOC105246736",4215,1390,2825
"Gm9530",20086,5875,14211
"Ier5",3270,3270,0
"LOC105246739",6893,352,6541
"Gm30922",8233,474,7759
"Mr1",18942,2548,16394
"Stx6",48983,4933,44050
"LOC102633086",1853,1853,0
"BC034090",33750,9621,24129
"Gm31102",13793,2005,11788
"Xpr1",141788,7651,134137
"Gm17974",503,503,0
"Gm31713",10987,821,10166
"Gm31772",10217,1047,9170
"Gm5532",10975,3036,7939
"Acbd6",129219,2890,126329
"Lhx4",53696,5731,47965
"Qsox1",34745,3361,31384
"Cep350",129472,14622,114850
"Tor1aip1",31882,4462,27420
"Tor1aip2",33198,8112,25086
"Fam163a",11933,3697,8236
"Gm30472",67077,3284,63793
"Tdrd5",50000,8059,41941
"Nphs2",17492,3478,14014
"Axdnd1",90501,3646,86855
"Gm2000",445,445,0
"Soat1",46221,4808,41413
"LOC105243983",23646,446,23200
"Gm10031",2709,2709,0
"Gm17975",532,532,0
"Abl2",91449,12488,78961
"Tor3a",20723,3268,17455
"Fam20b",40483,4563,35920
"LOC105243984",8858,506,8352
"Gm15428",893,893,0
"Ralgps2",137343,9829,127514
"Angptl1",22056,2190,19866
"LOC105243986",4138,4015,123
"LOC105243985",16245,3589,12656
"LOC105243987",7085,1134,5951
"Gm30568",22171,882,21289
"Tex35",11613,2092,9521
"Gm30694",3507,1057,2450
"Rasal2",277413,11942,265471
"Gm18302",546,546,0
"Gm19048",615,615,0
"Gm6058",618,618,0
"2810025M15Rik",7885,1194,6691
"BC026585",31579,2716,28863
"LOC105243988",1465,1279,186
"Gm15486",14239,1158,13081
"Sec16b",61693,6802,54891
"Gm30903",4913,1191,3722
"Gm34423",24969,364,24605
"Gm7412",712,712,0
"LOC105243989",77583,345,77238
"Brinp2",111264,4373,106891
"Astn1",329685,7956,321729
"Mir488",109,109,0
"Pappa2",268797,12190,256607
"LOC105243990",54091,280,53811
"4930562F17Rik",56199,1826,54373
"Gm4953",574,574,0
"Gm7430",1926,1926,0
"Rfwd2",115465,5341,110124
"Gm21053",385,385,0
"Scarna3a",118,118,0
"Mir1843b",66,66,0
"Gm31256",1678,1678,0
"Tnr",407989,12934,395055
"Gm31348",10337,3686,6651
"Gm31493",48984,3223,45761
"Gm31667",1419,620,799
"LOC105243991",2509,372,2137
"4930523C07Rik",34220,7037,27183
"4930562F07Rik",3251,887,2364
"Tnn",68664,5929,62735
"Mrps14",5927,2186,3741
"Cacybp",10526,2115,8411
"Rabgap1l",574303,21616,552687
"Mir1927",109,109,0
"Gpr52",1086,1086,0
"Gm6177",527,527,0
"Rc3h1",68566,11301,57265
"Serpinc1",24410,2525,21885
"Zbtb37",26073,6977,19096
"Gas5",3372,2554,818
"Snord47",65,65,0
"Dars2",30047,3681,26366
"Cenpl",15626,4644,10982
"Klhl20",43134,4069,39065
"Ankrd45",27961,3943,24018
"4930469G21Rik",2472,954,1518
"LOC102634048",1691,1691,0
"Gm6185",56470,56470,0
"Prdx6",11099,2489,8610
"Gm19057",1073,1073,0
"Tnfsf4",22769,1609,21160
"Tnfsf18",10634,2064,8570
"Gm31815",74240,1215,73025
"Gm5704",1387,1387,0
"Gm34601",8146,475,7671
"Gm15429",2129,2129,0
"Gm5049",1461,1461,0
"Gm31869",5102,739,4363
"Fasl",15875,5330,10545
"Suco",60550,6478,54072
"Gm7496",1206,1206,0
"Gm31925",16053,623,15430
"4930558K02Rik",40283,3899,36384
"Pigc",4248,3358,890
"Dnm3",495874,8369,487505
"2810442N19Rik",11517,919,10598
"Dnm3os",7928,7928,0
"Mir199a-2",110,110,0
"Mir214",110,110,0
"LOC105243992",6196,1842,4354
"Gm31985",10228,6212,4016
"Mettl13",14675,2793,11882
"Vamp4",28683,5431,23252
"Gm5705",1618,1618,0
"Myoc",10545,2080,8465
"7420461P10Rik",18169,1114,17055
"Prrc2c",69838,11584,58254
"Fmo4",22682,4093,18589
"Fmo1",36988,2562,34426
"Gm32197",14921,3900,11021
"Fmo2",24392,4240,20152
"Fmo6",21022,2051,18971
"Gm32279",3443,325,3118
"Fmo3",30692,2010,28682
"Gm18450",829,829,0
"Mroh9",61369,2956,58413
"Prrx1",68587,11811,56776
"LOC105243993",15897,7377,8520
"Gorab",19003,2783,16220
"Gm32333",80174,539,79635
"LOC105243994",13368,457,12911
"Rpsa-ps1",1028,1028,0
"Mettl11b",23363,2205,21158
"Gm2343",1042,1042,0
"Kifap3",154966,4196,150770
"Scyl3",27169,9397,17772
"BC055324",49061,3791,45270
"Mettl18",2353,1511,842
"Sele",18884,4064,14820
"Sell",18973,3398,15575
"Selp",34763,3438,31325
"Gm16548",3642,1241,2401
"F5",68416,7406,61010
"Slc19a2",16340,3571,12769
"Ccdc181",12250,1896,10354
"Blzf1",17685,4091,13594
"Nme7",129639,3388,126251
"LOC105243995",1345,860,485
"Atp1b1",21257,2590,18667
"Gm32391",4734,3424,1310
"Gm32459",1898,926,972
"LOC105243996",914,781,133
"Gm26685",12173,2059,10114
"Dpt",27535,1636,25899
"Gm32569",8008,1406,6602
"Gm32652",41522,3303,38219
"Gm20743",8318,1588,6730
"Xcl1",3863,502,3361
"LOC105243997",8887,1284,7603
"1700029M03Rik",737,614,123
"Gm32864",63664,920,62744
"4930568G15Rik",25314,998,24316
"Tbx19",22940,2820,20120
"Sft2d2",20093,5526,14567
"Tiprl",70193,5035,65158
"Gpr161",45573,8134,37439
"Dcaf6",131054,3825,127229
"Mpc2",20007,854,19153
"Adcy10",92910,6753,86157
"Gm6050",389,389,0
"Gm18186",1596,1596,0
"Mpzl1",42378,2373,40005
"Gm18407",833,833,0
"Rcsd1",61119,4103,57016
"Gm34767",2920,1364,1556
"Creg1",11573,2177,9396
"Cd247",90797,5801,84996
"Gm32999",19240,10854,8386
"Pou2f1",137523,13589,123934
"Gm17976",1889,1889,0
"Gm7626",436,436,0
"Gm33224",3968,3860,108
"LOC105243998",1608,1334,274
"Dusp27",29751,4025,25726
"Gpa33",36051,2293,33758
"Mael",37360,1546,35814
"Ildr2",62739,8715,54024
"Tada1",14455,2145,12310
"Pogk",16249,7423,8826
"Gm16418",384,384,0
"LOC105243999",9179,288,8891
"Gm33354",7237,1273,5964
"Gm4846",23537,3076,20461
"Gm4847",18723,3012,15711
"Fmo9",19791,3065,16726
"Gm4954",8350,8350,0
"Gm33404",12972,1510,11462
"Gm6286",864,864,0
"Gm16701",25708,936,24772
"Fam78b",89886,5714,84172
"Gm33503",5897,5771,126
"Gm33610",25626,5056,20570
"Gm33668",4462,668,3794
"Gm17868",690,690,0
"Uck2",62233,5294,56939
"LOC102636733",756,625,131
"Mir6347",101,101,0
"Tmco1",25309,4474,20835
"Aldh9a1",18540,3197,15343
"Mgst3",21414,635,20779
"Gm34207",31843,1957,29886
"Lrrc52",21106,1137,19969
"Rxrg",41262,2363,38899
"Lmx1a",160442,4200,156242
"Pbx1",312901,9435,303466
"Gm34257",33661,33598,63
"LOC105244000",20511,20470,41
"LOC105244001",20280,525,19755
"Mir6348",120,120,0
"Gm34320",70052,2954,67098
"Mir6354",116,116,0
"LOC105244002",44652,3194,41458
"Gm34421",6267,3261,3006
"Gm34477",5775,483,5292
"Gm5265",342,342,0
"Gm34535",7790,591,7199
"Nuf2",33531,2481,31050
"Gm34624",10942,782,10160
"Gm18900",584,584,0
"Rgs5",38026,1809,36217
"Rgs4",6166,2941,3225
"LOC105244003",8479,1400,7079
"LOC105244004",2560,1152,1408
"1700084C01Rik",6722,2782,3940
"Hsd17b7",19704,5581,14123
"3110045C21Rik",2988,1135,1853
"Ddr2",138530,8809,129721
"Uap1",32970,2557,30413
"Uhmk1",16643,2529,14114
"Sh2d1b2",18717,399,18318
"Sh2d1b1",8339,1433,6906
"Gm7694",9978,5671,4307
"1700015E13Rik",3265,713,2552
"Nos1ap",272436,7069,265367
"LOC105244005",7350,5618,1732
"Gm7299",682,682,0
"Olfml2b",38367,3210,35157
"Atf6",163315,7830,155485
"Gm29733",1011,1011,0
"Dusp12",11525,1559,9966
"Fcrlb",7009,2771,4238
"Fcrla",9997,1734,8263
"Gm2962",480,480,0
"LOC105244006",7529,5778,1751
"Fcgr2b",15514,1547,13967
"LOC102638466",10279,1151,9128
"Gm34968",1894,1666,228
"Fcgr4",10836,1250,9586
"Gm35090",789,505,284
"Fcgr3",14765,2062,12703
"Mir6546",62,62,0
"Cfap126",13224,1877,11347
"Sdhc",21447,1179,20268
"Mpz",10413,2048,8365
"Pcp4l1",23005,1575,21430
"Nr1i3",4911,2347,2564
"Tomm40l",4713,2921,1792
"Apoa2",1369,564,805
"Fcer1g",4778,658,4120
"Ndufs2",12253,1606,10647
"Adamts4",9501,3673,5828
"B4galt3",6568,1998,4570
"Ppox",4213,2690,1523
"Usp21",6013,2185,3828
"Ufc1",6419,964,5455
"Rpl27-ps1",527,527,0
"LOC105244007",6714,4562,2152
"Dedd",13973,4172,9801
"Nit1",3409,1719,1690
"Pfdn2",12472,622,11850
"Klhdc9",2350,1555,795
"Pvrl4",18115,3504,14611
"LOC105244008",1233,1057,176
"Arhgap30",21281,4488,16793
"Usf1",7456,2039,5417
"Tstd1",1320,551,769
"Gm26641",14270,1090,13180
"F11r",27033,2482,24551
"LOC105244036",12168,3864,8304
"Alyref2",1273,1273,0
"Itln1",17203,1200,16003
"Gm35200",3526,2030,1496
"LOC105244009",4202,743,3459
"Cd244",26574,4208,22366
"Ly9",18798,2591,16207
"Slamf7",20635,6392,14243
"Mir7683",61,61,0
"Cd48",23837,1528,22309
"Gm19030",552,552,0
"Slamf1",34053,2825,31228
"Cd84",51022,6490,44532
"LOC105244010",6056,761,5295
"Slamf6",35972,8116,27856
"Vangl2",22955,3419,19536
"Nhlh1",5305,2487,2818
"Ncstn",16737,2935,13802
"Copa",39804,4770,35034
"Pex19",9754,3173,6581
"Gm10171",1073,1073,0
"Dcaf8",48379,4696,43683
"Pea15a",10054,2692,7362
"Gm17224",6865,3739,3126
"Casq1",10002,1874,8128
"Atp1a4",34917,3692,31225
"Gm4816",1062,1062,0
"LOC102638773",28774,339,28435
"Atp1a2",26356,6227,20129
"LOC105244011",1403,578,825
"Igsf8",7435,2278,5157
"Kcnj9",8831,3900,4931
"Kcnj10",32876,5506,27370
"Pigm",7569,7569,0
"Slamf9",20074,1271,18803
"Gm35473",1940,1486,454
"Gm7804",792,792,0
"Gm35522",2163,2018,145
"Igsf9",17102,4535,12567
"Tagln2",7130,1382,5748
"LOC105244012",6967,5332,1635
"Cfap45",24741,2025,22716
"4933439K11Rik",9187,941,8246
"Vsig8",7780,2421,5359
"Slamf8",9815,2663,7152
"Fcrl6",21683,4382,17301
"Dusp23",2206,1417,789
"LOC102641637",12490,560,11930
"Gm35601",50963,8812,42151
"Crp",1911,1698,213
"Gm19059",2687,2687,0
"Apcs",1094,984,110
"Gm35686",30236,2027,28209
"Olfr16",1050,1050,0
"Gm35742",7576,1105,6471
"Olfr1409-ps1",932,932,0
"Olfr1408",933,933,0
"Olfr1407-ps1",1184,1184,0
"Olfr1406",1063,1063,0
"Olfr218",942,942,0
"Olfr1404",1034,1034,0
"Fcer1a",5964,1031,4933
"Olfr418-ps1",991,991,0
"Mptx2",3296,694,2602
"Ackr1",1618,1158,460
"Cadm3",33442,4261,29181
"Aim2",116795,8946,107849
"LOC102639543",22901,5232,17669
"BC094916",14647,1294,13353
"Pydc4",32708,5712,26996
"Pyhin1",17070,3497,13573
"Pydc3",24765,3138,21627
"Gm18752",2679,2679,0
"Gm7871",3004,696,2308
"AI607873",18411,3671,14740
"Ifi204",19776,2445,17331
"Gm16340",28280,4903,23377
"Mndal",23041,5611,17430
"Gm21031",1908,1908,0
"Mnda",16706,1789,14917
"Ifi203",22448,6654,15794
"Ifi202b",20276,1796,18480
"Gm18445",15047,15047,0
"Ifi205",19758,1613,18145
"Olfr433",1004,1004,0
"Olfr432",939,939,0
"Olfr431-ps1",909,909,0
"Olfr430",954,954,0
"Olfr429",943,943,0
"Olfr428-ps1",392,392,0
"Olfr427",948,948,0
"Olfr1528-ps1",690,690,0
"Olfr231",924,924,0
"Olfr424",948,948,0
"Olfr258-ps1",892,892,0
"Olfr421-ps1",1050,1050,0
"Olfr420",1046,1046,0
"Gm36196",4051,780,3271
"Spta1",75674,8606,67068
"Olfr419",1088,1088,0
"Mptx1",2360,803,1557
"Olfr417",930,930,0
"Olfr416-ps1",1137,1137,0
"Olfr248",1010,1010,0
"Olfr414",955,955,0
"Olfr220",978,978,0
"Fmn2",320905,6442,314463
"Gm18408",787,787,0
"LOC105244014",5704,4976,728
"Grem2",88131,3987,84144
"Rgs7",434163,3616,430547
"Fh1",24258,1632,22626
"Kmo",28661,2498,26163
"Opn3",30482,1840,28642
"Chml",6117,6117,0
"LOC105244015",3615,646,2969
"Wdr64",117166,3861,113305
"Gm36360",9138,865,8273
"Exo1",30636,5677,24959
"Becn2",1897,1789,108
"Pld5",317717,8641,309076
"B020018G12Rik",726,726,0
"Gm17965",514,514,0
"Gm36536",97159,955,96204
"Gm36586",17256,580,16676
"Gm17966",538,538,0
"Cep170",80521,7249,73272
"Mir350",99,99,0
"Sdccag8",205912,3319,202593
"Hmga2-ps1",1510,1510,0
"Gm15423",32244,11169,21075
"Akt3",238214,9887,228327
"Gm36683",3880,2243,1637
"Gm36904",98743,8563,90180
"LOC105244037",1101,608,493
"Zbtb18",8409,5680,2729
"Gm29856",4067,3277,790
"LOC100534272",1218,1218,0
"Gm30013",29758,3339,26419
"2310043L19Rik",1402,698,704
"Gm30115",23060,495,22565
"1700016C15Rik",25185,1157,24028
"Adss",33517,2738,30779
"Gm16585",676,676,0
"Gm7068",153835,5558,148277
"Gm16432",56857,1663,55194
"Gm30473",105605,3018,102587
"Gm8010",1593,1593,0
"Desi2",65368,6600,58768
"Gm8023",1173,1173,0
"LOC105244017",442,442,0
"B230369F24Rik",1733,1733,0
"Cox20",3541,448,3093
"Hnrnpu",16703,7478,9225
"Efcab2",77370,2539,74831
"Gm31289",9844,615,9229
"LOC105244018",3676,428,3248
"Kif26b",413460,16363,397097
"LOC105244020",8755,6072,2683
"LOC105244019",10834,10834,0
"Smyd3",566093,10860,555233
"Gm31405",701,701,0
"Gm31349",3130,1974,1156
"Gm5561",647,647,0
"Tfb2m",18256,2641,15615
"Cnst",81125,4801,76324
"Sccpdh",18954,1922,17032
"Gm1305",49831,3754,46077
"Ahctf1",59122,9242,49880
"Gm31668",12328,453,11875
"Cdc42bpa",205514,10139,195375
"LOC105244022",3354,1383,1971
"Adck3",30783,4557,26226
"LOC105244023",10474,3288,7186
"Psen2",36473,2195,34278
"Gm31728",25405,2335,23070
"LOC105244025",5873,544,5329
"Gm5069",3581,3581,0
"Itpkb",94327,7101,87226
"Gm31926",19364,2223,17141
"LOC105244024",10889,10143,746
"6330403A02Rik",51147,6572,44575
"Gm31986",37371,1702,35669
"Parp1",32280,3827,28453
"Mir6904",67,67,0
"Lin9",49538,3303,46235
"Mixl1",16013,2828,13185
"Gm8101",513,513,0
"Acbd3",28162,3471,24691
"LOC105244026",6796,2236,4560
"LOC102634584",14660,1178,13482
"H3f3a",11036,1076,9960
"G370120E05Rik",2807,2807,0
"Sde2",16963,3189,13774
"LOC102238517",456,456,0
"Gm18036",507,507,0
"LOC105244027",10347,1777,8570
"Lefty2",5985,2462,3523
"Pycr2",3815,1599,2216
"Gm32199",2352,1909,443
"LOC105244028",16259,2408,13851
"Lefty1",3363,1604,1759
"Tmem63a",33882,4671,29211
"Ephx1",27940,1665,26275
"9130409I23Rik",54150,2058,52092
"LOC105244030",21450,2045,19405
"Gm17967",647,647,0
"LOC105244029",2714,808,1906
"Gm6606",2458,2458,0
"Nvl",57076,10154,46922
"Fgfr3-ps",3638,3638,0
"Cnih4",18659,3863,14796
"Wdr26",38753,7428,31325
"LOC102643210",24408,5941,18467
"A430110L20Rik",2550,2550,0
"Rpl35a-ps2",439,439,0
"Gm8146",2055,2055,0
"LOC105244032",1384,274,1110
"LOC105244031",23736,927,22809
"Cnih3",108014,2727,105287
"Gm16547",2296,413,1883
"Ccdc121",1819,1819,0
"Gm32767",5019,1568,3451
"Dnah14",238972,14815,224157
"Gm33612",5432,309,5123
"Lbr",27087,3766,23321
"Gm33669",8699,2329,6370
"Enah",123597,13593,110004
"LOC102642986",31478,3281,28197
"LOC105244033",17682,930,16752
"Gm33725",16439,3034,13405
"Srp9",7679,1388,6291
"Gm17968",784,784,0
"Vmn1r1",921,921,0
"LOC105244034",4485,4410,75
"Degs1",6990,2005,4985
"1700047M11Rik",2456,686,1770
"Fbxo28",28505,4913,23592
"Gm5706",1209,1209,0
"Trp53bp2",53270,4370,48900
"Capn2",50225,3185,47040
"Gm8197",941,941,0
"Capn8",69709,6245,63464
"Ccdc185",2055,2055,0
"Susd4",132732,3539,129193
"LOC105244035",2208,664,1544
"Tlr5",21257,3199,18058
"Gm33747",10730,4545,6185
"Disp1",135273,5215,130058
"BC085271",1579,1579,0
"Gm34287",17498,555,16943
"Brox",20933,3969,16964
"Aida",27442,3293,24149
"Mia3",43330,6678,36652
"Gm34102",4279,1660,2619
"Taf1a",21317,2475,18842
"Hhipl2",23125,4080,19045
"Gm33973",10604,1280,9324
"LOC105244040",33964,410,33554
"Gm34068",60770,632,60138
"Gm34130",8497,2071,6426
"LOC105244041",9156,263,8893
"1700056E22Rik",967,967,0
"Dusp10",41176,2773,38403
"Gm34177",14254,995,13259
"Gm34229",3447,1097,2350
"1700112H15Rik",29851,778,29073
"Rpl21-ps1",517,517,0
"4930488B22Rik",6493,1722,4771
"Hlx",5351,2149,3202
"Gm34342",7437,366,7071
"Gm34395",2893,1079,1814
"March1",24542,6246,18296
"March2",33379,3966,29413
"LOC105244065",5315,1698,3617
"Mir1981",82,82,0
"Gm34451",8508,2698,5810
"LOC105244043",5997,4978,1019
"C130074G19Rik",11111,2853,8258
"Gm34602",6059,3391,2668
"Gm17905",505,505,0
"Mark1",103149,4591,98558
"Gm34682",5024,4964,60
"LOC105244044",25601,1638,23963
"Gm34732",12389,936,11453
"LOC105244045",9189,393,8796
"Gm34797",19547,965,18582
"Rab3gap2",82659,7068,75591
"Snora36b",113,113,0
"Mir664",69,69,0
"Gm34882",4181,1721,2460
"Iars2",42758,4268,38490
"Mir194-1",67,67,0
"Mir215",112,112,0
"Bpnt1",25805,2479,23326
"Eprs",65328,5058,60270
"9630028B13Rik",12463,3406,9057
"Gm2061",8453,2761,5692
"Slc30a10",13915,5836,8079
"Gm34969",18104,1623,16481
"5033404E19Rik",709,709,0
"Gm35023",25730,1052,24678
"Gm9722",819,819,0
"LOC105244046",17056,4331,12725
"Lyplal1",29579,1640,27939
"Gm35201",16769,1495,15274
"Gm35341",12689,812,11877
"LOC105244047",7579,311,7268
"Gm35426",22621,1964,20657
"A730004F24Rik",46800,1704,45096
"Gm35546",27713,3370,24343
"Tgfb2",86247,8249,77998
"Gm35655",1822,1527,295
"Rrp15",28273,1213,27060
"A430105J06Rik",7693,5442,2251
"LOC105244049",25125,1405,23720
"1700023G09Rik",3463,1191,2272
"LOC105244048",4585,354,4231
"Gm3809",1221,1221,0
"D1Pas1",3212,3212,0
"Gm19058",568,568,0
"Spata17",205849,5463,200386
"LOC105244050",4180,2618,1562
"1700007P06Rik",2715,823,1892
"Gpatch2",154088,14624,139464
"LOC329316",15085,4146,10939
"Gm36249",6150,541,5609
"Gm36388",130590,991,129599
"Esrrg",606093,8427,597666
"LOC105244051",9697,9612,85
"9330162B11Rik",2415,2212,203
"Ush2a",703481,16466,687015
"LOC105244053",8717,529,8188
"Gm36456",25528,760,24768
"LOC105244052",17089,605,16484
"Kctd3",36774,4062,32712
"Gm36561",3839,455,3384
"Gm18698",625,625,0
"Kcnk2",194776,5275,189501
"Gm3837",596,596,0
"Gm30088",1519,961,558
"Cenpf",47500,11365,36135
"Ptpn14",148480,11645,136835
"Gm30280",1878,1878,0
"Smyd2",41888,1697,40191
"LOC105244054",5671,471,5200
"Gm30446",42580,3999,38581
"Prox1",52791,8582,44209
"LOC102632463",46985,2047,44938
"LOC105244055",6762,1119,5643
"Gm29678",13359,992,12367
"Gm30815",9515,7658,1857
"Gm30932",2852,611,2241
"LOC102633277",29457,3481,25976
"LOC105244056",4918,2166,2752
"Rps6kc1",139261,4479,134782
"Gm31321",1775,1374,401
"LOC105244057",5384,5269,115
"Angel2",21855,4496,17359
"Vash2",31658,4458,27200
"Gm31373",10153,2942,7211
"Gm8407",3146,3146,0
"Mfsd7b",20384,4239,16145
"A230020J21Rik",4431,1649,2782
"Spata45",6120,428,5692
"Tatdn3",17185,1336,15849
"Nsl1",21547,4592,16955
"Batf3",10530,712,9818
"LOC105244058",8639,247,8392
"Gm31640",2600,797,1803
"Gm31696",1857,329,1528
"Fam71a",2234,2234,0
"Atf3",13038,1977,11061
"D730003I15Rik",1280,614,666
"LOC102634085",26995,1785,25210
"Nenf",11322,658,10664
"Tmem206",26961,4204,22757
"Ppp2r5a",45061,3082,41979
"Rab11b-ps1",845,845,0
"LOC105244059",4442,974,3468
"Gm2272",587,587,0
"Gm31987",12731,1856,10875
"Gm32128",1804,1084,720
"Gm32200",29029,3993,25036
"Gm32334",4361,1731,2630
"Dtl",38170,4776,33394
"Ints7",47036,5037,41999
"LOC105244060",957,855,102
"Lpgat1",66700,8165,58535
"Gm20203",332,332,0
"LOC105244061",1872,915,957
"Nek2",12175,3795,8380
"Gm20585",698,698,0
"1700034H15Rik",13456,4362,9094
"Slc30a1",6562,5372,1190
"LOC105244062",1666,1299,367
"LOC105244063",3168,1998,1170
"Rd3",34085,6830,27255
"LOC105244064",3387,739,2648
"Gm32460",1781,1781,0
"Traf5",95397,976,94421
"Mir3473c",81,81,0
"Gm3934",801,801,0
"Rcor3",39522,4826,34696
"Gm10516",14128,2612,11516
"Gm30956",2577,2133,444
"LOC105244066",3739,2214,1525
"Kcnh1",319798,7686,312112
"Hhat",258585,3636,254949
"Gm31011",5886,2172,3714
"Gm31078",5419,2071,3348
"A730013G03Rik",2636,2636,0
"1700065J18Rik",1035,404,631
"Sertad4",11284,3723,7561
"LOC105244067",5712,5712,0
"Syt14",144630,12106,132524
"LOC105244068",5053,5013,40
"Gm31406",54669,4440,50229
"LOC105244069",51747,2208,49539
"Diexf",25883,5666,20217
"Irf6",18925,4590,14335
"A130010J15Rik",4364,4217,147
"Traf3ip3",26043,2121,23922
"Hsd11b1",42410,1551,40859
"Gm31467",28796,2914,25882
"G0s2",1029,843,186
"Lamb3",49526,4293,45233
"Camk1g",23947,2505,21442
"Gm31753",6215,588,5627
"4631405K08Rik",3751,1727,2024
"Mir205",68,68,0
"Gm31870",207785,484,207301
"Gm21362",726,726,0
"4930503O07Rik",10573,578,9995
"Gm31988",7450,414,7036
"Gm6403",2175,2175,0
"Plxna2",197041,11077,185964
"Gm19777",651,651,0
"Mir3962",64,64,0
"LOC105244070",14792,569,14223
"Cd34",22472,2621,19851
"Gm16897",21201,2491,18710
"LOC105244071",2909,816,2093
"Gm32250",10280,6214,4066
"A330023F24Rik",20510,5195,15315
"Gm32201",4623,2356,2267
"Mir29b-2",81,81,0
"Mir29c",88,88,0
"Cd46",59817,6292,53525
"Cr1l",32824,1757,31067
"Gm32313",3855,2347,1508
"Cr2",40380,7810,32570
"Gm29726",1978,780,1198
"Vmn2r-ps1",895,895,0
"Fam171a1",113608,4211,109397
"Nmt2",44666,4461,40205
"Rpp38",4082,2168,1914
"Acbd7",4830,535,4295
"Olah",55257,2101,53156
"LOC105244072",4622,1503,3119
"Meig1",13606,916,12690
"Gm35975",876,451,425
"Dclre1c",50269,8769,41500
"Suv39h2",19172,4282,14890
"Hspa14",24088,5944,18144
"Cdnf",13411,3075,10336
"Gm13182",458,458,0
"Gm13181",1254,1254,0
"Fam107b",77331,3617,73714
"Gm36031",16484,1627,14857
"Frmd4a",596349,9473,586876
"LOC102640098",56059,8563,47496
"1700080N15Rik",9077,434,8643
"LOC105244074",3167,3005,162
"LOC102639987",13065,2989,10076
"LOC105244073",39546,6005,33541
"Gm13179",8081,3263,4818
"Prpf18",30085,3605,26480
"Gm36334",722,652,70
"Gm13196",435,435,0
"Bend7",84316,5324,78992
"LOC105244075",1774,1670,104
"Gm36389",6907,1218,5689
"Gm13176",1501,1501,0
"Sephs1",28994,6013,22981
"Phyh",19748,1474,18274
"Gm13194",3693,3693,0
"LOC102640490",419,419,0
"Gm36622",2649,1140,1509
"Gm13192",316,316,0
"Ucma",9627,884,8743
"Mcm10",22125,4107,18018
"Optn",43593,2917,40676
"LOC105244076",4729,796,3933
"LOC105244077",2425,2265,160
"Ccdc3",93096,2663,90433
"Gm13198",1479,1479,0
"Gm13197",412,412,0
"Camk1d",421908,9810,412098
"Gm36906",4290,3423,867
"Gm36853",8367,666,7701
"Gm13216",702,702,0
"Gm29857",18485,367,18118
"Cdc123",50675,2200,48475
"Gm29984",5398,495,4903
"Nudt5",23712,1781,21931
"Gm13199",1493,1397,96
"Sec61a2",24451,2634,21817
"Gm13267",11065,2060,9005
"Dhtkd1",44951,3753,41198
"Upf2",105257,5793,99464
"Gm30136",3473,546,2927
"Proser2",31802,3943,27859
"Gm13384",1746,1746,0
"Gm10857",7702,2796,4906
"Echdc3",24530,1812,22718
"A230108P19Rik",128361,2500,125861
"Gm30185",2972,1194,1778
"Gm13383",6790,1137,5653
"Usp6nl",121607,5974,115633
"Gm13388",8589,4342,4247
"LOC102632465",12541,4871,7670
"LOC105244078",2404,1353,1051
"Celf2",856534,10943,845591
"5031426D15Rik",6021,6021,0
"Gm10855",7049,7049,0
"LOC105244079",2692,2655,37
"LOC101055923",599,599,0
"Gm30904",7779,770,7009
"Gm18721",668,668,0
"Gm18434",1155,1155,0
"Gm30957",28977,473,28504
"Gm13217",1365,1365,0
"1700061F12Rik",7970,883,7087
"Gm13219",115046,4759,110287
"Gata3",30873,4458,26415
"4930412O13Rik",5522,4039,1483
"9230102O04Rik",6500,737,5763
"Gm13262",11932,1846,10086
"Taf3",134058,4805,129253
"Gm31290",4581,3787,794
"LOC105244080",2669,2669,0
"Atp5c1",24481,1801,22680
"Kin",12104,1477,10627
"Itih2",36093,3122,32971
"Itih5",102994,7935,95059
"Gm31496",1928,707,1221
"LOC105244081",3114,186,2928
"Gm13261",49716,9125,40591
"Sfmbt2",224817,15777,209040
"Mir466m",84,84,0
"Mir466f-1",94,94,0
"Mir669f",121,121,0
"Mir669e",119,119,0
"Mir669b",97,97,0
"Mir669d",121,121,0
"Mir466f-2",94,94,0
"Mir669l",98,98,0
"Mir669d-2",86,86,0
"Mir466f-3",94,94,0
"Mir297-2",90,90,0
"Mir466o",84,84,0
"Mir467c",97,97,0
"Mir466b-1",82,82,0
"Mir669a-3",109,109,0
"Mir669k",127,127,0
"Mir467a-1",73,73,0
"Mir466b-8",86,86,0
"Mir669a-1",97,97,0
"Mir669g",123,123,0
"Mir669j",121,121,0
"Mir467a-2",83,83,0
"Mir466e",84,84,0
"Mir669a-4",87,87,0
"Mir467b",73,73,0
"Mir466c-1",84,84,0
"Mir669a-5",87,87,0
"Mir467a-3",83,83,0
"Mir466c-2",90,90,0
"Mir669a-6",87,87,0
"Mir467a-4",83,83,0
"Mir466b-4",90,90,0
"Mir669a-7",87,87,0
"Mir467a-5",83,83,0
"Mir466b-5",88,88,0
"Mir669p-1",87,87,0
"Mir467a-6",83,83,0
"Mir466c-3",90,90,0
"Mir669a-8",87,87,0
"Mir467a-7",83,83,0
"Mir466b-6",90,90,0
"Mir669a-9",87,87,0
"Mir467a-8",83,83,0
"Mir466b-7",88,88,0
"Mir669p-2",87,87,0
"Mir467a-9",83,83,0
"Mir466b-2",82,82,0
"Mir669a-10",87,87,0
"Mir669a-11",87,87,0
"Mir467a-10",83,83,0
"Mir466b-3",81,81,0
"Mir669a-12",87,87,0
"Mir467e",87,87,0
"Mir466p",89,89,0
"Mir467d",85,85,0
"Mir466",73,73,0
"Mir297c",98,98,0
"Mir669c",109,109,0
"Mir669a-2",97,97,0
"Mir297b",109,109,0
"Mir466d",96,96,0
"Mir669m-1",98,98,0
"Mir669m-2",98,98,0
"Mir466n",94,94,0
"Mir669o",96,96,0
"Mir466g",80,80,0
"Mir466h",81,81,0
"Mir297a-3",102,102,0
"Mir466l",121,121,0
"Mir297a-4",98,98,0
"Mir669i",127,127,0
"Mir669h",125,125,0
"Gm31729",2578,1438,1140
"Gm18547",810,810,0
"Gm13263",957,957,0
"Gm13264",23257,2011,21246
"Gm13297",920,920,0
"Gm13294",1526,1526,0
"Prkcq",128845,3670,125175
"Gm31902",14571,2197,12374
"8030442B05Rik",60135,1034,59101
"Gm13293",4618,1609,3009
"Gm31990",45130,755,44375
"Gm13292",1201,1201,0
"Gm13296",1235,1235,0
"Pfkfb3",82642,6271,76371
"Gm10851",8456,1010,7446
"Rbm17",17761,1534,16227
"Gm13260",1121,1121,0
"Il2ra",50403,4428,45975
"LOC105244083",11901,436,11465
"LOC105244082",5943,770,5173
"Il15ra",28817,2555,26262
"Fbxo18",35013,6216,28797
"Ankrd16",12575,3127,9448
"Gm34768",16814,921,15893
"Gm32204",2026,511,1515
"Gm13310",1790,1790,0
"Itga8",195365,6557,188808
"E030013I19Rik",11070,2773,8297
"Fam188a",72228,6433,65795
"Gm13321",432,432,0
"Pter",79420,3712,75708
"C1ql3",8978,3163,5815
"Rsu1",194449,1591,192858
"LOC105244084",38580,1665,36915
"Cubn",215539,11325,204214
"Trdmt1",35958,4344,31614
"LOC105244085",12892,2599,10293
"Vim",8516,1834,6682
"St8sia6",143717,8291,135426
"Ptpla",29670,3451,26219
"Stamos",3602,800,2802
"Stam",75565,5094,70471
"Tmem236",47470,3787,43683
"Mrc1",102610,5318,97292
"Mir511",79,79,0
"Slc39a12",106663,2759,103904
"Gm13266",30291,916,29375
"Gm32741",4920,2404,2516
"Cacnb2",384763,6290,378473
"Gm13268",560,560,0
"LOC102635164",1213,1213,0
"Gm10848",30430,1842,28588
"Gm13315",1981,1981,0
"Gm13269",26511,406,26105
"Gm13316",693,693,0
"Nsun6",63351,6497,56854
"Arl5b",23830,3594,20236
"Gm13313",1083,1083,0
"Gm13367",784,784,0
"Gm13366",801,801,0
"Gm13365",1538,1538,0
"Gm13368",494,494,0
"Malrd1",729079,6740,722339
"Gm6587",555,555,0
"LOC105244086",2612,2308,304
"Gm13319",2430,2430,0
"Plxdc2",399630,7041,392589
"4930515L03Rik",95049,485,94564
"Gm13326",1230,1230,0
"Gm33002",105256,6877,98379
"Gm13325",3876,3876,0
"Nebl",388047,9414,378633
"Mir6419",113,113,0
"Gm13323",672,672,0
"H2afb1",525,525,0
"Gm33085",15456,2481,12975
"A930004D18Rik",12555,3645,8910
"Gm17762",3329,3329,0
"Skida1",8812,5921,2891
"Mllt10",157216,7799,149417
"LOC105244088",6663,3726,2937
"Mir7655",58,58,0
"LOC105244087",7913,1287,6626
"Dnajc1",186519,8606,177913
"Gm13350",601,601,0
"LOC102636016",880,880,0
"Gm13355",4157,4157,0
"LOC102636124",22450,965,21485
"Gm33355",3828,272,3556
"Commd3",3755,881,2874
"Bmi1",9612,5972,3640
"BC061194",55736,2843,52893
"Gm3363",18154,1390,16764
"Gm13333",771,771,0
"Pip4k2a",156273,4047,152226
"Gm33534",1791,1182,609
"LOC105244089",2577,2502,75
"4930426L09Rik",1486,1486,0
"Gm33592",10103,713,9390
"Gm13332",1395,1395,0
"Armc3",111379,3269,108110
"4930447M23Rik",7935,2338,5597
"Msrb2",23341,1714,21627
"Gm33940",13311,777,12534
"Ptf1a",1839,1508,331
"1810010K12Rik",2967,1649,1318
"4921504E06Rik",91074,2004,89070
"LOC105244090",7380,525,6855
"Gm13348",2980,717,2263
"Gm3230",2092,2092,0
"Otud1",2529,2529,0
"Gm13347",1335,1335,0
"Etl4",900773,16149,884624
"Gm13361",2785,2785,0
"Gm13363",2790,2790,0
"Gm13360",2535,1700,835
"Gm13328",1159,1159,0
"Gm17171",34786,6440,28346
"Arhgap21",120720,12880,107840
"Gm13375",1475,1385,90
"Gm13377",94874,94874,0
"Enkur",24635,1199,23436
"Thnsl1",9625,4318,5307
"LOC105244091",1954,1274,680
"Gm13378",3579,3579,0
"Gpr158",462978,7143,455835
"Gm13379",621,621,0
"LOC105244092",22055,4974,17081
"LOC105244093",85335,994,84341
"Gm13337",1767,1767,0
"Myo3a",390750,2614,388136
"LOC102637566",321,321,0
"Gad2",72455,9459,62996
"Mir3967",68,68,0
"Gm13338",1474,363,1111
"Apbb1ip",119665,3339,116326
"LOC105244094",19822,787,19035
"Pdss1",46707,4989,41718
"Gm14441",624,624,0
"Abi1",100253,3505,96748
"Gm34626",3054,3007,47
"Acbd5",46814,4516,42298
"Mastl",39481,4974,34507
"Yme1l1",42756,4571,38185
"Gm13423",878,878,0
"4931423N10Rik",63692,6877,56815
"Gm13422",812,812,0
"Nxph2",81088,3047,78041
"Gm34769",14008,520,13488
"Spopl",65909,7042,58867
"Gm13331",1434,1434,0
"Sh3d2c-ps1",1409,1409,0
"Hnmt",46847,1901,44946
"Tbpl2",25230,1734,23496
"Il1f8",6932,790,6142
"Gm13410",1481,1481,0
"Il1f9",7092,1647,5445
"Il1f6",10285,883,9402
"Gm13409",5795,792,5003
"Il1f5",5479,1951,3528
"Il1f10",6726,571,6155
"Il1rn",14632,2818,11814
"Psd4",43663,9106,34557
"Pax8",59542,2590,56952
"Gm13415",27160,5305,21855
"Gm13418",1686,1686,0
"LOC105244095",63310,2034,61276
"Gm13416",1940,1940,0
"Cacna1b",159336,11988,147348
"Ehmt1",128875,5184,123691
"Arrdc1",9984,1830,8154
"Zmynd19",10399,2330,8069
"Dph7",11301,3413,7888
"Mrpl41",2629,2423,206
"Pnpla7",78902,5746,73156
"Gm13370",553,553,0
"LOC102638359",2295,2295,0
"Nsmf",8512,2942,5570
"Mir7664",63,63,0
"LOC105244096",2298,535,1763
"Entpd8",5574,2387,3187
"Noxa1",9539,1673,7866
"Gm13387",44250,9506,34744
"Nrarp",2582,2582,0
"Tor4a",4094,3428,666
"Nelfb",11778,2637,9141
"4933433C11Rik",6497,1894,4603
"Fam166a",7558,2107,5451
"Tubb4b",2545,1600,945
"Slc34a3",5375,2263,3112
"Rnf224",2312,2021,291
"Cysrt1",1079,781,298
"Rnf208",1333,1333,0
"Ndor1",10602,4910,5692
"Tmem203",914,914,0
"Tprn",7289,2808,4481
"Ssna1",1380,864,516
"Anapc2",13451,3017,10434
"Tmem210",1043,516,527
"Lrrc26",1283,1207,76
"Grin1",28022,4383,23639
"Grin1os",7709,2894,4815
"AA543186",5122,1696,3426
"Man1b1",19471,3742,15729
"Dpp7",5024,2636,2388
"Uap1l1",4198,1766,2432
"Sapcd2",6179,3572,2607
"Entpd2",5450,1937,3513
"Npdc1",6445,2681,3764
"Fut7",4024,2965,1059
"Abca2",19941,10765,9176
"Mir3087",56,56,0
"BC029214",6280,1947,4333
"Clic3",1934,1543,391
"Ptgds",3401,908,2493
"Gm35287",3250,943,2307
"Lcn12",3217,1921,1296
"C8g",3277,1443,1834
"Fbxw5",4705,2385,2320
"Traf2",28959,4984,23975
"LOC102638962",567,567,0
"Gm35476",9890,3916,5974
"Edf1",4261,747,3514
"Mamdc4",9049,6136,2913
"Phpt1",1441,583,858
"Gm996",4684,4684,0
"Rabl6",25429,3155,22274
"Ccdc183",9050,1725,7325
"LOC105244097",7424,751,6673
"LOC102639143",14648,1270,13378
"Tmem141",1974,1089,885
"Fcna",10778,1657,9121
"Gm35630",4776,2220,2556
"Gm33749",4658,626,4032
"Lcn8",3100,653,2447
"Lcn5",4299,1453,2846
"Lcn6",4977,1435,3542
"Lcn10",3356,1106,2250
"Obp2a",5784,1545,4239
"Bmyc",843,843,0
"Obp2b",26011,3153,22858
"Lcn3",2531,684,1847
"Glt6d1",44121,1690,42431
"Lcn11",3263,652,2611
"Gm13539",2406,596,1810
"Gm35689",1269,953,316
"Lcn9",2449,905,1544
"Sohlh1",4254,1956,2298
"Kcnt1",54483,6793,47690
"Camsap1",56615,8243,48372
"Ubac1",24824,3660,21164
"Nacc2",67277,7017,60260
"C330006A16Rik",3700,2683,1017
"1810012K08Rik",1414,990,424
"Gm35745",3820,1547,2273
"Lhx3",8038,3427,4611
"Qsox2",28276,3914,24362
"4932418E24Rik",57028,12857,44171
"Gm35807",8087,2914,5173
"Gpsm1",33632,5664,27968
"Dnlz",3993,2923,1070
"Card9",8744,2026,6718
"Snapc4",18308,6111,12197
"Gm13562",2753,1111,1642
"Sdccag3",6519,2198,4321
"Pmpca",7774,3499,4275
"Inpp5e",12971,4253,8718
"Sec16a",36732,9215,27517
"0610009E02Rik",12228,1643,10585
"Notch1",45921,9489,36432
"Mir6996",61,61,0
"Gm35978",1443,1109,334
"Gm36171",7755,1593,6162
"Egfl7",11655,1965,9690
"Mir126a",73,73,0
"Mir126b",58,58,0
"Agpat2",11361,1574,9787
"LOC105244098",11370,2459,8911
"Fam69b",26643,1719,24924
"Snhg7",3069,742,2327
"Snora43",139,139,0
"Snora17",132,132,0
"Snhg7os",5572,2326,3246
"Gm2240",3715,1629,2086
"Lcn4",3609,774,2835
"Gm13359",692,692,0
"LOC105244099",5028,721,4307
"LOC105244100",10339,821,9518
"Abo",22500,2408,20092
"Surf6",12042,2568,9474
"Med22",5411,3609,1802
"Rpl7a",2505,864,1641
"Surf1",3153,1269,1884
"Surf2",3812,1322,2490
"Surf4",13737,2939,10798
"Gm36591",5021,3304,1717
"Stkld1",19976,2679,17297
"LOC105244101",3320,229,3091
"Rexo4",10977,2434,8543
"Gm36649",5676,1344,4332
"Adamts13",36213,5681,30532
"Cacfd1",11249,4046,7203
"Slc2a6",6639,2141,4498
"Gm13397",875,875,0
"Gm13398",4180,3643,537
"Tmem8c",10526,1493,9033
"Adamtsl2",29272,3338,25934
"Gm36882",3097,2071,1026
"Fam163b",32099,2946,29153
"Dbhos",17806,4020,13786
"Dbh",17698,2282,15416
"Sardh",59940,4716,55224
"Vav2",165505,5826,159679
"Gm20071",1901,1788,113
"Brd3",62079,8564,53515
"Mir7578",82,82,0
"Gm18548",577,577,0
"Wdr5",21389,3349,18040
"LOC105244102",5062,4070,992
"Gm29962",10481,1817,8664
"LOC105244103",1244,206,1038
"Rxra",86996,5707,81289
"Gm30016",7464,5914,1550
"LOC105244104",5808,2924,2884
"Col5a1",153116,8501,144615
"Gm13372",8392,2429,5963
"Fcnb",8435,1958,6477
"F730016J06Rik",38085,13113,24972
"Gm30186",2384,1562,822
"Olfm1",37644,3428,34216
"Gm13373",89759,4712,85047
"Ppp1r26",9354,6935,2419
"1700007K13Rik",4324,804,3520
"Mrps2",5222,2350,2872
"Rpsa-ps9",1029,1029,0
"Gbgt1",26802,2763,24039
"Ralgds",39994,4205,35789
"Cel",7544,2039,5505
"Gtf3c5",17502,3143,14359
"Gfi1b",12533,1822,10711
"Tsc1",49983,8628,41355
"1700026L06Rik",7572,671,6901
"Ak8",114940,2398,112542
"Gm30672",7844,868,6976
"Mir3088",74,74,0
"Gm13386",779,779,0
"Gtf3c4",18062,7230,10832
"Ddx31",65170,3437,61733
"Barhl1",10736,8593,2143
"1700101E01Rik",127526,1342,126184
"Gm13394",1199,1199,0
"Ttf1",27458,4421,23037
"Gm13396",510,510,0
"Setx",59884,11973,47911
"Ntng2",53220,1770,51450
"6530402F18Rik",7878,4292,3586
"Med27",177981,2470,175511
"Mir133c",80,80,0
"Gm30761",4120,1641,2479
"Rapgef1",120645,6576,114069
"Gm13420",8558,3793,4765
"Trub2",26588,4757,21831
"Gm13547",3002,854,2148
"Coq4",9518,4469,5049
"Slc27a4",14843,4008,10835
"Urm1",17608,2143,15465
"Cercam",37741,4248,33493
"Mir219a-2",97,97,0
"Mir219b",65,65,0
"Odf2",42027,4459,37568
"LOC105244105",2125,2085,40
"Gle1",24024,3108,20916
"LOC105244106",2862,562,2300
"Sptan1",65899,8139,57760
"Mir6997",71,71,0
"Wdr34",17329,1807,15522
"Set",10582,3101,7481
"Pkn3",13476,4244,9232
"Zdhhc12",2692,1194,1498
"Zer1",27522,4465,23057
"Tbc1d13",18263,4600,13663
"Slc39a1-ps",2318,2318,0
"Gm31080",7730,949,6781
"Endog",2669,1539,1130
"D2Wsu81e",5049,1885,3164
"Ccbl1",21172,2805,18367
"Gm31201",3607,1749,1858
"1700084E18Rik",435,435,0
"Lrrc8a",26022,4254,21768
"Phyhd1",15947,1793,14154
"Dolk",2126,2126,0
"Nup188",57842,5682,52160
"LOC105244107",457,229,228
"Sh3glb2",14540,1940,12600
"Fam73b",21323,4179,17144
"Dolpp1",8406,2588,5818
"Crat",15273,4739,10534
"Ppp2r4",31758,2577,29181
"Ier5l",1569,1569,0
"Gm31291",17398,5174,12224
"LOC105244108",4303,1040,3263
"Gm14487",4473,1438,3035
"Gm31585",3416,2049,1367
"Cstad",13902,817,13085
"Gm31699",14324,6522,7802
"9330198N18Rik",45963,2903,43060
"Gm32316",7214,2369,4845
"Gm14486",29402,9001,20401
"LOC102634090",2292,1299,993
"Gm14488",8602,2243,6359
"Mir3089",84,84,0
"LOC105244109",2218,1361,857
"LOC105244110",12120,2615,9505
"LOC105244111",3574,2240,1334
"1700001O22Rik",8162,2330,5832
"Ntmt1",15246,1701,13545
"Asb6",5204,2114,3090
"Prrx2",36188,1472,34716
"Ptges",13827,3647,10180
"LOC105244112",18230,1842,16388
"Gm13400",698,698,0
"Tor1b",6078,3070,3008
"Tor1a",7358,1452,5906
"BC005624",9109,1328,7781
"Usp20",40377,4348,36029
"LOC105244113",8721,4075,4646
"Fnbp1",115822,9720,106102
"D330023K18Rik",1243,512,731
"Gpr107",64571,4245,60326
"Ncs1",50162,4706,45456
"Gm32866",6876,1364,5512
"Hmcn2",146748,16357,130391
"Ass1",50401,1631,48770
"Gm32952",24192,2555,21637
"Gm13426",795,795,0
"Fubp3",44876,3954,40922
"Mir6998",64,64,0
"Prdm12",22279,7803,14476
"Exosc2",10613,1677,8936
"Abl1",118842,8761,110081
"Qrfp",4351,2863,1488
"Fibcd1",33358,5393,27965
"Lamc3",59255,5930,53325
"Aif1l",23140,2953,20187
"Nup214",79556,8228,71328
"Gm13608",1400,1400,0
"Gm13609",821,709,112
"Mir7674",63,63,0
"Fam78a",35271,5744,29527
"Gm33126",2114,1468,646
"Ppapdc3",15305,2090,13215
"Prrc2b",83390,10689,72701
"LOC105244114",3135,2726,409
"Pomt1",18411,2945,15466
"Uck1",5245,2146,3099
"Gm13611",395,395,0
"Swi5",9332,1131,8201
"Golga2",19701,4474,15227
"Dnm1",44869,4456,40413
"Mir3154",79,79,0
"Mir199b",110,110,0
"LOC105244115",1933,1656,277
"Ciz1",15308,3385,11923
"1110008P14Rik",2815,657,2158
"Lcn2",3103,853,2250
"Ptges2",6851,1952,4899
"Gm13413",673,673,0
"Slc25a25",36984,5731,31253
"Naif1",5020,3173,1847
"Fam102a",34392,4217,30175
"Dpm2",2714,861,1853
"9430097D07Rik",1426,1163,263
"Pip5kl1",8993,4295,4698
"St6galnac4",12619,3994,8625
"LOC105244116",15089,497,14592
"St6galnac6",21101,2695,18406
"Ak1",13301,2387,10914
"Eng",36138,3707,32431
"Mir1954",86,86,0
"Fpgs",21540,2915,18625
"Mir8093",137,137,0
"Cdk9",7003,3613,3390
"Mir2861",82,82,0
"Mir3960",73,73,0
"Gm33457",2218,1817,401
"Sh2d3c",33953,3770,30183
"6330409D20Rik",8397,1119,7278
"Ttc16",18638,3846,14792
"Tor2a",5014,1628,3386
"Ptrh1",1856,1085,771
"1700019L03Rik",6993,1675,5318
"Stxbp1",59631,4005,55626
"LOC105244117",3235,2109,1126
"Fam129b",49120,3693,45427
"Lrsam1",36440,4474,31966
"Rpl12",2334,638,1696
"Snora65",118,118,0
"Slc2a8",9133,2148,6985
"Garnl3",145523,4798,140725
"Gm33536",2476,1930,546
"Ralgps1",238093,6540,231553
"LOC105244118",11909,8339,3570
"Angptl2",31775,3524,28251
"Zbtb34",25217,7644,17573
"LOC105244119",5118,3478,1640
"Zbtb43",18369,5276,13093
"Gm13530",17849,1456,16393
"Gm33642",32210,353,31857
"LOC105244120",3229,1441,1788
"Lmx1b",80028,5501,74527
"LOC105244121",667,397,270
"C130021I20Rik",4471,3815,656
"9430024E24Rik",4294,2468,1826
"Mvb12b",157994,11054,146940
"LOC105244122",17599,2845,14754
"Gm33856",11747,11595,152
"Nron",7776,3653,4123
"LOC105244123",10283,1124,9159
"LOC105244125",33880,1445,32435
"Gm13403",6023,2446,3577
"LOC105244124",76105,11962,64143
"C230014O12Rik",89447,2674,86773
"Pbx3",200589,3497,197092
"Mapkap1",218188,3889,214299
"Gm13406",558,558,0
"Gm34178",26066,16288,9778
"Gm13408",870,870,0
"Gm34372",12192,1684,10508
"Gm13414",1507,1507,0
"Gapvd1",79085,6986,72099
"Hspa5",4440,2616,1824
"Rabepk",22021,2953,19068
"Gm34604",397,243,154
"Fbxw2",21910,6018,15892
"Gm34653",13065,1364,11701
"Psmd5",18874,2042,16832
"Cutal",17769,2383,15386
"Phf19",20326,3851,16475
"Traf1",18517,3888,14629
"Gm13450",350,350,0
"Hc",78111,5448,72663
"LOC105244126",4957,312,4645
"AI182371",18825,2358,16467
"Cntrl",69331,11868,57463
"Rab14",21227,3392,17835
"Gm13605",30471,2160,28311
"Gsn",51544,3075,48469
"LOC105244128",4148,4045,103
"LOC105244127",13540,7132,6408
"Stom",23020,2816,20204
"Gm13443",650,650,0
"4930568D16Rik",13512,1227,12285
"Gm35093",8303,203,8100
"4930402F06Rik",21613,1371,20242
"LOC105244129",11512,436,11076
"Ggta1",64203,4752,59451
"Gm35151",3689,970,2719
"Gm13444",526,526,0
"Gm13445",723,723,0
"Gm35260",12905,1274,11631
"Gm13446",9169,2037,7132
"Dab2ip",172537,7931,164606
"Ttll11",228399,3191,225208
"9030204H09Rik",4196,653,3543
"Gm35396",41226,1677,39549
"LOC105244130",3395,3018,377
"Ndufa8",12959,739,12220
"Morn5",30237,690,29547
"Lhx6",24048,4682,19366
"Rbm18",20626,2548,18078
"Mrrf",53887,2348,51539
"LOC105244131",2022,2022,0
"Gm13429",8670,3132,5538
"Ptgs1",35533,5025,30508
"Olfr334-ps1",859,859,0
"Olfr335-ps",939,939,0
"Olfr336-ps1",936,936,0
"Olfr337-ps1",534,534,0
"Olfr338",921,921,0
"LOC101056240",466,466,0
"Olfr339",930,930,0
"Olfr340",939,939,0
"Olfr341",942,942,0
"Olfr342",939,939,0
"Olfr343-ps1",752,752,0
"Olfr344",930,930,0
"Olfr345",936,936,0
"Olfr346",930,930,0
"Olfr347",939,939,0
"Olfr348",3187,1004,2183
"Olfr50",939,939,0
"Gm13436",639,639,0
"Olfr3",942,942,0
"Olfr349-ps1",669,669,0
"Olfr350",939,939,0
"Olfr351",933,933,0
"Olfr352",948,948,0
"Olfr353",936,936,0
"Olfr354",954,954,0
"Gm13440",531,531,0
"Olfr355",933,933,0
"Olfr356",4873,970,3903
"Olfr357",927,927,0
"Olfr358",993,993,0
"Olfr359-ps1",946,946,0
"Olfr360",954,954,0
"Olfr361",969,969,0
"Olfr362",954,954,0
"Olfr363-ps",277,277,0
"Olfr364-ps1",924,924,0
"Olfr365",939,939,0
"Gm13435",1022,1022,0
"Olfr366",930,930,0
"Olfr367-ps",4437,1103,3334
"Olfr368",984,984,0
"Pdcl",9747,3393,6354
"Rc3h2",54520,10652,43868
"Snord90",68,68,0
"Zbtb6",5420,4535,885
"Zbtb26",10954,5267,5687
"Rabgap1",123194,7760,115434
"Gm17893",770,770,0
"Gpr21",2656,2297,359
"Strbp",134102,17026,117076
"Gm13543",949,949,0
"Mir5128",84,84,0
"Crb2",22879,6601,16278
"Dennd1a",488395,4646,483749
"Lhx2",30457,3572,26885
"Gm27197",4340,4211,129
"Gm13584",4642,1958,2684
"LOC105244133",34333,2079,32254
"LOC105244132",34223,1266,32957
"Gm13588",495,495,0
"Nek6",75794,3498,72296
"Gm35808",2110,1797,313
"Psmb7",55907,1057,54850
"Gpr144-ps",20796,8867,11929
"Gm36744",1448,1016,432
"Nr5a1",21905,3975,17930
"Nr6a1",204320,6458,197862
"Rpl15-ps4",2156,2156,0
"Gm36800",97829,6156,91673
"Mir181a-2",76,76,0
"Mir181b-2",89,89,0
"Olfml2a",28606,2409,26197
"Gm13474",2870,2870,0
"LOC105244134",2274,1319,955
"Gm29985",6768,1696,5072
"Wdr38",3280,1210,2070
"Rpl35",3551,452,3099
"Arpc5l",10607,2203,8404
"Golga1",49425,5407,44018
"Scai",124517,11144,113373
"Gm30067",32219,1014,31205
"Gm18791",723,723,0
"Gm16523",4750,4750,0
"Ppp6c",31970,4312,27658
"Vmn2r-ps2",773,773,0
"Gm13506",4760,1140,3620
"Gm13454",730,730,0
"Gm13451",577,577,0
"Gm13452",961,961,0
"Gm13453",1020,1020,0
"LOC105244135",14318,584,13734
"Gm13458",530,530,0
"Gm13456",1748,1748,0
"Lrp1b",2058342,18423,2039919
"Gm13462",983,983,0
"Gm30138",47898,2236,45662
"Gm13461",2894,2188,706
"Mir6336",130,130,0
"LOC105244136",45866,202,45664
"Gm30225",33295,971,32324
"Gm13464",1135,1135,0
"Kynu",127791,5178,122613
"Gm30374",19233,2956,16277
"LOC105244137",49074,4072,45002
"Arhgap15",647171,8157,639014
"Arhgap15os",6087,1761,4326
"LOC105244138",30245,1436,28809
"LOC105244139",5742,300,5442
"Gtdc1",363507,3365,360142
"LOC105244140",1139,946,193
"Gm13477",2818,2818,0
"Zeb2",129768,9668,120100
"Mir5129",78,78,0
"Zeb2os",2950,1388,1562
"Gm28643",30500,1446,29054
"Vis1",43921,3403,40518
"Gm13479",36305,4961,31344
"Gm30728",18001,563,17438
"LOC105244141",5985,2572,3413
"Gm30792",3564,635,2929
"Gm30848",11617,3577,8040
"Gm13478",413,413,0
"1700019E08Rik",1843,635,1208
"Gm13466",1197,1197,0
"Gm13470",24044,851,23193
"Gm13481",94398,2270,92128
"Gm13482",2656,2656,0
"LOC105244142",48542,377,48165
"Gm31324",5596,657,4939
"LOC102633584",2531,2531,0
"Acvr2a",89156,5705,83451
"Orc4",47519,5245,42274
"Mbd5",367563,7425,360138
"Gm13510",1426,1426,0
"Gm31558",3828,3828,0
"Gm13509",1901,1901,0
"LOC102634010",2323,2323,0
"Epc2",100457,4691,95766
"Kif5c",155465,6840,148625
"LOC105244143",1773,1381,392
"Lypd6b",161497,3305,158192
"LOC105244144",12234,6261,5973
"Lypd6",127141,3758,123383
"Mmadhc",16919,1843,15076
"Gm13483",137158,1786,135372
"Gm13486",11161,4401,6760
"Gm13487",1233,1233,0
"LOC105244145",34823,3081,31742
"Gm32232",58575,831,57744
"LOC105244146",28290,623,27667
"Gm13498",2163,2163,0
"Gm32360",16061,1739,14322
"LOC105244147",22112,1697,20415
"Rnd3",18673,2827,15846
"Gm13500",824,824,0
"Gm13497",54115,2038,52077
"1700057H21Rik",16851,506,16345
"Gm32434",9702,602,9100
"LOC100534354",1095,1095,0
"LOC102635165",7008,1180,5828
"Tas2r134",897,897,0
"Gm13490",75044,2409,72635
"Gm13493",736,736,0
"Rbm43",11817,4520,7297
"Gm13495",604,604,0
"Gm20588",1596,1596,0
"Gm34003",2043,477,1566
"Nmi",25023,1681,23342
"Tnfaip6",18569,1601,16968
"Rif1",53959,13710,40249
"Neb",202159,23690,178469
"4930573O16Rik",24239,407,23832
"Gm13521",866,866,0
"Arl5a",26926,5517,21409
"Cacnb4",248290,10972,237318
"LOC105244148",4512,4512,0
"Bloc1s2-ps",884,884,0
"Stam2",49952,4221,45731
"Fmnl2",276487,6377,270110
"Prpf40a",56574,7518,49056
"Arl6ip6",27138,2553,24585
"Gm13501",1196,1196,0
"Gm13503",478,478,0
"Gm13502",2506,2506,0
"LOC102635781",2485,2485,0
"Rprm",1460,1460,0
"Gm13505",808,808,0
"Gm14035",1439,1439,0
"Gm14034",674,674,0
"Galnt13",681923,9991,671932
"Gm14032",1023,1023,0
"LOC102636254",10116,590,9526
"Kcnj3",171172,6742,164430
"Gm13517",1007,1007,0
"Gm13615",1409,1409,0
"Gm33458",24567,332,24235
"Mir195b",97,97,0
"Gm13527",863,863,0
"Nr4a2",17174,6733,10441
"LOC105244150",1361,955,406
"BB557941",54278,1099,53179
"4930555B11Rik",6427,1533,4894
"Atp5k-ps4",202,202,0
"LOC105244149",1508,1314,194
"A930012O16Rik",1573,832,741
"Gpd2",133042,5931,127111
"Gm13535",3000,3000,0
"Gm13531",13036,633,12403
"Gm18845",1157,1157,0
"Gm33594",22098,2912,19186
"Galnt5",43764,5753,38011
"Ermn",7638,3521,4117
"Gm13534",2184,2184,0
"Cytip",66394,6123,60271
"Gm13546",13090,1016,12074
"Acvr1c",90444,10026,80418
"Gm13544",10124,2940,7184
"Acvr1",120391,3754,116637
"Upp2",225818,4845,220973
"Gm13559",936,936,0
"Ccdc148",196910,3641,193269
"LOC102635089",1969,1845,124
"Pkp4",194356,4713,189643
"5330411J11Rik",4190,1644,2546
"Gm13551",609,448,161
"Gm13549",1399,1399,0
"Dapl1",20368,573,19795
"LOC105244178",1128,630,498
"Gm13552",780,780,0
"Tanc1",234366,8965,225401
"Gm32976",991,991,0
"Wdsub1",30262,2479,27783
"Baz2b",310484,13176,297308
"LOC105244179",4330,4218,112
"Gm13572",1637,499,1138
"Gm13570",3339,3339,0
"Ldha-ps",1564,1564,0
"March7",39320,4373,34947
"Cd302",32492,1350,31142
"Gm13573",706,706,0
"Ly75",89472,5172,84300
"Gm13571",15721,3797,11924
"Gm13580",1050,561,489
"Pla2r1",135808,7154,128654
"LOC101055782",2076,385,1691
"Gm13566",1337,1337,0
"LOC102636233",252,252,0
"Itgb6",124312,5352,118960
"Gm33436",25474,1496,23978
"Rbms1",213258,5366,207892
"Gm33598",11643,9210,2433
"Gm13582",10776,2655,8121
"Gm33647",17093,2256,14837
"LOC105244180",32319,262,32057
"Gm33702",18032,556,17476
"LOC105244181",10575,238,10337
"LOC105244182",2817,433,2384
"Gm33753",1151,696,455
"Gm18844",1397,1397,0
"Gm33841",7600,529,7071
"Tank",75611,4220,71391
"Psmd14",88683,1541,87142
"LOC105244183",5505,4613,892
"Tbr1",11381,5437,5944
"LOC105244184",20557,2017,18540
"LOC102634098",566,566,0
"Slc4a10",280229,5916,274313
"Dpp4",82245,7898,74347
"LOC105244185",2343,2265,78
"Gm13561",15869,3324,12545
"Gcg",9126,1097,8029
"Fap",74573,2797,71776
"Ifih1",50644,5817,44827
"LOC105244186",3657,628,3029
"Gca",29783,3288,26495
"Gm13590",1575,1575,0
"Kcnh7",484701,10241,474460
"Gm34214",23584,7320,16264
"Gm34110",12404,589,11815
"Gm34291",39628,658,38970
"Gm8541",49825,3259,46566
"Fign",126531,9968,116563
"Gm13575",30183,4164,26019
"Gm13576",769,769,0
"Gm34539",153,153,0
"Gm13578",26559,1204,25355
"Grb14",110291,2213,108078
"Cobll1",151142,5862,145280
"Gm13592",1229,1229,0
"Gm13593",1180,1180,0
"Slc38a11",48596,2808,45788
"Mir6337",105,105,0
"Gm34688",3941,1446,2495
"Gm34739",13547,1655,11892
"Scn3a",110410,12969,97441
"Gm34833",32625,5558,27067
"Scn2a1",146686,9166,137520
"Csrnp3",185780,11544,174236
"Gm35128",5091,4439,652
"Galnt3",42028,3684,38344
"Ttc21b",72349,4528,67821
"Scn1a",170067,8840,161227
"Gm13630",15514,9538,5976
"Gm13629",106593,1347,105246
"Rpl35-ps1",441,441,0
"Scn9a",155266,13011,142255
"Gm35265",26994,1202,25792
"Scn7a",111668,7531,104137
"Gm13600",1517,750,767
"LOC102634324",14784,576,14208
"Gm1322",12379,1966,10413
"Gm13599",90066,3911,86155
"Xirp2",80621,11987,68634
"Gm13601",25595,517,25078
"B3galt1",556921,5819,551102
"Mir7224",60,60,0
"LOC105244187",555,555,0
"Mir6335",98,98,0
"Gm13607",1251,1251,0
"Stk39",262521,4897,257624
"Gm35945",10690,7748,2942
"LOC102641539",9209,3304,5905
"Gm13597",1249,1249,0
"4933409G03Rik",47948,2703,45245
"Gm36002",3628,209,3419
"4932414N04Rik",91736,3952,87784
"Gm36231",26244,1925,24319
"Gm36174",1458,391,1067
"Gm13612",651,651,0
"Cers6",253146,7366,245780
"Gm36281",9355,7967,1388
"LOC105244188",8709,3597,5112
"Nostrin",53531,1808,51723
"Spc25",12321,1607,10714
"G6pc2",16921,2148,14773
"Abcb11",104561,6085,98476
"Gm36393",26930,2271,24659
"Dhrs9",22625,2817,19808
"Lrp2",161733,15467,146266
"Bbs5",20840,2613,18227
"Klhl41",14120,2538,11582
"Fastkd1",25787,2860,22927
"Ppig",31443,6852,24591
"Ccdc173",32188,4493,27695
"Gm13623",683,683,0
"Phospho2",7596,2268,5328
"Gm13624",1011,1011,0
"LOC105244189",3048,1787,1261
"Klhl23",14732,5053,9679
"Ssb",10285,2088,8197
"Mettl5",14790,1649,13141
"Ubr3",127042,10288,116754
"Myo3b",390167,6462,383705
"Rpl9-ps7",753,753,0
"Sp5",2807,2411,396
"Gad1os",73418,889,72529
"Erich2",32256,2476,29780
"Gad1",40252,4222,36030
"LOC101056075",511,407,104
"Gorasp2",30237,2504,27733
"LOC102640715",11949,5859,6090
"Tlk1",113074,4938,108136
"LOC105244190",3934,736,3198
"Gm13633",860,860,0
"LOC105244191",14226,2637,11589
"Mettl8",91086,5836,85250
"Dcaf17",58773,10087,48686
"Cybrd1",24873,5208,19665
"LOC105243828",3896,952,2944
"Dync1i2",51598,3520,48078
"Slc25a12",102425,3507,98918
"LOC102640786",532,532,0
"Hat1",52363,1576,50787
"Gm13642",1162,1162,0
"Metap1d",71878,3386,68492
"LOC105244192",1756,1436,320
"Dlx1",5941,4154,1787
"Dlx1as",7254,2793,4461
"Dlx2",3347,2473,874
"Gm36857",14218,446,13772
"LOC105244193",2119,829,1290
"Gm1631",11550,641,10909
"Gm17250",15996,5724,10272
"Gm13739",531,531,0
"Itga6",71543,6189,65354
"Pdk1",30641,6145,24496
"LOC105244194",11178,608,10570
"Rapgef4",276260,8574,267686
"Gm29940",868,707,161
"LOC105244195",80892,9012,71880
"Zak",156974,10376,146598
"LOC105244196",8397,5962,2435
"LOC105244197",7188,1215,5973
"Cdca7",10704,2586,8118
"Eif1-ps3",372,372,0
"Gm30069",11290,1862,9428
"Pex13-ps",1157,1157,0
"Ak3l2-ps",1606,1606,0
"8430437L04Rik",25959,1663,24296
"Gm30257",11248,1080,10168
"6430710C18Rik",67872,2057,65815
"LOC105244198",8977,552,8425
"LOC105244199",27374,479,26895
"Sp3",44017,4430,39587
"Hspe1-ps5",542,542,0
"Sp3os",9818,1147,8671
"LOC105244200",5371,1057,4314
"Ola1",121647,2304,119343
"Gm13665",596,596,0
"Gm13666",860,860,0
"Sp9",3846,2813,1033
"Cir1",28721,1945,26776
"Scrn3",25163,3716,21447
"Gpr155",45346,8343,37003
"Gm13709",21056,2536,18520
"Gm13707",44787,4487,40300
"Wipf1",100124,6426,93698
"Gm30640",3382,660,2722
"Gm30940",5605,1676,3929
"Chrna1",17058,4320,12738
"Gm31264",10650,3439,7211
"Chn1os3",19487,2707,16780
"Chn1",164708,5151,159557
"Atf2",76131,7036,69095
"Atp5g3",2880,724,2156
"LOC105244201",10005,209,9796
"Gm13668",1218,1218,0
"LOC102642297",5320,2227,3093
"Gm31472",2537,467,2070
"Gm31534",7820,2411,5409
"Gm31731",2243,1364,879
"4930441J16Rik",8778,516,8262
"Lnp",64631,9624,55007
"Mrpl23-ps1",544,544,0
"LOC105244202",8088,641,7447
"Evx2",5995,3619,2376
"Gm31790",5341,3706,1635
"Hoxd13",3290,2483,807
"Hoxd12",2693,2534,159
"Hoxd11",7459,4211,3248
"Hoxd10",10832,2785,8047
"Hoxd9",2446,2100,346
"LOC102634284",9061,887,8174
"Hoxd8",3319,2160,1159
"Hoxd3os1",6087,794,5293
"Hoxd3",36279,2902,33377
"Hoxd4",7183,2560,4623
"Mir10b",68,68,0
"Haglr",14475,2454,12021
"LOC102634401",1059,893,166
"Hoxd1",2163,1862,301
"Mtx2",50937,1258,49679
"Gm14425",600,600,0
"Gm14427",753,753,0
"Gm13652",12323,3826,8497
"LOC105242450",21176,460,20716
"LOC105244208",813,813,0
"LOC102635707",73039,10333,62706
"Gm34401",11247,1037,10210
"LOC105244207",102987,3751,99236
"Gm18494",1130,1130,0
"Gm32927",4818,307,4511
"LOC105244206",5187,798,4389
"LOC105244205",3336,669,2667
"9430019J16Rik",8123,929,7194
"LOC105244204",6079,422,5657
"LOC105244203",1968,996,972
"LOC105244209",361,284,77
"LOC105244210",7946,521,7425
"Hnrnpa3",10178,5253,4925
"Nfe2l2",29123,2469,26654
"LOC105244211",13155,9700,3455
"E030042O20Rik",6351,2523,3828
"Gm34657",2829,1744,1085
"Gm13657",18902,4289,14613
"Gm13669",1121,1121,0
"Gm34861",17950,2172,15778
"Agps",99174,7359,91815
"Ttc30b",2614,2614,0
"Ttc30a2",2008,2008,0
"Ttc30a1",2862,2862,0
"Pde11a",352120,7576,344544
"Cyct",6512,952,5560
"Rbm45",13785,1898,11887
"Osbpl6",194140,9742,184398
"Prkra",38985,3323,35662
"Dfnb59",10228,1990,8238
"Fkbp7",10106,1055,9051
"Plekha3",22026,3012,19014
"LOC105244212",2993,2851,142
"Ttn",278578,107889,170689
"Ccdc141",166161,9570,156591
"LOC105244214",8939,6516,2423
"LOC105244213",1804,609,1195
"Sestd1",100253,9208,91045
"Gm17898",602,602,0
"Gm35266",6603,5375,1228
"LOC102638671",5385,5385,0
"Gm13651",1904,1815,89
"Gm35317",4239,2522,1717
"Gm13649",701,701,0
"Zfp385b",407085,8093,398992
"Gm13944",18295,751,17544
"Gm17957",549,549,0
"Gm17927",1049,1049,0
"LOC105244215",4469,3390,1079
"Gm35431",16541,13925,2616
"Cwc22",50704,3477,47227
"Gm13726",864,864,0
"4930440I19Rik",143254,1038,142216
"Gm14461",64684,1780,62904
"LOC105244216",6006,647,5359
"Gm14460",642,642,0
"Gm14464",1297,1248,49
"LOC105244217",77867,348,77519
"Gm17014",597,597,0
"Ube2e3",52478,2322,50156
"Gm35748",1024,758,266
"Gm14465",549,549,0
"LOC105244218",29307,3698,25609
"Gm35813",4148,1250,2898
"Itga4",77689,9832,67857
"Cerkl",99416,5532,93884
"Gm13673",530,530,0
"Neurod1",3996,2494,1502
"LOC105244219",2630,351,2279
"Ssfa2",37594,5385,32209
"Ppp1r1c",110767,6243,104524
"Pde1a",362066,6383,355683
"Gm13674",859,859,0
"Gm36153",8822,1091,7731
"Prdx6b",2889,2889,0
"Gm18693",753,753,0
"Dnajc10",38590,4054,34536
"Gm13752",6853,2616,4237
"Frzb",35427,2920,32507
"Gm13687",616,616,0
"Nckap1",80748,4482,76266
"Gm13689",653,653,0
"Gm13688",21911,940,20971
"Dusp19",14448,1463,12985
"Gm13690",956,956,0
"Mir684-1",86,86,0
"Nup35",21260,2873,18387
"Gm36282",28232,523,27709
"Gm4735",1679,1679,0
"Gm13700",1444,1444,0
"Zfp804a",207006,4968,202038
"Gm13677",616,616,0
"A130030D18Rik",16841,664,16177
"Gm13675",753,753,0
"Gm13676",585,585,0
"Fsip2",65326,21132,44194
"Gm13680",883,883,0
"Gm13679",726,726,0
"Gm13683",6738,6738,0
"Zc3h15",20040,1963,18077
"Itgav",83099,7633,75466
"Dnmt3l-ps1",1102,1102,0
"Fam171b",70759,5704,65055
"Zswim2",26176,2090,24086
"Gm13698",3054,3054,0
"Gm13693",3054,3054,0
"Gm13695",3054,3054,0
"Gm13696",3054,3054,0
"Gm13694",3054,3054,0
"Gm13697",3054,3054,0
"Gm13691",3054,3054,0
"Calcrl",94786,4882,89904
"Tfpi",43975,4763,39212
"Gm13710",6126,830,5296
"Ctnnd1",58192,7306,50886
"Btbd18",9766,3583,6183
"2700094K13Rik",1488,679,809
"Tmx2",7518,2287,5231
"Med19",9814,2059,7755
"Zdhhc5",27245,4740,22505
"Gm32289",3250,2985,265
"Clp1",4147,1830,2317
"Ypel4",4914,3630,1284
"Mir130a",64,64,0
"Gm19426",2788,2027,761
"Serping1",10086,1841,8245
"Gm36596",12449,1371,11078
"Ube2l6",11176,1387,9789
"Smtnl1",15759,2481,13278
"Timm10",3193,666,2527
"LOC105244220",1252,1158,94
"Slc43a1",24699,3799,20900
"Rtn4rl2",17199,3538,13661
"Slc43a3",21965,3346,18619
"Prg2",3172,838,2334
"LOC105244221",8383,573,7810
"Prg3",8364,1770,6594
"P2rx3",40634,6177,34457
"Ssrp1",9995,3007,6988
"Tnks1bp1",25037,7991,17046
"4930443O20Rik",12848,1443,11405
"Aplnr",3564,3564,0
"Gm13712",2566,2403,163
"Lrrc55",10866,6323,4543
"Gm13715",35243,3184,32059
"Gm13714",333,333,0
"Olfr987",930,930,0
"Olfr988",930,930,0
"Olfr989-ps1",774,774,0
"Olfr990-ps1",899,899,0
"Olfr991-ps1",910,910,0
"Olfr992",930,930,0
"Olfr993",945,945,0
"Olfr994",6412,1123,5289
"Olfr995",948,948,0
"4833423E24Rik",34844,1685,33159
"Olfr996",1068,1068,0
"Olfr997-ps1",936,936,0
"Olfr998",1012,1012,0
"Olfr999-ps1",949,949,0
"Olfr1000",945,945,0
"Olfr1001-ps1",942,942,0
"Olfr1002",957,957,0
"Olfr1003-ps1",882,882,0
"Olfr1004-ps1",596,596,0
"Olfr154",1079,1079,0
"Olfr1005-ps1",2422,2422,0
"Olfr1006",4531,987,3544
"Olfr1007-ps1",132,132,0
"Olfr1008",942,942,0
"Olfr1009",945,945,0
"Olfr1010",944,936,8
"Olfr1012",936,936,0
"Olfr1013",918,918,0
"Olfr1014",918,918,0
"Olfr1015",1016,1016,0
"Olfr1016",930,930,0
"Olfr1017-ps1",339,339,0
"LOC102631691",205,205,0
"Olfr1018",936,936,0
"Olfr1019",933,933,0
"Olfr1020",1079,1079,0
"Olfr1021-ps1",952,952,0
"Olfr1022",948,948,0
"Olfr1023",936,936,0
"LOC105244407",3240,633,2607
"Olfr1024",984,984,0
"Olfr1025-ps1",827,827,0
"Olfr1026",924,924,0
"Olfr1027-ps1",1432,1017,415
"Olfr1028",975,975,0
"Olfr1029",1061,1061,0
"Olfr1030",5487,990,4497
"Olfr1031",1011,1011,0
"Olfr1032",933,933,0
"Olfr1033",24172,9304,14868
"Olfr1034",1023,1023,0
"Olfr1035-ps1",966,966,0
"Olfr1036",1015,1015,0
"Olfr1037",1125,1125,0
"Gm13722",3044,3044,0
"Olfr1038-ps",2814,1210,1604
"Olfr1039",960,960,0
"Olfr1040",942,942,0
"Olfr1041-ps1",301,301,0
"Olfr1042",1097,1097,0
"Olfr1043",945,945,0
"Olfr1044",945,945,0
"Olfr52",960,960,0
"Olfr1045",948,948,0
"Olfr1046",951,951,0
"Olfr1047",960,960,0
"Olfr1048",963,963,0
"Olfr1049",3556,967,2589
"Olfr1050-ps1",947,947,0
"Olfr1051",927,927,0
"Olfr1052",939,939,0
"Olfr1053",943,943,0
"Gm13719",2926,2926,0
"Olfr1054",2267,1076,1191
"Olfr1055",939,939,0
"Olfr1056",1079,1079,0
"Olfr1057",948,948,0
"Olfr1058",951,951,0
"Olfr1059-ps1",548,548,0
"Gm20734",156,156,0
"Gm13721",993,993,0
"Olfr1061",942,942,0
"Olfr1062",956,956,0
"Olfr1063-ps1",953,953,0
"Olfr1064-ps1",606,606,0
"Olfr1065",992,992,0
"Olfr1066",942,942,0
"Olfr1069-ps1",899,899,0
"Olfr1070-ps1",475,475,0
"Olfr228",4582,970,3612
"Olfr1073-ps1",901,901,0
"Olfr1075-ps1",489,489,0
"Gm5023",888,888,0
"Olfr1076",942,942,0
"Olfr1077-ps1",2767,579,2188
"Olfr1078-ps1",1631,1631,0
"Olfr1079",4515,1136,3379
"Olfr1080",4958,979,3979
"Olfr1081-ps1",945,945,0
"Olfr1082",4925,990,3935
"Olfr1083-ps",943,943,0
"Olfr1084",954,954,0
"Olfr1085",942,942,0
"Olfr1086",933,933,0
"Olfr1087",942,942,0
"Olfr1088-ps1",841,841,0
"Olfr1089",936,936,0
"Olfr1090",5845,1041,4804
"Olfr1091-ps1",579,579,0
"Olfr1092-ps1",465,465,0
"Olfr1093",4240,1342,2898
"Olfr141",977,977,0
"Olfr1094",1147,1147,0
"Olfr1095",3551,951,2600
"Olfr1096-ps1",948,948,0
"Olfr1097",1938,1223,715
"Olfr1098",1916,1204,712
"Olfr1099",939,939,0
"Olfr1100",966,966,0
"Olfr1101",933,933,0
"Olfr1102",1063,1063,0
"Olfr1103-ps1",937,937,0
"Olfr1104",933,933,0
"Olfr1105",939,939,0
"Olfr1106",939,939,0
"Olfr1107",1109,1109,0
"Olfr1108-ps1",891,891,0
"Olfr1109",939,939,0
"Olfr259",939,939,0
"Gm13733",538,538,0
"Olfr1110",4853,1384,3469
"Olfr1111",940,940,0
"Nlk-ps1",6570,3820,2750
"Olfr1112",957,957,0
"Gm13730",1821,1821,0
"Olfr1113",981,981,0
"Olfr1114-ps1",454,454,0
"Gm13735",652,652,0
"Olfr1115",1102,1102,0
"Gm13732",544,544,0
"Olfr1116",924,924,0
"Gm13728",537,537,0
"Olfr1117-ps1",968,968,0
"Gm13729",535,535,0
"Olfr1118",996,996,0
"Olfr1119-ps1",663,663,0
"Olfr1120",3572,1004,2568
"Olfr1121",945,945,0
"Olfr1122",981,981,0
"Gm1826",2848,2848,0
"Olfr1123",972,972,0
"Olfr1124",957,957,0
"Olfr1126",4150,1027,3123
"Pramel7",3331,1860,1471
"Pramel6",4304,2080,2224
"Olfr1127-ps1",904,904,0
"Gm13736",744,744,0
"Olfr153",924,924,0
"Olfr1128",936,936,0
"Gm13744",859,859,0
"Gm13743",1022,1022,0
"Olfr1129",945,945,0
"Olfr1130",2123,1125,998
"Olfr1131",930,930,0
"Olfr1132",927,927,0
"Gm13742",3160,462,2698
"Olfr1133",942,942,0
"Olfr1134",2533,1125,1408
"Olfr1135",933,933,0
"Olfr1136",1067,1067,0
"Olfr1137",933,933,0
"Olfr1138",936,936,0
"Olfr1139-ps1",483,483,0
"Olfr1140",1020,1020,0
"Olfr1141",936,936,0
"Olfr152",951,951,0
"Olfr1142-ps1",746,746,0
"Olfr1143",2744,1031,1713
"Olfr1144-ps1",800,800,0
"Olfr1145",978,978,0
"Olfr1146-ps1",923,923,0
"Olfr1147-ps1",930,930,0
"Olfr1148",945,945,0
"Olfr1149-ps1",697,697,0
"Olfr1150-ps1",951,951,0
"Olfr1151",927,927,0
"Olfr1152",933,933,0
"Gm13745",1348,1348,0
"Olfr1153",957,957,0
"Olfr1154",933,933,0
"Olfr1155",945,945,0
"Olfr1156",1076,1076,0
"Olfr1157",6306,1112,5194
"Olfr74",957,957,0
"Olfr1158",942,942,0
"Olfr1159-ps1",934,934,0
"Olfr1160",960,960,0
"Olfr1161",1012,1012,0
"Olfr73",3491,1127,2364
"Olfr1162",945,945,0
"Olfr1163",1043,1043,0
"Olfr1164",1112,1112,0
"Olfr1165-ps",950,950,0
"Olfr1166",1634,1634,0
"Olfr1167",1100,1100,0
"Olfr1168",939,939,0
"Olfr1169-ps1",306,306,0
"Olfr1170",951,951,0
"Olfr1171-ps1",840,840,0
"Olfr1172-ps1",789,789,0
"Olfr1173",939,939,0
"Olfr1174-ps",4077,963,3114
"Olfr1175-ps",3500,1005,2495
"Olfr1176",948,948,0
"Olfr1177-ps",936,936,0
"Olfr1178",972,972,0
"Olfr1179",924,924,0
"Olfr1180",1063,1063,0
"Olfr1181",2936,1240,1696
"Olfr1182",3103,1178,1925
"Olfr1183",912,912,0
"Olfr1184",936,936,0
"Olfr1185-ps1",912,912,0
"Olfr1186",1090,1090,0
"Olfr1187-ps1",324,324,0
"Olfr1188",3875,1400,2475
"Gm13758",583,583,0
"Olfr1189",921,921,0
"Olfr751-ps1",706,706,0
"Olfr475-ps1",932,932,0
"Olfr1191-ps1",936,936,0
"Olfr1192-ps1",927,927,0
"Olfr1193",957,957,0
"Olfr1195",927,927,0
"Olfr1196",945,945,0
"Olfr1197",945,945,0
"Olfr1198",927,927,0
"Olfr1199",4739,1462,3277
"Olfr1200",1011,1011,0
"Olfr1201",924,924,0
"Olfr1202",3308,1153,2155
"Olfr1205",2286,1067,1219
"Olfr1204",930,930,0
"Olfr1206",924,924,0
"Olfr1208",927,927,0
"Olfr1209",933,933,0
"Olfr1211",5149,957,4192
"Olfr1212",936,936,0
"Olfr1213",7314,1297,6017
"Olfr1214",936,936,0
"Olfr1215",943,943,0
"Olfr1216",936,936,0
"Olfr1217",1105,1105,0
"Olfr1218",936,936,0
"Olfr1219",936,936,0
"Olfr1220",1026,1026,0
"Olfr1221",936,936,0
"Olfr1222",936,936,0
"Olfr1223",7251,1531,5720
"Olfr1224-ps1",933,933,0
"Olfr1225",1027,1027,0
"Gm13761",770,770,0
"Olfr1226",933,933,0
"Gm5035",900,900,0
"Gm18164",914,914,0
"Gm18165",889,889,0
"Gm18166",914,914,0
"Olfr1227-ps1",720,720,0
"Olfr1228",4987,1365,3622
"Olfr1229",936,936,0
"Gm30168",3409,608,2801
"Olfr1230",918,918,0
"Olfr1231",942,942,0
"Olfr1232",936,936,0
"Olfr1233",3080,1068,2012
"Olfr1234",2379,1386,993
"GA_x5J8B7W62NC-653162-652995",114,114,0
"Olfr1235-ps1",623,623,0
"Olfr1236-ps1",336,336,0
"Olfr1237-ps1",183,183,0
"Olfr1238",948,948,0
"Olfr1239",918,918,0
"Olfr1240",1074,1074,0
"Olfr1241",945,945,0
"Olfr1242",4920,1304,3616
"Olfr1243",918,918,0
"Olfr1244-ps1",724,724,0
"Olfr1245",1062,1062,0
"Olfr1246",1078,1078,0
"Olfr1247",5375,2284,3091
"Olfr1248",1078,1078,0
"Olfr1249",957,957,0
"Olfr1250",945,945,0
"Olfr1251",957,957,0
"Olfr1252",945,945,0
"Olfr1253",957,957,0
"Olfr1254",945,945,0
"Olfr1255",933,933,0
"Olfr1256",921,921,0
"Olfr48",906,906,0
"Olfr1257",930,930,0
"Olfr1258",936,936,0
"Gm18233",1414,1414,0
"Olfr1259",930,930,0
"Olfr1260",933,933,0
"Olfr1261",921,921,0
"Olfr1262",915,915,0
"Olfr1263",921,921,0
"Olfr1264",927,927,0
"Olfr1265",930,930,0
"Olfr140",12178,1412,10766
"Gm19081",642,642,0
"Olfr1266-ps1",365,365,0
"Olfr1267-ps1",927,927,0
"Olfr1268-ps1",929,929,0
"Olfr1269",930,930,0
"Olfr32",130559,1454,129105
"Olfr1270",1018,1018,0
"Gm13768",17941,17941,0
"LOC105242506",2131,1952,179
"Olfr1506",2905,1084,1821
"Gm18953",1955,1955,0
"Olfr142",918,918,0
"Olfr1271",918,918,0
"Olfr1272",927,927,0
"Olfr1273-ps",924,924,0
"Gm13769",2905,1084,1821
"LOC105244222",2131,1952,179
"Gm13767",17941,17941,0
"Olfr1274-ps",1035,1035,0
"Ptprj",150922,8290,142632
"LOC105244223",3825,588,3237
"LOC105244224",34181,812,33369
"Nup160",59658,6845,52813
"LOC105244225",18475,2134,16341
"Fnbp4",35652,5204,30448
"Rpl30-ps3",458,458,0
"Agbl2",51851,6509,45342
"Gm13772",561,561,0
"Mtch2",19480,2420,17060
"C1qtnf4",5144,3818,1326
"Gm32514",1971,592,1379
"Ndufs3",10086,940,9146
"LOC105244226",853,190,663
"Kbtbd4",5838,2456,3382
"Ptpmt1",7338,1321,6017
"Celf1",79111,7978,71133
"LOC102632821",23207,3854,19353
"Rapsn",10264,1781,8483
"Psmc3",5423,1635,3788
"Slc39a13",8535,5051,3484
"LOC105244228",1462,307,1155
"LOC105244227",1204,645,559
"Spi1",33377,1926,31451
"Mybpc3",18405,4207,14198
"Madd",46632,7119,39513
"Nr1h3",18774,2161,16613
"Acp2",11287,4834,6453
"Ddb2",25554,1984,23570
"A330069E16Rik",1212,892,320
"Gm31054",11107,927,10180
"Pacsin3",8583,3190,5393
"Arfgap2",12257,3409,8848
"1110051M20Rik",171474,7513,163961
"Gm13787",1028,1028,0
"Lrp4",56432,9507,46925
"Gm13770",1450,1450,0
"Ckap5",93933,6822,87111
"Snord67",98,98,0
"F2",22467,2299,20168
"LOC102633523",283,283,0
"Zfp408",6730,4457,2273
"Arhgap1",22315,3589,18726
"Atg13",35987,3789,32198
"Harbi1",10713,2539,8174
"Gm13776",1269,1269,0
"Ambra1",188739,5317,183422
"Chrm4",10217,6260,3957
"Mdk",2493,1406,1087
"LOC105244229",750,413,337
"Dgkz",43622,10171,33451
"Mir6999",61,61,0
"Creb3l1",41843,2271,39572
"Gm31473",40062,5585,34477
"LOC105244230",14147,591,13556
"Phf21a",180922,12346,168576
"Mir1955",98,98,0
"LOC105244232",2663,2663,0
"LOC105244231",4876,2120,2756
"Gm13785",3658,3658,0
"Gyltl1b",6895,2905,3990
"LOC105244233",2390,1463,927
"Pex16",6545,2016,4529
"1700029I15Rik",686,364,322
"Mapk8ip1",17588,3819,13769
"Mir7000",63,63,0
"Cry2",30424,4002,26422
"D930015M05Rik",23417,1190,22227
"Slc35c1",7755,3255,4500
"LOC105244234",22717,846,21871
"Gm13817",16011,5696,10315
"Mir7221",72,72,0
"Mir7222",75,75,0
"Chst1",15621,3070,12551
"LOC105244235",17819,2470,15349
"LOC105244236",69411,1882,67529
"Gm32413",4799,758,4041
"Gm13791",103578,4389,99189
"Syt13",40951,3751,37200
"Gm29694",2106,2106,0
"Prdm11",71239,1870,69369
"LOC102635127",3759,1314,2445
"4631405J19Rik",4098,1231,2867
"Gm32627",8699,1172,7527
"LOC105244237",3022,2606,416
"Gm32683",7432,2575,4857
"Trp53i11",14224,3415,10809
"Tspan18",132796,5133,127663
"Gm32824",31351,6605,24746
"LOC105244239",2839,2546,293
"LOC105244238",10816,1448,9368
"Gm32745",15144,4779,10365
"Gm13807",14284,1295,12989
"Cd82",43849,2134,41715
"Mir7001",79,79,0
"Gm10804",17056,2923,14133
"Gm33010",2355,144,2211
"Gm33061",2238,250,1988
"Alx4",38908,5205,33703
"Ext2",126958,3083,123875
"LOC105244240",10490,9682,808
"Gm13818",512,512,0
"Accs",16529,7034,9495
"Accsl",75877,3761,72116
"Gm1335",365,365,0
"LOC105244241",7147,906,6241
"Gm33160",7605,2003,5602
"Gm13889",1291,1291,0
"4921507L20Rik",3542,1550,1992
"Alkbh3",30190,2677,27513
"Hsd17b12",125213,1839,123374
"LOC105244242",10148,2174,7974
"E530001K10Rik",104190,7660,96530
"Mir129-2",90,90,0
"Mir129b",65,65,0
"Mir670",100,100,0
"Ttc17",105924,6855,99069
"Itpa-ps1",1160,1160,0
"2810002D19Rik",4976,1484,3492
"Api5",26455,3792,22663
"Gm13788",2412,1599,813
"Gm18768",874,874,0
"Gm33540",29167,100,29067
"LOC102636406",1720,433,1287
"Gm13794",175362,2446,172916
"LOC102635430",2904,530,2374
"Gm18435",568,568,0
"Gm18404",2085,2085,0
"Gm13799",2507,838,1669
"Lrrc4c",1313504,5983,1307521
"Gm17075",627,627,0
"Gm17076",1389,1389,0
"Gm13803",1804,1804,0
"Gm13806",287,287,0
"Gm33780",7793,761,7032
"Gm13809",1153,1153,0
"Gm13808",765,765,0
"Gm13811",530,530,0
"Gm13813",34547,1209,33338
"Gm13812",2154,2154,0
"Gm13810",2154,2154,0
"LOC105244243",45017,925,44092
"LOC105244244",7951,3920,4031
"B230118H07Rik",68325,2532,65793
"Rag2",7781,3393,4388
"Rag1",11281,6746,4535
"Gm34041",7860,626,7234
"Traf6",23249,6188,17061
"Prr5l",168795,5296,163499
"Commd9",15378,1175,14203
"Ldlrad3",236260,3992,232268
"LOC105244246",4341,4239,102
"LOC105244245",30682,14281,16401
"Gm13866",1165,1165,0
"Gm34268",5029,2710,2319
"Trim44",100782,5612,95170
"LOC105244247",4877,690,4187
"Fjx1",2427,2427,0
"Pamr1",93021,2855,90166
"LOC105244248",7753,4409,3344
"Slc1a2",132191,13046,119145
"LOC105244249",8083,7769,314
"LOC102637542",4175,3283,892
"Cd44",90529,5746,84783
"Gm34483",19516,915,18601
"Pdhx",52459,2526,49933
"Apip",19150,1099,18051
"Gm34569",15551,12510,3041
"LOC105244250",7116,1167,5949
"Gm13869",4149,1054,3095
"Ehf",39845,4798,35047
"A930006I01Rik",34164,2229,31935
"BC016548",12545,1405,11140
"Elf5",39297,2742,36555
"Cat",31250,2551,28699
"Abtb2",152114,4558,147556
"LOC105244251",26146,25728,418
"Nat10",41390,5909,35481
"Caprin1",34696,7659,27037
"LOC105244252",32949,1226,31723
"4930547E08Rik",6171,541,5630
"Gm13880",1173,1173,0
"LOC102638254",406,406,0
"Gm34948",12719,2271,10448
"LOC105244253",1338,1025,313
"Lincred1",20772,8187,12585
"LOC105244254",14600,735,13865
"Lmo2",23884,2023,21861
"LOC102639182",13939,8182,5757
"4931422A03Rik",35474,1690,33784
"Fbxo3",35439,6260,29179
"Cd59b",16011,2714,13297
"Cd59a",19613,2141,17472
"A930018P22Rik",1978,819,1159
"D430041D05Rik",268707,14095,254612
"Gm13882",1212,1212,0
"Gm35606",3484,1563,1921
"Hipk3",68009,7497,60512
"Mir1902",80,80,0
"Gm13870",1242,1242,0
"Gm13884",1056,1056,0
"4930500J02Rik",12246,1145,11101
"Cstf3",74942,5190,69752
"LOC105244255",19628,11561,8067
"Tcp11l1",34162,5496,28666
"Gm6306",994,994,0
"Pin1rt1",2476,1156,1320
"Depdc7",21018,1724,19294
"Qser1",62049,9238,52811
"LOC105244256",376,338,38
"Gm13886",793,793,0
"Prrg4",19110,2846,16264
"Ccdc73",113414,3944,109470
"Eif3m",17372,1230,16142
"LOC102639549",789,323,466
"Gm13888",311,311,0
"LOC105244257",17283,585,16698
"Wt1os",49973,3267,46706
"Wt1",47086,3092,43994
"Them7",155607,1942,153665
"Rcn1",13372,3063,10309
"LOC105244258",12098,3267,8831
"LOC105244259",73434,1035,72399
"Pax6os1",134251,1464,132787
"Rpl10-ps1",751,751,0
"Gm35946",9201,1908,7293
"Paupar",3482,3482,0
"Pax6",29847,6593,23254
"Elp4",204392,3902,200490
"Gm35885",11079,4808,6271
"Immp1l",60921,955,59966
"LOC105244260",3850,3805,45
"Dnajc24",37161,1517,35644
"LOC102640391",1746,1746,0
"Gm9342",15311,15311,0
"Dcdc5",366469,9007,357462
"Gm36036",20306,6128,14178
"Gm14015",59281,3949,55332
"Gm36544",19535,449,19086
"LOC102640562",7810,2587,5223
"Mpped2",174902,3758,171144
"Gm29885",5150,2715,2435
"C130023O10Rik",13377,13377,0
"Gm13902",602,602,0
"LOC105244261",2848,998,1850
"Arl14ep",11921,3441,8480
"Gm13904",837,837,0
"Fshb",3512,1595,1917
"Kcna4",12999,10285,2714
"LOC105244262",68882,923,67959
"LOC105244263",6977,613,6364
"Gm13912",107604,1860,105744
"Gm13915",939,939,0
"Gm13914",1001,1001,0
"Rpl35a-ps4",423,423,0
"LOC105244264",5572,444,5128
"Gm13910",1959,1959,0
"Gm13923",3131,661,2470
"Mettl15",188447,2249,186198
"Kif18a",61012,3371,57641
"Gm13924",559,559,0
"LOC105244265",3698,2755,943
"Bdnf",52344,6714,45630
"Gm13932",607,607,0
"LOC105244266",33205,976,32229
"Lin7c",10060,4137,5923
"Gm13939",10924,1349,9575
"Lgr4",96611,5060,91551
"Ccdc34",155846,4164,151682
"Ccdc34os",19230,980,18250
"Gm30258",7371,1900,5471
"Gm13937",1587,1587,0
"Bbox1",50759,3368,47391
"Gm30319",91359,1411,89948
"Fibin",2069,2069,0
"Gm13935",1519,860,659
"Slc5a12",52048,5297,46751
"Ano3",295195,6824,288371
"Muc15",18044,3277,14767
"Gm13941",98797,1685,97112
"4930430A15Rik",128125,4403,123722
"Gm13961",4769,4769,0
"Olfr1275",939,939,0
"Olfr1276",939,939,0
"Olfr1277",912,912,0
"Olfr1278",942,942,0
"Olfr1279",942,942,0
"Olfr1280",65666,1846,63820
"Olfr1281",918,918,0
"Olfr1282",918,918,0
"Olfr1283",918,918,0
"Olfr1284",936,936,0
"Olfr1285",795,795,0
"Olfr1286",918,918,0
"Olfr1287",918,918,0
"Olfr1547-ps1",420,420,0
"Olfr1288",939,939,0
"Olfr1289",897,897,0
"Olfr1290",4598,1286,3312
"Olfr1291-ps1",939,939,0
"Olfr1292-ps1",979,979,0
"Olfr1293-ps",939,939,0
"Olfr1294",2802,1023,1779
"Olfr1295",5088,1012,4076
"Olfr1296-ps1",939,939,0
"Olfr1297",5258,991,4267
"Olfr1298",939,939,0
"Olfr1299",3714,996,2718
"Olfr1300-ps1",25883,2235,23648
"Gm13930",886,536,350
"Olfr1301",4058,1031,3027
"Olfr1302",948,948,0
"Olfr1303",939,939,0
"Olfr1304-ps1",353,353,0
"Olfr268-ps1",7577,7577,0
"Olfr1305",939,939,0
"Olfr1306",939,939,0
"Gm13928",1508,1508,0
"Olfr1307",939,939,0
"Olfr1308",963,963,0
"Olfr1309",963,963,0
"Gm13929",1124,1124,0
"Olfr1310",939,939,0
"Olfr1311",939,939,0
"Olfr1312",954,954,0
"Olfr1313",936,936,0
"Olfr1314",939,939,0
"Olfr1315-ps1",504,504,0
"Olfr1316",945,945,0
"Olfr1317",951,951,0
"Olfr1318",1110,1110,0
"Olfr1319-ps1",258,258,0
"Gm4284",598,598,0
"LOC105244408",11094,774,10320
"Lpcat4",7271,1902,5369
"Nutm1",11344,3770,7574
"Nop10",973,738,235
"Slc12a6",97626,7660,89966
"Gm30678",12464,6612,5852
"LOC105244267",15070,620,14450
"Emc4",5009,975,4034
"Katnbl1",37539,3813,33726
"Emc7",17142,5802,11340
"Chrm5",58831,5371,53460
"Aven",138290,2275,136015
"Ryr3",398952,15410,383542
"Tmco5b",12096,1273,10823
"Fmn1",389070,22238,366832
"Gm13964",4126,1504,2622
"4930533B01Rik",17498,1029,16469
"Grem1",10115,1780,8335
"Scg5",52779,1227,51552
"Arhgap11a",17170,5017,12153
"Gm30985",1114,286,828
"Gm21596",801,801,0
"LOC105244268",58779,997,57782
"Gjd2",4019,2879,1140
"A530058N18Rik",18728,1550,17178
"Actc1",5523,1390,4133
"C130080G10Rik",7110,1909,5201
"Aqr",74179,5097,69082
"Mir7002",55,55,0
"Zfp770",7977,4630,3347
"Gm31146",8903,1277,7626
"Dph6",138637,3766,134871
"Gm13975",835,835,0
"Gm13974",190124,1814,188310
"4930528P14Rik",15015,507,14508
"Gm18967",561,561,0
"Gm31351",8046,1256,6790
"Gm31413",3265,834,2431
"LOC105244269",8190,370,7820
"3110099E03Rik",18689,2644,16045
"LOC105244270",5737,795,4942
"LOC102633794",24770,4049,20721
"BC052040",197151,4993,192158
"Mir1951",89,89,0
"Gm31590",4268,619,3649
"Meis2",206292,6998,199294
"G630016G05Rik",9694,6705,2989
"2810405F15Rik",1549,1549,0
"Gm13991",3186,3186,0
"Gm13990",75225,1384,73841
"Tmco5",13810,1737,12073
"Gm31906",23665,2352,21313
"D330050G23Rik",12640,1810,10830
"LOC105244271",1536,283,1253
"Spred1",61209,7087,54122
"Mir674",100,100,0
"Gm18612",728,728,0
"Rap1a-ps2",1284,1284,0
"Fam98b",21830,1889,19941
"Rasgrp1",62885,5105,57780
"Gm32020",1854,1348,506
"Gm13982",3306,755,2551
"Gm32137",26613,739,25874
"Gm32210",53443,488,52955
"Gm13985",8154,2639,5515
"4930412B13Rik",87209,1276,85933
"Gm13986",253912,3469,250443
"Gm32929",1594,326,1268
"Gm18846",569,569,0
"Thbs1",15244,5834,9410
"Fsip1",126727,3729,122998
"Gpr176",96324,4848,91476
"1700054M17Rik",3253,445,2808
"Eif2ak4",86657,5287,81370
"Srp14",3854,790,3064
"Gm13983",909,909,0
"Gm32684",2525,1049,1476
"Bmf",20922,5368,15554
"Gm14016",1182,1182,0
"Bub1b",43390,3680,39710
"Pak6",34994,5114,29880
"Ankrd63",4861,4861,0
"Plcb2",21143,5732,15411
"Inafm2",3053,3053,0
"A430105I19Rik",8807,5598,3209
"Phgr1",5396,541,4855
"Disp2",15474,6646,8828
"LOC102642737",11180,982,10198
"Knstrn",23221,3639,19582
"LOC105244272",24493,1159,23334
"Ivd",20949,3658,17291
"Gm32798",7449,2814,4635
"Gm32957",5834,2143,3691
"Bahd1",24197,4547,19650
"Chst14",2089,2089,0
"LOC105244273",8737,380,8357
"Gm14089",10195,1352,8843
"LOC102636129",509,509,0
"Ccdc32",11628,1892,9736
"Rpusd2",7409,5135,2274
"Casc5",57792,7651,50141
"Rad51",23254,2138,21116
"Rmdn3",20037,2325,17712
"Gchfr",4602,629,3973
"Dnajc17",36296,1124,35172
"Gm14137",3067,3067,0
"Gm14138",742,742,0
"Zfyve19",8331,2047,6284
"Ppp1r14d",11949,1141,10808
"Spint1",12176,2370,9806
"Rhov",8808,1749,7059
"Gm14175",336,336,0
"Vps18",9712,4054,5658
"Gm14207",4999,979,4020
"Dll4",9883,3451,6432
"Chac1",3085,1569,1516
"Ino80",104588,6296,98292
"Gm33412",9490,2261,7229
"Gm14208",700,700,0
"Exd1",31123,6047,25076
"Chp1",39318,2596,36722
"1700020I14Rik",6451,1551,4900
"Oip5",8974,1557,7417
"Nusap1",31863,3045,28818
"Ndufaf1",7440,1559,5881
"H3f3c",556,556,0
"Rtf1",60340,4664,55676
"Itpka",9015,1939,7076
"Ltk",9106,3200,5906
"Rpap1",23579,4965,18614
"Tyro3",20365,4959,15406
"Gm33541",2092,1998,94
"Mga",98484,17613,80871
"LOC101180908",621,621,0
"Mapkbp1",55016,7266,47750
"Mir7665",63,63,0
"Gm28042",15551,5102,10449
"Jmjd7",5122,1383,3739
"Pla2g4b",9601,3859,5742
"Sptbn5",44854,14929,29925
"Ehd4",65089,3387,61702
"Pla2g4e",79214,5170,74044
"Pla2g4d",28395,3743,24652
"Pla2g4f",14369,3302,11067
"Vps39",36684,4461,32223
"Tmem87a",48808,3224,45584
"Ganc",56971,4818,52153
"4931402G19Rik",13670,2258,11412
"Capn3",41327,3488,37839
"Zfp106",57035,9132,47903
"Snap23",33605,3033,30572
"Lrrc57",5271,2214,3057
"Haus2",12179,3219,8960
"Stard9",86996,16226,70770
"Gm29693",5106,5106,0
"Cdan1",15364,6384,8980
"Ttbk2",117769,11269,106500
"AV039307",16035,1332,14703
"Ubr1",110458,8003,102455
"Tmem62",31131,3216,27915
"Rnu3b-ps2",215,215,0
"Ccndbp1",8530,1776,6754
"Epb4.2",18541,3707,14834
"Tgm5",39649,2531,37118
"Gm14213",954,954,0
"Tgm7",34019,4294,29725
"Lcmt2",3407,3407,0
"Adal",16253,3265,12988
"Zscan29",12853,6336,6517
"Tubgcp4",28317,4564,23753
"Trp53bp1",95486,10132,85354
"Map1a",21233,11914,9319
"Ppip5k1",45080,10048,35032
"Ckmt1",5987,1717,4270
"Gm33947",995,729,266
"Strc",18123,6274,11849
"Catsper2",23201,4753,18448
"Pdia3",24786,2643,22143
"Ell3",5254,2100,3154
"Serf2",4223,3186,1037
"Serinc4",5588,2555,3033
"Hypk",1353,604,749
"Mfap1b",12358,1887,10471
"Gm14018",17422,17422,0
"Gm14017",386,386,0
"LOC105244275",9318,2483,6835
"Mfap1a",13976,3419,10557
"Wdr76",38138,5775,32363
"Frmd5",262229,6881,255348
"LOC105244274",5429,1485,3944
"Gm14021",961,961,0
"Gm14020",654,654,0
"Casc4",69251,4367,64884
"LOC105244276",6664,799,5865
"Mageb3",2322,2322,0
"Ctdspl2",59326,7248,52078
"LOC105244277",1579,1542,37
"Eif3j1",25520,2686,22834
"Spg11",64890,9157,55733
"Patl2",66087,3379,62708
"B2m",5396,858,4538
"Trim69",18328,1838,16490
"4933406J08Rik",20122,2111,18011
"Gm14058",1154,1154,0
"Rps12-ps10",507,507,0
"Sord",30499,2259,28240
"Duox2",19497,6083,13414
"Duoxa2",3986,1592,2394
"Duoxa1",10205,1675,8530
"Duox1",35416,6626,28790
"Shf",20278,2026,18252
"LOC105244278",29919,1752,28167
"Slc28a2",34798,4048,30750
"Bambi-ps1",1215,1215,0
"Gm14085",43100,3740,39360
"Gm34325",15328,1041,14287
"Gm17958",830,830,0
"Gatm",16805,2357,14448
"Spata5l1",5854,1332,4522
"AA467197",4117,1079,3038
"Mir147",79,79,0
"Slc30a4",21431,5482,15949
"4930417H01Rik",18635,3064,15571
"Bloc1s6os",5486,1109,4377
"Bloc1s6",10983,3494,7489
"Sqrdl",44642,2861,41781
"Gm34430",970,222,748
"LOC105244279",23925,628,23297
"Sema6d",577821,8424,569397
"4930517E11Rik",6321,1457,4864
"4930583P06Rik",4680,733,3947
"Gm34484",15113,4034,11079
"LOC105244280",58540,1059,57481
"Slc24a5",20551,1951,18600
"Myef2",41453,7667,33786
"Ctxn2",13250,2266,10984
"Slc12a1",77403,4741,72662
"LOC102638255",11665,4843,6822
"Dut",11802,2512,9290
"Fbn1",205892,10176,195716
"Cep152",62089,5872,56217
"Gm35029",4677,2108,2569
"Gm34949",1421,1421,0
"Shc4",96714,5349,91365
"Eid1",2544,2544,0
"Gm35231",1881,1404,477
"Secisbp2l",45885,6797,39088
"Cops2",28781,3364,25417
"LOC105244281",870,723,147
"Galk2",125190,3498,121692
"Fam227b",168605,1945,166660
"Fgf7",90078,4947,85131
"Dtwd1",13165,1734,11431
"Atp8b4",179697,6734,172963
"Gm18332",852,852,0
"Gm26697",24542,2345,22197
"Slc27a2",35220,2301,32919
"Hdc",30364,2647,27717
"Gabpb1",47771,7260,40511
"Gm18720",2822,2822,0
"LOC105244282",8714,1129,7585
"Usp8",52113,4359,47754
"Gm10774",384,384,0
"Usp50",22411,1748,20663
"Trpm7",84704,7194,77510
"Gm19213",635,635,0
"Sppl2a",42845,5670,37175
"Mir3473g",136,136,0
"Ap4e1",61136,6929,54207
"Blvra",26456,1513,24943
"Gm31414",1977,1223,754
"LOC105244283",5037,1699,3338
"Ncaph",30146,2695,27451
"Gm35347",4635,608,4027
"Itpripl1",4720,4386,334
"1810024B03Rik",22116,2003,20113
"Snrnp200",32048,6740,25308
"Ciao1",6879,3075,3804
"Tmem127",12790,4401,8389
"Stard7",28733,3373,25360
"Gm33161",6789,1013,5776
"Dusp2",2219,1618,601
"Astl",19017,2545,16472
"Adra2b",3936,3936,0
"Gm35432",19782,3391,16391
"LOC105244284",9636,5345,4291
"Gpat2",25466,3088,22378
"LOC105244285",7010,410,6600
"Fahd2a",8351,1226,7125
"Kcnip3",65597,7083,58514
"LOC105244286",6530,3929,2601
"Gm35478",11777,3108,8669
"Prom2",14465,4266,10199
"LOC102642459",1158,1158,0
"Zfp661",12519,8117,4402
"Mrps5",19404,4353,15051
"Mal",23470,2778,20692
"Gm14245",2549,2549,0
"LOC102641286",10019,4900,5119
"Mall",25508,1967,23541
"Nphp1",48183,2320,45863
"1500011K16Rik",1112,811,301
"Bub1",31677,4354,27323
"Acoxl",287456,5637,281819
"Gm19501",1695,1695,0
"LOC105244287",4002,684,3318
"Bcl2l11",36510,11217,25293
"Gm33229",635,635,0
"Gm14009",35545,1570,33975
"Gm14005",130689,4492,126197
"Gm14010",3174,2636,538
"Gm36154",36079,1543,34536
"Gm29010",32685,1346,31339
"LOC105244289",59031,387,58644
"LOC105244288",1865,1122,743
"Gm14006",1189,1189,0
"Gm36203",5574,1220,4354
"LOC105244291",5654,1549,4105
"Gm355",16819,2301,14518
"LOC105244290",3870,1173,2697
"LOC102640103",2421,2421,0
"Anapc1",77328,10384,66944
"LOC105244292",10942,3494,7448
"Mertk",104166,4997,99169
"Tmem87b",36190,4925,31265
"Fbln7",33173,2979,30194
"Zc3h8",17817,1631,16186
"Gm14028",857,857,0
"Zc3h6",51162,5017,46145
"Gm14025",41765,10365,31400
"Ttl",30337,4562,25775
"Polr1b",27091,5489,21602
"Chchd5",4413,1303,3110
"Gm14026",2303,2303,0
"AI847159",2526,1006,1520
"LOC105244293",10642,784,9858
"Slc20a1",12843,4165,8678
"A730036I17Rik",16638,3433,13205
"Ckap2l",29021,3155,25866
"Gm14023",10457,1781,8676
"Il1a",11293,4280,7013
"Gm18333",562,562,0
"Il1b",7331,2649,4682
"Il1bos",5832,1396,4436
"Spcs2-ps",1229,785,444
"F830045P16Rik",78806,2951,75855
"Gm14040",23298,1963,21335
"Gm14041",3710,689,3021
"Sirpa",39623,4601,35022
"Pdyn",13390,2547,10843
"Gm14046",739,739,0
"4932416H05Rik",3091,3091,0
"Stk35",31771,6195,25576
"LOC105244294",15049,1483,13566
"Tgm3",62606,4239,58367
"Mir6339",117,117,0
"AU015228",2982,2982,0
"Tgm6",41817,3546,38271
"Snrpb",7741,1257,6484
"Tmc2",69252,3216,66036
"LOC105244296",9225,797,8428
"LOC105244295",16539,1100,15439
"Nop56",4947,2606,2341
"Snord110",59,59,0
"Snord57",63,63,0
"Idh3b",5234,1611,3623
"Gm30169",1594,1399,195
"Ebf4",75233,3562,71671
"LOC105244297",2797,1208,1589
"Gm14044",510,510,0
"Cpxm1",6855,2421,4434
"LOC105244298",1057,1057,0
"1700020A23Rik",816,733,83
"Tmem239",1273,1139,134
"Pced1a",6958,4532,2426
"Vps16",19966,3916,16050
"Ptpra",104049,3875,100174
"4930473A02Rik",19959,1409,18550
"Mrps26",1638,962,676
"Oxt",2088,1819,269
"Avp",1865,507,1358
"Ubox5",40043,3884,36159
"Fastkd5",16190,3164,13026
"Lzts3",10080,4504,5576
"Ddrgk1",11518,3434,8084
"Gm30229",1222,898,324
"Itpa",13774,1159,12615
"Slc4a11",13413,3385,10028
"4930402H24Rik",134608,7856,126752
"Gm19258",278,278,0
"Gm14057",2136,2136,0
"A730017L22Rik",33856,2375,31481
"Gm14048",1494,1494,0
"Atrn",123887,8880,115007
"Gm14049",633,633,0
"Gm30286",11469,1729,9740
"LOC105244299",3265,2703,562
"Gfra4",3457,1993,1464
"Mir6973b",80,80,0
"Adam33",12998,5368,7630
"Siglec1",17568,6558,11010
"Gm30378",5525,1068,4457
"Hspa12b",18574,4133,14441
"1700037H04Rik",13772,1618,12154
"Gm14232",11636,3404,8232
"Spef1",4550,2264,2286
"Cenpb",2724,2724,0
"Cdc25b",12076,3663,8413
"Ap5s1",3155,1601,1554
"Mavs",13963,3190,10773
"Pank2",37178,4681,32497
"Mir103-2",86,86,0
"Rnf24",54405,10964,43441
"Gm14284",443,443,0
"Gm30590",10826,199,10627
"LOC102636261",690,690,0
"LOC105244300",23572,4080,19492
"Gm30679",9904,2858,7046
"Smox",33402,2538,30864
"Gm30732",3133,2240,893
"LOC105244301",22677,6844,15833
"Adra1d",16929,2394,14535
"Gm14285",1568,573,995
"Gm30986",8772,1571,7201
"5330413P13Rik",27651,3631,24020
"Gm14281",1270,1270,0
"Erv3",35921,3501,32420
"Lamr1-ps1",947,947,0
"Prn",46204,3400,42804
"Prnp",28509,3732,24777
"Prnd",5271,3212,2059
"Rassf2",37438,5389,32049
"LOC105244302",4541,3932,609
"Gm31179",9981,1797,8184
"Slc23a2",92613,7115,85498
"Gm14052",953,953,0
"Gm14051",76749,1560,75189
"Gm29720",365,365,0
"Tmem230",8924,2220,6704
"Pcna",3895,1260,2635
"LOC102633666",7518,462,7056
"Cds2",49442,9626,39816
"Prokr2",15170,5077,10093
"4921508D12Rik",27759,1075,26684
"LOC105244303",4075,1145,2930
"1700026D11Rik",33330,847,32483
"Gpcpd1",49201,5397,43804
"AU019990",54872,2497,52375
"Rpl23a-ps4",515,515,0
"Gm14099",604,604,0
"Gm14098",525,525,0
"1110034G24Rik",64181,5327,58854
"Gm14097",565,565,0
"LOC102633833",4083,461,3622
"Chgb",13795,2733,11062
"Gm31500",2787,984,1803
"Trmt6",11848,3120,8728
"Mcm8",28057,3481,24576
"Crls1",20137,2099,18038
"Lrrn4",27816,5858,21958
"Fermt1",41860,5257,36603
"Gm14103",509,509,0
"Gm14094",604,604,0
"Gm31851",4161,2571,1590
"A430048G15Rik",22286,1901,20385
"LOC105244304",3938,3077,861
"Bmp2",10738,3566,7172
"Mir3090",87,87,0
"LOC105244305",46840,712,46128
"Hao1",56992,2029,54963
"Tmx4",49621,5148,44473
"LOC102636379",884,475,409
"Gm14038",1569,1569,0
"Plcb1",689095,12574,676521
"LOC102634483",683,683,0
"LOC105244306",6576,5727,849
"4930545L23Rik",46044,2502,43542
"Gm31993",8823,526,8297
"9630028H03Rik",2691,2288,403
"LOC102642414",7556,2722,4834
"Plcb4",356166,9236,346930
"Gm14210",29174,7049,22125
"Lamp5",17959,2369,15590
"Pak7",306880,5029,301851
"LOC105244307",3851,365,3486
"Gm14056",757,757,0
"Gm32546",41144,3744,37400
"Gm32746",4030,2131,1899
"Ankef1",23534,2723,20811
"Gm32659",184875,7015,177860
"Snap25",68991,2253,66738
"LOC105244308",8865,8865,0
"LOC105244309",11640,1234,10406
"Mkks",17726,3288,14438
"Slx4ip",190959,13731,177228
"LOC102635469",3400,2863,537
"Jag1",35070,11721,23349
"LOC105244310",15580,462,15118
"Gm14055",42835,3310,39525
"Gm14064",58979,1432,57547
"Gm14062",5497,2845,2652
"Btbd3",30841,5113,25728
"LOC102636024",70754,3661,67093
"LOC105244409",5752,5624,128
"LOC105244410",11821,5130,6691
"LOC105244311",7058,480,6578
"Gm14061",180002,3209,176793
"LOC105244312",3593,324,3269
"Mir1952",79,79,0
"Gm14065",838,838,0
"LOC545466",50581,2402,48179
"LOC101055748",536,536,0
"Sptlc3",143762,2845,140917
"Ism1",83575,6136,77439
"Tasp1",234188,5149,229039
"Rps19-ps7",487,487,0
"Esf1",50679,3476,47203
"Ndufaf5",34622,2864,31758
"Sel1l2",160118,2927,157191
"Macrod2",1997611,8379,1989232
"LOC105244314",11543,790,10753
"Flrt3",13279,4537,8742
"Zcchc9-ps",783,783,0
"Fau-ps1",466,466,0
"LOC105244313",6575,3780,2795
"Rpl26-ps5",524,524,0
"Rbmx2-ps",1213,1213,0
"Kif16b",283262,9957,273305
"Kif16bos",1787,1674,113
"Snrpb2",8984,1230,7754
"Otor",3209,917,2292
"Gm14083",720,720,0
"Gm14082",871,871,0
"Gm33599",65861,661,65200
"Pcsk2os1",12362,4233,8129
"Pcsk2",270152,4745,265407
"LOC105244315",13992,8030,5962
"Pcsk2os2",41604,3370,38234
"Bfsp1",88747,4191,84556
"LOC102636741",2306,2306,0
"Gm33648",9491,5276,4215
"Dstn",27994,1900,26094
"Gm33804",678,577,101
"Rrbp1",63902,6425,57477
"Banf2",40878,528,40350
"Banf2os",148365,5160,143205
"Gm11687",951,951,0
"Gm5535",16141,2344,13797
"LOC105244316",1289,332,957
"Snx5",20780,2621,18159
"Snord17",221,221,0
"Mgme1",10377,3160,7217
"Ovol2",26906,1858,25048
"Gm34181",6908,1158,5750
"Gm11700",593,593,0
"Gm11701",979,979,0
"Pet117",4355,322,4033
"Csrp2bp",38644,3751,34893
"Zfp133-ps",8515,1079,7436
"LOC171588",1557,1557,0
"Dzank1",56871,6902,49969
"Polr3f",14035,4160,9875
"Rbbp9",8595,2160,6435
"Gm34292",9081,378,8703
"Sec23b",34525,2915,31610
"Gm561",1301,459,842
"Dtd1",168795,1283,167512
"Gm11743",2205,2205,0
"LOC105244317",25265,4384,20881
"Scp2d1",750,750,0
"LOC105244318",91780,659,91121
"Slc24a3",474455,4135,470320
"Gm34374",9053,8932,121
"Gm14092",5528,1814,3714
"Gm19115",652,652,0
"LOC105244319",3440,1902,1538
"BC039771",52478,2084,50394
"Gm34570",1234,1013,221
"Gm34513",12325,5219,7106
"Rin2",115890,5413,110477
"LOC105244320",35756,1575,34181
"Gm11764",614,614,0
"Naa20",13220,1207,12013
"Crnkl1",17219,3111,14108
"Cfap61",29443,1561,27882
"Gm34629",4599,732,3867
"Insm1",3024,3024,0
"Ralgapa2",273099,14154,258945
"A930019D19Rik",7875,958,6917
"Gm14117",840,840,0
"4933406D12Rik",3178,737,2441
"Gm34689",21842,1176,20666
"Gm14111",1209,1209,0
"Gm35433",7652,345,7307
"Gm14114",13566,3577,9989
"Gm35030",2981,2040,941
"Gm34978",2625,2182,443
"Kiz",114275,3835,110440
"Gm19167",602,602,0
"Gm19105",584,584,0
"Xrn2",65372,6321,59051
"Nkx2-4",2103,1698,405
"Gm34889",19717,440,19277
"Gm14116",836,836,0
"Nkx2-2",18238,3628,14610
"Nkx2-2os",147599,4345,143254
"6430503K07Rik",1059,551,508
"LOC105244321",8228,1150,7078
"LOC100861763",570,570,0
"Gm14113",1191,1191,0
"AI646519",1253,735,518
"Pax1",13125,3248,9877
"LOC105244322",3444,436,3008
"Gm35479",48482,689,47793
"A530006G24Rik",6940,1331,5609
"Gm35528",7030,864,6166
"Gm35579",15625,496,15129
"9030622O22Rik",96102,16513,79589
"Foxa2",4093,2370,1723
"Gm14108",674,674,0
"Gm36597",11744,225,11519
"LOC105244323",15578,1647,13931
"Sstr4",1388,1388,0
"Thbd",3718,3718,0
"Cd93",6885,6638,247
"Nxt1",3412,1101,2311
"Gzf1",13565,4398,9167
"Napb",38436,4365,34071
"Cstl1",5018,649,4369
"Cst11",2880,606,2274
"8030411F24Rik",3928,601,3327
"Cst12",4077,546,3531
"Cst8",6758,979,5779
"Cst13",10312,960,9352
"Cst9",3591,686,2905
"9230104L09Rik",6343,2816,3527
"Cst3",3737,742,2995
"Gm14129",3973,345,3628
"LOC105244324",2540,440,2100
"Gm9425",1959,1959,0
"Gm14132",1713,1713,0
"Gm14131",794,794,0
"Cst10",5030,789,4241
"Gm14130",1207,1207,0
"Gm14133",44964,1382,43582
"Syndig1",174340,3019,171321
"Gm18167",665,665,0
"Gm14140",998,998,0
"Zfp120",22272,4096,18176
"Gm10770",695,695,0
"LOC105244325",16366,375,15991
"Gm14139",11525,1728,9797
"Zfp937",26792,6936,19856
"Gm21994",2902,1396,1506
"Gm14124",12784,3018,9766
"Gm14125",873,873,0
"3300002I08Rik",56573,3244,53329
"Gm10130",15757,2418,13339
"Gm14122",2532,1519,1013
"Zfp442",45159,6346,38813
"LOC102631547",960,883,77
"Zfp345",14561,3194,11367
"Gm14121",1353,1353,0
"Gm14128",1196,1196,0
"Cst7",8530,986,7544
"Apmap",25478,3948,21530
"Acss1",50130,3594,46536
"E130215H24Rik",1439,936,503
"Vsx1",8436,3568,4868
"Entpd6",22638,2609,20029
"Gm30141",12667,1762,10905
"Pygb",44953,3838,41115
"Abhd12",72253,2418,69835
"Gins1",21724,1609,20115
"Gm20550",420,420,0
"LOC102632006",1326,1326,0
"Ninl",74880,5217,69663
"Gm14141",842,842,0
"Nanp",9695,1469,8226
"Gm14151",8158,3709,4449
"Gm14147",8459,4005,4454
"Gm30478",13950,702,13248
"Gm14149",26118,1465,24653
"LOC105244411",2288,1029,1259
"Gm14144",30458,13640,16818
"4930442J19Rik",13965,1466,12499
"Gm19306",2229,1568,661
"Gm14148",1261,1261,0
"LOC100125594",23993,2170,21823
"Gm14150",1342,1342,0
"4921509C19Rik",15889,3878,12011
"Nsfl1c",17129,1486,15643
"Gm14167",1646,461,1185
"Fkbp1a",19209,1944,17265
"LOC105244326",3249,805,2444
"Sdcbp2",17397,1578,15819
"Snph",42482,5973,36509
"Gm19180",643,643,0
"Rad21l",26257,2878,23379
"Tmem74bos",8072,3312,4760
"Tmem74b",17307,12749,4558
"Psmf1",28127,3737,24390
"4930556L07Rik",4563,2369,2194
"Gm14153",1139,1139,0
"Rspo4",32090,3182,28908
"Angpt4",33323,1530,31793
"Fam110a",33392,3805,29587
"Mir1953",89,89,0
"Slc52a3",12748,2766,9982
"AA387200",6460,2073,4387
"Scrt2",14274,3395,10879
"Gm31475",1866,1663,203
"Srxn1",5853,2812,3041
"Gm31535",2924,1320,1604
"Tcf15",6052,1346,4706
"Rps15a-ps7",460,460,0
"Csnk2a1",55126,4477,50649
"Tbc1d20",18719,1936,16783
"Rbck1",16310,2568,13742
"Trib3",6636,2051,4585
"Gm14164",29654,1997,27657
"Gm14165",1096,1096,0
"Nrsn2",8399,2501,5898
"Sox12",4436,4436,0
"Zcchc3",3089,3089,0
"6820408C15Rik",28750,2842,25908
"LOC105244327",2102,479,1623
"Defb23",5566,624,4942
"Gm14156",499,499,0
"Defb20",2872,690,2182
"Defb22",4473,625,3848
"Defb26",3981,647,3334
"Defb28",3193,397,2796
"Defb29",1538,466,1072
"LOC105244328",22903,1641,21262
"Defb21",2201,587,1614
"Defb19",4227,394,3833
"LOC105244404",729,650,79
"Defb45",3295,388,2907
"Defb36",8403,468,7935
"Gm31618",5428,2787,2641
"LOC102634018",1280,1280,0
"Defb25",698,293,405
"Rem1",8184,1603,6581
"Gm31791",3616,1721,1895
"1700030C14Rik",1467,775,692
"H13",39232,9961,29271
"Mcts2",799,799,0
"Id1",1174,953,221
"Gm14162",598,598,0
"Gm32057",15670,2781,12889
"Cox4i2",10865,727,10138
"Bcl2l1",73850,5896,67954
"Gm32211",1405,1405,0
"Tpx2",47358,4365,42993
"Mir5622",60,60,0
"Mylk2",11790,4045,7745
"Foxs1",1311,1311,0
"Dusp15",11283,4063,7220
"Ttll9",57672,5291,52381
"LOC105244329",6785,4831,1954
"Pdrg1",6494,1229,5265
"Xkr7",31755,9639,22116
"Gm32286",11456,572,10884
"Ccm2l",15803,3378,12425
"Hck",42974,2092,40882
"Tm9sf4",49166,3901,45265
"LOC102634854",258,258,0
"Tspyl3",3072,3072,0
"Plagl2",13592,6583,7009
"Pofut1",29498,6541,22957
"LOC105244330",7451,583,6868
"Kif3b",41982,6000,35982
"2500004C02Rik",4654,1898,2756
"Asxl1",57869,7265,50604
"Nol4l",122511,8010,114501
"Gm14472",2553,2553,0
"4930404H24Rik",10600,6353,4247
"Commd7",15865,4218,11647
"Dnmt3b",38566,6031,32535
"Gm17897",848,848,0
"Dnmt3b-ps1",23530,23530,0
"Mapre1",32031,7330,24701
"Efcab8",14304,1463,12841
"LOC101055837",40062,2794,37268
"Gm14494",1024,1024,0
"Sun5",14908,1427,13481
"Bpifb2",20226,1730,18496
"Bpifb6",12408,1708,10700
"Bpifb3",14767,1859,12908
"Bpifb4",25636,2175,23461
"Bpifa6",25551,1572,23979
"Bpifa2",7798,961,6837
"LOC101055792",1062,1062,0
"Bpifa3",8056,1332,6724
"Bpifa1",6338,1104,5234
"Bpifa5",5840,1085,4755
"Bpifb1",29526,1712,27814
"Bpifb5",17161,1993,15168
"Bpifb9a",17267,5940,11327
"Gm14197",1184,1184,0
"Cdk5rap1",83042,3031,80011
"Bpifb9b",13401,2048,11353
"Snta1",31771,2115,29656
"LOC105244331",4822,453,4369
"Cbfa2t2",102894,6449,96445
"Gm18767",608,608,0
"Necab3",15008,2405,12603
"1700003F12Rik",1147,735,412
"Actl10",1501,1501,0
"E2f1",10493,3099,7394
"LOC105244332",1821,1522,299
"Pxmp4",16630,1468,15162
"LOC105242390",6872,1368,5504
"Zfp341",35025,5031,29994
"LOC102635682",12912,2073,10839
"Chmp4b",37758,1606,36152
"LOC105244333",6760,5291,1469
"Rpl5-ps2",989,989,0
"Gm14216",3411,500,2911
"LOC102642194",31206,905,30301
"Gm14214",837,837,0
"Raly",79914,5604,74310
"LOC105244334",4045,4010,35
"Eif2s2",21497,2513,18984
"a",100851,10727,90124
"LOC105244335",1255,914,341
"Ahcy",15188,2543,12645
"LOC105244336",3314,3071,243
"2310005A03Rik",2289,1394,895
"Itch",93477,5536,87941
"Gm14227",743,743,0
"Dynlrb1",13745,1009,12736
"Map1lc3a",1710,1045,665
"Pigu",79182,1630,77552
"LOC105244337",3226,3165,61
"LOC105244405",5893,3516,2377
"Mir695",109,109,0
"Trp53inp2",8040,4872,3168
"Ncoa6",83239,7198,76041
"Gm17959",640,640,0
"Gm14239",2109,2109,0
"LOC105244339",2820,1313,1507
"LOC105244338",1284,1284,0
"Ggt7",24482,2727,21755
"Acss2",44794,3184,41610
"Acss2os",9891,629,9262
"Gss",29630,2022,27608
"LOC105244340",2974,2767,207
"LOC102636309",19600,1893,17707
"Myh7b",23065,6608,16457
"Mir499",79,79,0
"Trpc4ap",58108,3198,54910
"Edem2",27803,2706,25097
"Procr",4354,1822,2532
"Mmp24",43023,4304,38719
"BC029722",1474,1392,82
"Eif6",7089,1495,5594
"Fam83c",5672,2337,3335
"Uqcc1",83458,4952,78506
"Gdf5",4342,2317,2025
"Cep250",42629,8333,34296
"6430550D23Rik",25008,4256,20752
"Ergic3",10247,1422,8825
"Fer1l4",33880,6878,27002
"LOC105244412",4962,135,4827
"Gm14240",843,843,0
"LOC105244341",3705,793,2912
"Spag4",4487,1702,2785
"Cpne1",40125,3520,36605
"Rbm12",17084,3752,13332
"Nfs1",20550,2094,18456
"Romo1",1642,630,1012
"Rbm39",33000,6476,26524
"LOC105244342",1866,1660,206
"Phf20",113307,5733,107574
"Scand1",859,760,99
"Cnbd2",63239,3924,59315
"Gm14251",360,360,0
"Gm14253",1395,1395,0
"LOC105244343",4044,2293,1751
"Rpl21-ps9",577,577,0
"2900097C17Rik",4917,4917,0
"Gm14173",339,339,0
"Epb4.1l1",122728,9872,112856
"Gm33977",13482,6502,6980
"Aar2",21415,3641,17774
"LOC102642578",2059,1676,383
"Gm14169",4225,2527,1698
"Dlgap4",150731,12853,137878
"Gm14172",709,709,0
"Gm34111",11725,1156,10569
"4930405A21Rik",6371,995,5376
"Myl9",6224,1145,5079
"Gm14231",724,724,0
"Gm14230",9115,4872,4243
"Tgif2",15759,4107,11652
"5430405H02Rik",10543,1509,9034
"LOC105244344",514,300,214
"1110008F13Rik",10442,1051,9391
"Sla2",14320,2728,11592
"Gm14248",628,628,0
"Gm14278",3159,3159,0
"Ndrg3",64770,3140,61630
"Gm14276",1920,1920,0
"Dsn1",12014,2283,9731
"Soga1",68824,13232,55592
"Tldc2",21698,8744,12954
"Samhd1",37749,4896,32853
"Rbl1",58642,5548,53094
"LOC105244345",910,787,123
"Mroh8",71002,3487,67515
"Rpn2",47308,3295,44013
"Ghrh",17241,669,16572
"LOC105244346",7674,1695,5979
"Manbal",29170,1107,28063
"LOC105244347",4201,3023,1178
"Src",47938,4508,43430
"Blcap",10591,2699,7892
"Nnat",2448,1336,1112
"2410019O14Rik",1791,682,1109
"Gm34293",5897,2013,3884
"Ctnnbl1",154503,2749,151754
"Gm14176",1006,1006,0
"Vstm2l",30067,1363,28704
"Tti1",46675,4147,42528
"Gm34402",6817,4607,2210
"Gm18385",689,689,0
"Rprd1b",49719,4611,45108
"2010009K17Rik",21434,570,20864
"Gm34458",8277,2344,5933
"Tgm2",29988,3549,26439
"Gm34514",589,320,269
"D630003M21Rik",46757,5908,40849
"1700060C20Rik",3730,593,3137
"Mir7685",62,62,0
"Gm34571",11127,3925,7202
"Bpi",26443,1931,24512
"Lbp",26360,2525,23835
"9430008C03Rik",7823,3172,4651
"Snhg11",10508,5864,4644
"Ralgapb",89425,9281,80144
"Adig",5587,632,4955
"Arhgap40",37833,2028,35805
"Gm14204",15252,6738,8514
"Slc32a1",4990,2805,2185
"Actr5",14574,2659,11915
"Mir3474",58,58,0
"Ppp1r16b",99602,6572,93030
"Fam83d",18539,2468,16071
"Dhx35",63451,6070,57381
"LOC102642755",56254,550,55704
"Gm11445",800,800,0
"Gm11446",803,803,0
"4933416E03Rik",33949,1127,32822
"9130015L21Rik",23968,607,23361
"Gm34741",14440,4793,9647
"Gm34805",36890,2006,34884
"Gm826",37621,1364,36257
"Mafb",3389,3389,0
"Gm34980",7303,6872,431
"LOC105244348",13136,1894,11242
"Top1",76868,3847,73021
"Gm35032",8821,2587,6234
"Plcg1",44451,4435,40016
"Zhx3",102544,4480,98064
"LOC105244349",3855,3855,0
"Gm35129",6398,2497,3901
"Lpin3",25331,3703,21628
"Emilin3",5902,3558,2344
"Gm35181",13714,1867,11847
"Chd6",162125,11646,150479
"LOC105244350",5253,1610,3643
"Gm5270",1237,1237,0
"Gm11448",534,534,0
"Gm35374",21438,1941,19497
"Ptprt",1139160,14450,1124710
"LOC105244351",5178,4520,658
"Ptprtos",3134,631,2503
"9430021M05Rik",14042,2148,11894
"LOC102639013",7852,5788,2064
"Gm11451",738,738,0
"Gm11452",1565,1565,0
"LOC105244352",1236,1036,200
"Gm20267",4185,4185,0
"Srsf6",5614,3547,2067
"L3mbtl1",35457,10169,25288
"Gm11453",1228,1228,0
"Sgk2",26838,3780,23058
"Ift52",28858,2441,26417
"Mybl2",30356,4141,26215
"Mir7003",66,66,0
"Gtsf1l",2571,880,1691
"Gm11454",23774,3453,20321
"Tox2",120460,2662,117798
"Jph2",61808,4765,57043
"Gm35750",10206,3468,6738
"Oser1",13649,2021,11628
"Gdap1l1",16906,2681,14225
"LOC105244353",5602,3419,2183
"Fitm2",3927,1643,2284
"2310001K24Rik",459,459,0
"R3hdml",13151,4062,9089
"Hnf4aos",47918,843,47075
"Hnf4a",66099,4701,61398
"Gm18590",533,533,0
"Ttpal",16733,5132,11601
"Serinc3",21879,3859,18020
"0610039K10Rik",951,951,0
"Pkig",67773,1426,66347
"LOC102639518",6734,2851,3883
"Ada",23669,1704,21965
"Wisp2",12369,2040,10329
"Kcnk15",5125,1032,4093
"Rims4",59235,5264,53971
"Gm35886",23937,1798,22139
"Ywhab",23392,3140,20252
"Pabpc1l",25769,3170,22599
"Tomm34",17640,2379,15261
"Stk4",81416,5432,75984
"Kcns1",7495,2712,4783
"LOC102639814",27712,2933,24779
"Wfdc5",6418,2371,4047
"Wfdc12",1328,725,603
"Wfdc15a",1246,466,780
"Wfdc15b",7210,592,6618
"Svs2",2413,1570,843
"Svs3b",2281,1252,1029
"Svs4",2352,575,1777
"Svs3a",2233,1200,1033
"Svs6",1700,532,1168
"Svs5",1630,601,1029
"Slpi",2438,876,1562
"Mir7678",71,71,0
"Matn4",15768,2799,12969
"Rbpjl",12393,2610,9783
"Sdc4",18942,2460,16482
"Sys1",22657,3129,19528
"Trp53tg5",10910,1842,9068
"Dbndd2",21089,4157,16932
"LOC102638515",1342,1237,105
"Pigt",10791,2571,8220
"Gm36090",16131,4394,11737
"Gm14317",10264,3302,6962
"Wfdc2",5948,865,5083
"Spint3",3762,554,3208
"Wfdc6a",6327,1355,4972
"Eppin",5229,755,4474
"Wfdc8",17169,3811,13358
"Wfdc6b",4636,864,3772
"Wfdc16",4108,1173,2935
"Gm11456",324,324,0
"Wfdc9",7470,1219,6251
"Wfdc10",1323,459,864
"Wfdc11",11360,783,10577
"Wfdc13",2600,1074,1526
"Spint4",3948,746,3202
"Spint5",2764,443,2321
"Wfdc3",14685,1335,13350
"Dnttip1",22229,1268,20961
"LOC105244355",3422,1888,1534
"LOC105244354",8848,732,8116
"Ube2c",2974,931,2043
"Tnnc2",2574,693,1881
"Snx21",8049,2303,5746
"Acot8",27441,1605,25836
"Zswim3",17014,2689,14325
"Zswim1",4182,2701,1481
"Spata25",1153,783,370
"Neurl2",2867,1156,1711
"Ctsa",8161,3675,4486
"Pltp",18191,1845,16346
"LOC105244413",5167,1929,3238
"Pcif1",12070,2933,9137
"Zfp335",19869,4866,15003
"Zfp335os",9917,5105,4812
"Mmp9",15107,3399,11708
"Slc12a5",38914,6209,32705
"Ncoa5",34512,3203,31309
"Gm19133",2097,2097,0
"Cd40",16051,1890,14161
"1700025C18Rik",12058,702,11356
"Gm36690",1620,910,710
"Cdh22",123379,5013,118366
"Gm36803",6885,4393,2492
"Gm36748",12186,9871,2315
"Slc35c2",11367,2508,8859
"Elmo2",38449,5051,33398
"LOC105244356",1495,1349,146
"Zfp663",18681,4699,13982
"Gm29831",6466,5752,714
"Zfp334",10884,5126,5758
"Ocstamp",4945,1956,2989
"Slc13a3",67931,3424,64507
"Gm14437",19663,5728,13935
"2810408M09Rik",3203,1868,1335
"Slc2a10",16021,3434,12587
"Eya2",176700,2857,173843
"Gm29993",5094,1534,3560
"Zmynd8",114833,11103,103730
"Gm11465",1302,1085,217
"LOC105244357",5324,2998,2326
"Gm11462",572,572,0
"Ncoa3",80606,7628,72978
"Sulf2",81785,4264,77521
"LOC105244358",6190,1283,4907
"Gm30320",20305,1679,18626
"Gm30536",6994,2672,4322
"Gm11468",20924,383,20541
"Gm30733",8816,4295,4521
"LOC105244359",37182,1231,35951
"Gm30796",9870,847,9023
"5031425F14Rik",11320,1636,9684
"Gm30908",2497,2049,448
"Gm11469",733,733,0
"LOC105244360",8442,3352,5090
"Gm29679",2698,2608,90
"Prex1",147488,6530,140958
"Gm31117",9647,524,9123
"Trp53rk",6975,5179,1796
"Arfgef2",92588,8893,83695
"Gm31204",7423,1138,6285
"Cse1l",40339,3649,36690
"Stau1",48751,3652,45099
"Gm11470",1922,1922,0
"Ddx27",19696,2739,16957
"Znfx1",27226,7355,19871
"1500012F01Rik",2929,738,2191
"Snord12",66,66,0
"LOC105244361",4723,1077,3646
"Gm11472",623,623,0
"Kcnb1",92850,11153,81697
"Gm31476",5294,411,4883
"LOC105244363",3064,1768,1296
"1110018N20Rik",14268,5539,8729
"Ptgis",48934,1892,47042
"LOC105244364",2080,433,1647
"B4galt5",50735,4205,46530
"Slc9a8",56945,9201,47744
"Spata2",11739,5591,6148
"Rnf114",23525,3347,20178
"Gm11474",458,458,0
"Snai1",4588,1589,2999
"Gm11476",55087,4761,50326
"Gm31619",18517,4059,14458
"Gm11475",569,569,0
"Ube2v1",24409,2111,22298
"Gm31852",9886,5838,4048
"Tmem189",18320,1700,16620
"Gm31932",12220,2176,10044
"Cebpb",1518,1518,0
"A530013C23Rik",6655,2213,4442
"LOC102634439",9437,1566,7871
"Gm32077",3118,553,2565
"Gm32287",8605,4138,4467
"Gm14321",5917,2932,2985
"Gm32513",6919,432,6487
"Gm32600",5680,1925,3755
"Gm32685",3040,1469,1571
"Gm32747",798,456,342
"Gm32800",784,492,292
"Gm32845",10020,3537,6483
"Gm33033",4398,2728,1670
"Gm32928",2159,951,1208
"Ptpn1",47083,4361,42722
"Fam65c",70727,5580,65147
"Gm33108",8796,2775,6021
"LOC105244367",2315,1576,739
"Pard6b",20200,3399,16801
"LOC105244368",1718,1310,408
"E130018N17Rik",1911,1309,602
"Gm33185",1107,940,167
"Adnp",26098,4903,21195
"Dpm1",21332,2293,19039
"Mocs3",1682,1682,0
"Kcng1",23331,6236,17095
"LOC105244369",4743,991,3752
"Gm33262",1524,821,703
"Gm33359",16461,413,16048
"Gm14234",836,836,0
"Gm33413",2887,2170,717
"Nfatc2",125248,8373,116875
"Atp9a",107699,4264,103435
"Mir7004",64,64,0
"Sall4",18870,5282,13588
"LOC105244370",2674,2137,537
"LOC100502777",19409,2174,17235
"Zfp64",30227,2753,27474
"LOC105244371",2528,1437,1091
"Gm33622",17350,2706,14644
"1700017J07Rik",638,472,166
"LOC105244372",1750,1750,0
"Gm33806",5743,456,5287
"LOC105244373",5137,1162,3975
"LOC105244374",7784,551,7233
"LOC102637001",6125,526,5599
"Gm34112",43851,1202,42649
"Gm14249",21600,789,20811
"LOC102637316",4812,1148,3664
"1700101G07Rik",1160,1160,0
"Tshz2",439171,10578,428593
"LOC105244378",1812,1335,477
"Gm34344",2882,1958,924
"LOC105244377",20713,143,20570
"LOC105244376",23035,21574,1461
"A630075F10Rik",9539,2106,7433
"Zfp217",43035,7942,35093
"Gm34403",9086,3533,5553
"LOC105244379",29593,1688,27905
"Gm17619",570,414,156
"Gm14270",1096,1096,0
"Gm34542",5686,2118,3568
"LOC105244380",9084,521,8563
"Bcas1",83198,3429,79769
"Bcas1os2",24075,1174,22901
"Gm14269",1185,1185,0
"Gm34608",5623,3845,1778
"LOC105244381",873,375,498
"Cyp24a1",14174,3296,10878
"Pfdn4",22643,1059,21584
"Gm16796",12571,3172,9399
"LOC105244382",7208,1275,5933
"Gm14637",2612,485,2127
"4930470P17Rik",22600,1395,21205
"LOC105244383",14921,2926,11995
"Gm14264",10103,1935,8168
"LOC105244384",2736,401,2335
"Gm34981",13120,940,12180
"Dok5",147969,1774,146195
"Gm35033",2684,2108,576
"Gm14263",895,895,0
"LOC105244385",9847,1520,8327
"Gm35434",7484,639,6845
"Gm35481",17566,593,16973
"Gm35529",31423,1641,29782
"Gm35580",7274,1402,5872
"1700028P15Rik",5921,856,5065
"LOC105244386",2713,298,2415
"Cbln4",7131,2799,4332
"Gm14274",773,773,0
"LOC105244387",628,455,173
"Gm35719",1813,405,1408
"Mc3r",2623,2623,0
"LOC105244388",13085,3050,10035
"LOC105244389",12281,1226,11055
"Gm14273",14334,2276,12058
"Fam210b",10180,3612,6568
"Aurka",14517,2055,12462
"Cstf1",11747,3337,8410
"Cass4",40075,3822,36253
"Rtfdc1",29322,2142,27180
"Gcnt7",11477,5541,5936
"Fam209",1763,649,1114
"LOC105244390",20604,1036,19568
"Gm14303",336,336,0
"Gm35864",635,492,143
"Tfap2c",12945,3546,9399
"Gm35982",2559,819,1740
"Gm36038",30846,1589,29257
"Gm36156",4632,724,3908
"Gm36254",15629,3973,11656
"LOC102640035",3167,1993,1174
"Bmp7",72310,3670,68640
"LOC105244391",9125,8453,672
"Spo11",16355,3468,12887
"Rae1",15628,1882,13746
"Rbm38",14232,2066,12166
"Gm36417",16144,2287,13857
"Gm36337",2116,1240,876
"Gm36462",1819,1288,531
"LOC105244392",55421,4203,51218
"Ctcfl",25917,3247,22670
"Ctcflos",8456,3476,4980
"Gm36691",5190,1525,3665
"Gm36749",2918,1719,1199
"Pck1",6182,2617,3565
"Zbp1",12311,2162,10149
"Pmepa1",52076,4652,47424
"Gm36859",3215,2068,1147
"Gm36911",23623,884,22739
"LOC105244394",4848,4385,463
"Gm29859",4552,1303,3249
"Gm14642",1244,559,685
"1700021F07Rik",5911,641,5270
"Ankrd60",9681,1167,8514
"Ppp4r1l-ps",80220,4466,75754
"Rab22a",42338,1909,40429
"Mir6340",119,119,0
"1700010B08Rik",2672,896,1776
"Vapb",46766,6969,39797
"Gm18917",573,573,0
"LOC105244395",2585,1824,761
"Gm14371",62439,3351,59088
"Gm30017",11525,913,10612
"Atp5k-ps2",215,215,0
"Gm30143",2698,332,2366
"Vamp7-ps",1377,1377,0
"Stx16",23510,3857,19653
"Npepl1",12368,2283,10085
"Gm10714",58881,874,58007
"Mir296",79,79,0
"Mir298",82,82,0
"Nespas",14200,2248,11952
"Gnas",63301,12665,50636
"Gm30189",5261,2338,2923
"Nelfcd",11700,2358,9342
"Ctsz",11499,1393,10106
"LOC105244396",2196,2013,183
"Rpl30-ps5",469,469,0
"Tubb1",7786,2004,5782
"Atp5e",3027,414,2613
"Slmo2",7916,1584,6332
"LOC102641287",934,710,224
"LOC105244397",11849,239,11610
"Vmn1r-ps1",949,949,0
"Zfp831",112146,16516,95630
"Edn3",23285,2978,20307
"Gm14616",10927,1783,9144
"Gm30537",16756,138,16618
"LOC105244403",56033,1657,54376
"Gm30591",5549,1389,4160
"LOC105244402",387,195,192
"LOC105244401",1046,962,84
"LOC105244399",19769,3700,16069
"Gm14393",7420,1831,5589
"LOC105244398",13469,3633,9836
"Gm30680",3551,3335,216
"Gm14391",21760,3055,18705
"LOC101055915",17647,913,16734
"Gm14440",11681,3382,8299
"LOC102633156",32215,4675,27540
"Gm4724",16387,4538,11849
"Gm14306",10529,1295,9234
"Gm11007",16999,5158,11841
"LOC102639505",12064,1260,10804
"LOC102639653",32224,4676,27548
"Gm14288",8727,428,8299
"Rps8-ps2",688,688,0
"LOC100534288",1279,1279,0
"Gm6710",13938,3788,10150
"LOC105247078",2753,797,1956
"Gm8898",12818,3586,9232
"0610010B08Rik",16380,4539,11841
"Gm16357",18639,2684,15955
"Gm36391",2582,604,1978
"LOC628147",13084,2740,10344
"LOC105247087",44351,1412,42939
"Gm17960",837,837,0
"Gm6182",11469,1532,9937
"LOC105247086",5952,413,5539
"LOC105247085",40089,747,39342
"Gm1980",3655,3487,168
"Gm11009",14504,2053,12451
"Gm14435",12638,3186,9452
"LOC105246740",2753,797,1956
"Gm14434",16381,4538,11843
"Gm14431",12818,3586,9232
"LOC105246741",2753,797,1956
"Gm14308",16387,4538,11849
"Gm14305",52707,8494,44213
"Gm14390",1295,1295,0
"Gm14295",10105,1311,8794
"LOC102639412",2323,2323,0
"Gm14408",18655,2517,16138
"Gm14405",11646,1699,9947
"LOC105246742",8316,2045,6271
"LOC102639598",25157,3714,21443
"Gm17961",837,837,0
"Gm14419",13080,2811,10269
"Gm36055",2582,604,1978
"LOC102639713",5677,4312,1365
"Gm14401",1288,1288,0
"Gm14411",23947,23947,0
"Gm14410",14677,2539,12138
"Gm14400",4332,4332,0
"Gm14409",943,943,0
"LOC102640301",7048,584,6464
"LOC105246745",6536,413,6123
"Gm14412",266312,4132,262180
"LOC105246744",19092,526,18566
"Gm36348",979,550,429
"Gm14418",13406,13406,0
"Gm14414",689,689,0
"Gm14420",14453,4664,9789
"Gm14403",14086,3712,10374
"LOC105246743",12403,572,11831
"Gm14406",16450,16450,0
"LOC102633363",1018,935,83
"Gm14322",14252,4423,9829
"LOC105243790",3312,2883,429
"Gm14325",11328,4376,6952
"Gm14323",688,688,0
"Gm14327",30688,1101,29587
"C330013J21Rik",23895,2466,21429
"Gm14326",22144,4622,17522
"LOC102638674",5762,855,4907
"LOC105244421",16174,303,15871
"Etohi1",12576,4206,8370
"Zfp931",11548,1779,9769
"Gm35319",35452,1816,33636
"Phactr3",219518,5724,213794
"Sycp2",62364,9999,52365
"Gm18662",1077,1077,0
"4930421P05Rik",3903,2916,987
"Ppp1r3d",3258,3258,0
"Fam217b",7648,2302,5346
"Gm35532",1928,864,1064
"Cdh26",56852,3564,53288
"Gm35582",4872,1152,3720
"LOC105244422",5280,698,4582
"Gm35695",6492,1563,4929
"Gm35815",8492,979,7513
"Gm35888",391,291,100
"Gm14314",1022,1022,0
"Gm35948",8953,491,8462
"Gm14292",1665,1665,0
"Gm14294",5292,802,4490
"4930591A17Rik",1945,735,1210
"Gm36004",4099,363,3736
"Cdh4",456900,6534,450366
"Gm36206",3717,3567,150
"Gm36066",10925,4915,6010
"Taf4a",64501,4422,60079
"4921531C22Rik",2161,1905,256
"Lsm14b",10565,2741,7824
"Psma7",6099,1592,4507
"Ss18l1",27719,4958,22761
"Mtg2",15310,3445,11865
"Hrh3",4943,2625,2318
"Gm31567",3586,837,2749
"Osbpl2",43315,2745,40570
"Gm29886",21736,1931,19805
"Adrm1",4797,1530,3267
"Lama5",49533,11541,37992
"Mir7005",69,69,0
"Rps21",1072,428,644
"Mir3091",76,76,0
"Cables2",14952,3223,11729
"Rbbp8nl",14655,3468,11187
"Gm29943",22071,1977,20094
"Gata5",10425,3381,7044
"Gata5os",7876,1678,6198
"Gm29995",9780,2066,7714
"B230312C02Rik",15028,1336,13692
"Gm6307",16199,2019,14180
"Mir1a-1",77,77,0
"Mir133a-2",104,104,0
"Slco4a1",18604,3668,14936
"Gm30260",2910,974,1936
"Ntsr1",45004,3916,41088
"Gm30144",36029,2462,33567
"Mrgbp",5083,2875,2208
"Ogfr",6431,2558,3873
"Col9a3",24391,3037,21354
"Tcfl5",20736,2211,18525
"Gm30345",15947,1880,14067
"Dido1",52073,21754,30319
"Gid8",11374,5193,6181
"Gm30455",10137,1019,9118
"Slc17a9",17068,2384,14684
"Bhlhe23",2520,2520,0
"Gm14344",21664,4225,17439
"Gm14342",7732,1195,6537
"Mir124a-3",68,68,0
"Ythdf1",16560,3171,13389
"Birc7",6877,3074,3803
"Nkain4",20120,1376,18744
"Arfgap1",15300,3023,12277
"Col20a1",35310,8341,26969
"Gm30797",1157,414,743
"Chrna4",21270,4631,16639
"Kcnq2",59711,10393,49318
"Eef1a2",9324,2046,7278
"Ppdpf",1285,920,365
"Ptk6",8687,3307,5380
"Srms",13222,2599,10623
"LOC105244424",4251,784,3467
"BC051628",8879,2199,6680
"Helz2",14444,10294,4150
"Gmeb2",36526,5038,31488
"Rtel1",68589,7250,61339
"Gm7645",791,791,0
"Stmn3",8042,1136,6906
"Arfrp1",7715,3122,4593
"Zgpat",15863,2511,13352
"Zbtb46",121722,8432,113290
"Lime1",2394,1959,435
"Slc2a4rg-ps",3347,2986,361
"Abhd16b",1775,1775,0
"Tpd52l2",20859,3694,17165
"Dnajc5",32582,4938,27644
"Uckl1",12825,4606,8219
"Uckl1os",6636,2270,4366
"Znf512b",10696,5873,4823
"Mir7006",69,69,0
"Samd10",4274,2476,1798
"Prpf6",54343,3055,51288
"Gm29797",3852,3573,279
"Sox18",1804,1619,185
"Tcea2",7789,1966,5823
"Rgs19",5559,2059,3500
"Lkaaear1",1676,1376,300
"Oprl1",6180,3524,2656
"Gm14489",539,539,0
"Myt1",64450,11018,53432
"Gm18895",937,937,0
"Pcmtd2",21529,6055,15474
"Polr3k",6471,2925,3546
"Gm5466",2428,2428,0
"LOC105244425",4006,1202,2804
"LOC105244426",5279,451,4828
"Gm14496",9862,2550,7312
"Gm8747",631,631,0
"Hnf4g",151771,4463,147308
"Rps24-ps2",501,501,0
"Gm2071",1280,1280,0
"Gm2077",386,386,0
"Gm8775",1330,1330,0
"Gm34023",242,242,0
"LOC105246746",49024,1137,47887
"1110015O18Rik",16204,1533,14671
"Gm6140",966,966,0
"Gm17308",3127,623,2504
"2700069I18Rik",43000,782,42218
"Zfhx4",198442,15382,183060
"LOC105246759",2772,1205,1567
"4930555M17Rik",2382,445,1937
"Pex2",16690,3291,13399
"Gm8797",480,480,0
"Gm29732",2115,2071,44
"Gm17934",1138,1138,0
"Gm6162",2931,2931,0
"LOC105246747",2797,696,2101
"Gm18658",510,510,0
"Gm5272",1194,1194,0
"LOC105246748",47498,226,47272
"1700008P02Rik",5031,788,4243
"Olfr289-ps1",594,594,0
"LOC105246749",6029,188,5841
"Gm8823",436,436,0
"Pkia",78763,3786,74977
"Gm8826",1001,1001,0
"Zc2hc1a",50434,3489,46945
"Il7",41400,2640,38760
"LOC102634900",113732,2775,110957
"LOC105246750",6011,441,5570
"Gm29747",646,615,31
"1700010I02Rik",29585,436,29149
"5330432E05Rik",3163,3163,0
"Gm7103",1854,1854,0
"Gm5841",2586,2586,0
"Gm6194",1712,1712,0
"LOC105246751",5534,1091,4443
"Stmn2",52078,1904,50174
"Gm18822",1449,1226,223
"Gm32496",4404,702,3702
"Hey1",3680,2414,1266
"LOC105246752",2791,2646,145
"Gm32561",13661,2994,10667
"LOC102635252",4452,1814,2638
"LOC102635411",26521,1012,25509
"Mrps28",121712,722,120990
"LOC105246753",15547,99,15448
"Gm15466",956,956,0
"Tpd52",76144,3931,72213
"4930539M17Rik",9113,848,8265
"LOC105246754",17419,531,16888
"Gm33018",4746,1144,3602
"Zbtb10",34767,7449,27318
"LOC105246755",41148,985,40163
"C030034L19Rik",10826,3135,7691
"Zfp704",183076,13873,169203
"Gm33169",16796,2441,14355
"Gm17806",395,395,0
"Pag1",146201,8270,137931
"Gm33273",4661,1865,2796
"LOC100534370",2945,2945,0
"Gm17877",1508,1508,0
"Fabp5",4026,953,3073
"Gm33365",21043,989,20054
"Gm9833",4286,1660,2626
"Pmp2",4035,1364,2671
"Fabp9",3661,647,3014
"Fabp4",4256,873,3383
"Fabp12",57318,3652,53666
"LOC102636393",8176,4569,3607
"Impa1",17900,2811,15089
"Slc10a5",3923,3923,0
"Zfand1",11386,1911,9475
"Chmp4c",24033,1790,22243
"Snx16",22315,2661,19654
"Gm18692",536,536,0
"Gm33551",8643,472,8171
"Gm21631",758,758,0
"Gm8910",1686,1686,0
"Gm8919",1219,1219,0
"Gm10745",21131,1523,19608
"Gm18431",1025,1025,0
"Gm2429",768,768,0
"Gm18232",2518,2518,0
"Gm8935",2813,2813,0
"Gm8939",965,965,0
"Gm2464",1391,877,514
"Ralyl",710633,6126,704507
"4930539N22Rik",55727,1077,54650
"Gm2474",546,546,0
"Gm19114",1469,1469,0
"LOC105246756",23072,4298,18774
"Gm18661",975,975,0
"Gm19067",791,791,0
"Gm18659",948,948,0
"Gm6300",11123,2217,8906
"Gm8955",6745,1235,5510
"Slc7a12",25129,1736,23393
"Gm8957",1226,1226,0
"Lrrcc1",38871,6945,31926
"E2f5",27708,2403,25305
"1810022K09Rik",4968,594,4374
"Car13",21276,2299,18977
"Gm5843",6604,6604,0
"Car1",42152,1461,40691
"Gm16399",418,418,0
"LOC105246757",38735,1345,37390
"Car3",9047,1788,7259
"Car2",14493,1884,12609
"A930001A20Rik",31527,1581,29946
"Gm7132",1203,1203,0
"LOC105246758",5864,616,5248
"Gm33819",4274,856,3418
"Gm33874",10444,324,10120
"Gm9733",37208,795,36413
"Sirpb1a",54800,1816,52984
"Sirpb1b",79312,1697,77615
"Gm21014",1280,1280,0
"LOC100038947",53384,1818,51566
"Gm6321",1257,1257,0
"Gm7343",1059,1059,0
"Gm5150",59501,1582,57919
"Ythdf3",34033,5491,28542
"Gm30223",30878,6959,23919
"LOC105246998",39980,477,39503
"LOC105246999",66796,951,65845
"LOC105247001",22630,73,22557
"Gm5283",340,340,0
"Gm6350",1815,1815,0
"Gm18937",991,991,0
"Gm30340",498593,13211,485382
"2610100L16Rik",10151,1363,8788
"Mir124a-2",109,109,0
"LOC105247002",33233,4332,28901
"Gm19175",921,921,0
"Cypt12",509,509,0
"Gm5844",2754,2754,0
"Bhlhe22",3190,3190,0
"Cyp7b1",171944,2434,169510
"Gm30667",119675,957,118718
"4930433B08Rik",12193,646,11547
"Gm6369",39673,456,39217
"Pgk1-ps3",1646,1646,0
"Gm30723",7842,3571,4271
"Gm30789",23523,7036,16487
"Gm30341",329,329,0
"Armc1",30947,2956,27991
"Mtfr1",33492,3699,29793
"Pde7a",88267,7657,80610
"LOC105247004",13456,1152,12304
"Dnajc5b",102272,1186,101086
"Gm6141",752,752,0
"LOC102633032",5912,2490,3422
"Trim55",48021,2756,45265
"Crh",1996,1320,676
"LOC105247005",12873,2833,10040
"Gm18864",1059,1059,0
"Gm7442",500,500,0
"LOC102633274",635,635,0
"4632415L05Rik",4114,4114,0
"Gm17771",1176,930,246
"LOC105247006",8801,550,8251
"Cp",52764,6332,46432
"Hps3",39432,4686,34746
"Hltf",60681,5190,55491
"Gyg",33183,1922,31261
"Cpa3",26594,1481,25113
"Mir7007",70,70,0
"Gm31320",6200,595,5605
"Gm7428",917,917,0
"Cpb1",26246,1494,24752
"Agtr1b",52705,2147,50558
"Gm18426",959,959,0
"Gm18491",1597,1597,0
"Gm18493",1597,1597,0
"Gm31552",5977,760,5217
"Gm7488",1080,1080,0
"Gm31610",67873,4394,63479
"Gm17935",798,798,0
"Gm31693",9718,981,8737
"7530428D23Rik",47201,906,46295
"Gm31813",124327,1797,122530
"2810416G20Rik",4297,2651,1646
"Tbl1xr1",140002,15298,124704
"Gm5842",624,624,0
"Rprl2",238,238,0
"Spin3",1019,1019,0
"4930412E21Rik",60123,561,59562
"Naaladl2",985904,9793,976111
"Gm18824",1036,1036,0
"LOC105247007",5907,449,5458
"Gm7536",510,510,0
"Gm10259",1968,1968,0
"Nlgn1",900216,7769,892447
"Gm6197",1388,1388,0
"A830092H15Rik",4918,4140,778
"Gm4855",2126,2126,0
"Spata16",345582,2104,343478
"Gm32458",28936,2967,25969
"Gm7558",1247,1247,0
"Ect2",56657,4197,52460
"1700125G22Rik",2994,861,2133
"Nceh1",62263,4755,57508
"LOC105247008",24277,819,23458
"Tnfsf10",22589,4944,17645
"Ghsr",6660,4433,2227
"Fndc3b",295502,7531,287971
"LOC105247009",2457,601,1856
"Gm32738",1957,1462,495
"Mir3092",96,96,0
"Gm32595",29195,2257,26938
"LOC105247010",63062,1250,61812
"Gm32795",17506,358,17148
"Tmem212",30327,740,29587
"LOC105247011",3457,2867,590
"Pld1",194683,5297,189386
"LOC105247012",34866,399,34467
"Gm32887",13010,12431,579
"Tnik",407372,9124,398248
"Mir466q",76,76,0
"Gm32843",14410,14202,208
"Slc2a2",30459,2571,27888
"1700112D23Rik",33969,423,33546
"Gm6505",1859,1859,0
"Eif5a2",17536,4992,12544
"Gm32950",14769,2824,11945
"Rpl22l1",1981,553,1428
"Gm33051",5997,768,5229
"Gm33102",13829,488,13341
"Gm1527",34108,2346,31762
"Gm33154",1780,502,1278
"Egfem1",610314,7536,602778
"Mir551b",98,98,0
"Mir21b",108,108,0
"LOC105247013",34048,3446,30602
"Gm33206",129185,3692,125493
"Mannr",33175,1435,31740
"Mecom",558488,8858,549630
"LOC105247014",9606,8641,965
"Gm10258",13361,13361,0
"Actrt3",2798,1892,906
"Mynn",17787,5533,12254
"Lrrc34",23552,1840,21712
"Lrriq4",27926,3023,24903
"Lrrc31",20924,1737,19187
"Samd7",20882,3191,17691
"Gm33590",4346,940,3406
"Sec62",28490,4068,24422
"LOC105247015",10457,1309,9148
"LOC105247016",3403,633,2770
"Gpr160",41265,2349,38916
"Phc3",70185,11223,58962
"Gm2979",2211,589,1622
"Prkci",57000,4495,52505
"Mir7008",63,63,0
"Gm33641",6707,3003,3704
"Gm33694",17485,2565,14920
"Skil",27866,7066,20800
"Cldn11",14407,1872,12535
"Slc7a14",107721,9087,98634
"Gm33834",4743,1984,2759
"Gm15496",70763,15189,55574
"LOC105247017",3136,477,2659
"Gm6558",43028,1953,41075
"Gm33886",5711,327,5384
"Gm34031",3292,637,2655
"Kcnmb2",298049,12580,285469
"LOC105247019",88777,2142,86635
"Zmat3",31217,8465,22752
"4930429B21Rik",1950,1950,0
"LOC105247020",5722,5611,111
"Pik3ca",71432,9496,61936
"Kcnmb3",31194,1479,29715
"Zfp639",10284,3541,6743
"Mfn1",49762,4563,45199
"Gnb4",36204,5967,30237
"Gm34100",1846,1721,125
"Actl6a",18426,2396,16030
"Mrpl47",9259,872,8387
"Ndufb5",14498,1025,13473
"Usp13",121057,8218,112839
"Pex5l",193643,4789,188854
"Gm34153",13164,6268,6896
"4930419G24Rik",63831,1058,62773
"Gm34205",3155,929,2226
"Gm5845",864,864,0
"LOC105247021",5038,762,4276
"Gm18611",684,684,0
"Ttc14",14839,9709,5130
"Ccdc39",33566,5338,28228
"LOC105247022",1383,461,922
"Gm9791",742,742,0
"Fxr1",49923,3001,46922
"Dnajc19",24075,2771,21304
"Gm5708",869,869,0
"LOC102638008",72515,18385,54130
"Gm34599",2726,1346,1380
"LOC105247024",2363,483,1880
"Sox2ot",117613,2970,114643
"LOC105247023",3824,2132,1692
"Mir1897",79,79,0
"Sox2",2457,2457,0
"Gm34941",2476,2091,385
"Gm3143",17023,960,16063
"Peril",10272,1150,9122
"Gm21388",47520,4515,43005
"Mir6378",107,107,0
"Gm35255",9305,402,8903
"1700017M07Rik",19673,943,18730
"Gm35425",11678,7247,4431
"LOC102638848",68251,1627,66624
"Gm7733",820,820,0
"LOC102639245",466,364,102
"Ube2l3-ps1",30,30,0
"Gm6639",69012,3135,65877
"Atp11b",102215,5605,96610
"LOC105247025",15222,974,14248
"Gm7741",1210,1210,0
"Gm20595",7704,7704,0
"Dcun1d1",45503,5772,39731
"Gm35804",1009,951,58
"Gm15952",22454,10456,11998
"Mccc1",41383,2992,38391
"Mccc1os",8916,4451,4465
"Ccdc144b",46301,2780,43521
"Acad9",26874,3929,22945
"D3Ertd254e",19262,6625,12637
"Qrfpr",42850,1801,41049
"Gm18893",938,938,0
"LOC105247026",6441,573,5868
"LOC105247027",52291,612,51679
"Gm17835",502,502,0
"Gm17887",531,531,0
"Anxa5",26965,1724,25241
"Mir7009",64,64,0
"1810062G17Rik",6363,911,5452
"Gm11548",7006,2199,4807
"Gm11549",6389,2461,3928
"Gm11550",929,929,0
"Exosc9",13122,1617,11505
"Ccna2",7132,2811,4321
"Bbs7",40350,2850,37500
"Trpc3",69748,3756,65992
"Gm35856",947,847,100
"Gm12376",706,706,0
"4932438A13Rik",189928,16183,173745
"Adad1",58838,2795,56043
"Gm12582",1354,1354,0
"Gm12583",1243,1243,0
"Il2",5242,949,4293
"Gm36000",6923,1060,5863
"Gm12532",6417,3512,2905
"Il21",9878,3178,6700
"Gm36168",1735,369,1366
"Cetn4",3820,1059,2761
"LOC102640067",16653,3258,13395
"Bbs12",8904,8892,12
"Fgf2os",17745,8044,9701
"Fgf2",57070,2120,54950
"Nudt6",15205,3590,11615
"Spata5",158817,2948,155869
"Gm36412",36402,3924,32478
"Gm12565",646,646,0
"4930594O21Rik",5386,1139,4247
"Spry1",4754,2594,2160
"LOC105247030",28671,4931,23740
"LOC105247029",4393,427,3966
"Gm5148",10171,1215,8956
"Rps23-ps1",508,508,0
"Gm36620",17112,1826,15286
"Rpl31-ps15",463,463,0
"LOC105247028",21203,929,20274
"LOC102640520",20083,460,19623
"Gm20755",93916,1827,92089
"Rpl21-ps10",6749,6749,0
"Gm36680",6986,1266,5720
"5430434I15Rik",4969,1257,3712
"Gm2965",366,366,0
"Gm17955",780,780,0
"LOC105247031",2730,262,2468
"Gm36823",16740,1588,15152
"Gm7815",891,891,0
"Ankrd50",35601,8505,27096
"Gm7824",887,887,0
"Gm29879",45616,2276,43340
"Gm29959",1467,229,1238
"LOC102632538",6379,2571,3808
"Fat4",125501,16202,109299
"Gm30011",8839,347,8492
"LOC105247032",28802,833,27969
"Gm9845",1754,1754,0
"Gm20566",456,456,0
"Gm30063",137872,1211,136661
"LOC105247033",8629,623,8006
"Gm30184",28090,425,27665
"LOC105247034",2720,1184,1536
"LOC105247035",9034,3129,5905
"1700017G19Rik",18048,2439,15609
"Intu",51073,6148,44925
"Slc25a31",17224,2110,15114
"Hspa4l",51749,9913,41836
"Plk4",16933,4120,12813
"Mfsd8",28745,3238,25507
"Gm2011",28611,794,27817
"Gm10731",1810,1810,0
"6430590A07Rik",17908,1110,16798
"3110057O12Rik",43490,4286,39204
"1700034I23Rik",2345,2345,0
"Larp1b",27167,2009,25158
"Gm30289",60182,11049,49133
"Pgrmc2",16721,3007,13714
"LOC105244429",15430,328,15102
"1700052H01Rik",51038,4254,46784
"LOC105244431",10885,1445,9440
"Gm6069",719,719,0
"C430002E04Rik",5519,2168,3351
"2400006E01Rik",18501,1606,16895
"Jade1",61131,6332,54799
"LOC105244433",2784,1140,1644
"Gm31207",3255,580,2675
"LOC105244432",7428,4849,2579
"Sclt1",115826,3238,112588
"D3Ertd751e",60687,6210,54477
"Gm7899",2059,2059,0
"Gm9723",551,551,0
"Gm18865",1051,1051,0
"Gm29739",709,709,0
"Gm18866",576,576,0
"Gm21015",1454,1454,0
"2610316D01Rik",97822,922,96900
"Pcdh10",56182,11797,44385
"1700027H10Rik",22726,583,22143
"Gm32340",84693,515,84178
"Gm32416",8740,928,7812
"Gm18843",667,667,0
"Pabpc4l",5800,5561,239
"Mir6379",115,115,0
"Gm10356",2671,2671,0
"Gm5274",1224,1224,0
"Rpl23a-ps5",501,501,0
"Gm2229",696,696,0
"Gm7977",748,748,0
"1700018B24Rik",3370,3370,0
"Gm31415",33983,766,33217
"Gm20557",41649,1780,39869
"Gm5846",1692,1692,0
"Gm9683",66618,66618,0
"Gm2328",499,499,0
"Gm29741",654,500,154
"Pcdh18",14092,5242,8850
"LOC105244434",14471,908,13563
"Gm2345",589,589,0
"Slc7a11",134152,9577,124575
"Gm6209",112272,4816,107456
"LOC105244435",4988,636,4352
"LOC105244436",5656,5402,254
"LOC102642952",21770,1911,19859
"Gm35756",9488,2310,7178
"Gm29230",30342,439,29903
"Gm35891",2249,291,1958
"LOC105244437",1860,612,1248
"Ccrn4l",27208,3112,24096
"Elf2",87925,6642,81283
"4930577N17Rik",1647,1647,0
"LOC105244438",1812,1782,30
"Gm5103",8300,1436,6864
"Mgarp",8136,1430,6706
"Gm9442",745,745,0
"Ndufc1",3477,414,3063
"Naa15",59970,6090,53880
"LOC102643046",6777,5190,1587
"Rab33b",12263,3488,8775
"Gm36008",3316,570,2746
"Setd7",45506,7356,38150
"5031434O11Rik",7361,719,6642
"Mgst2",22316,1734,20582
"Maml3",417766,6884,410882
"Gm36068",12946,12946,0
"LOC105244439",11822,11178,644
"Gm30074",9043,1886,7157
"Olfr1398-ps1",912,912,0
"Gm30125",19050,258,18792
"Foxo1",81773,5552,76221
"Gm34303",383,383,0
"LOC102641152",26104,3480,22624
"Gm30173",47449,3127,44322
"LOC105244440",8937,543,8394
"Gm10293",1201,1201,0
"Gm30235",59826,1897,57929
"Gm2447",36931,1805,35126
"Gm30292",8804,3022,5782
"Gm20750",20911,3515,17396
"Gm30351",20763,1351,19412
"Gm30402",1717,1476,241
"Cog6",35101,2920,32181
"Gm30457",897,858,39
"Lhfp",220133,2089,218044
"Gm30516",12943,12092,851
"LOC105244441",2752,550,2202
"Nhlrc3",11263,1560,9703
"Gm16206",1523,1173,350
"Proser1",17939,4321,13618
"Stoml3",18860,864,17996
"Frem2",143975,15178,128797
"LOC105244442",5683,5623,60
"Gm6073",731,731,0
"Gm6204",542,542,0
"Gm30735",32722,4789,27933
"Ufm1",10432,4867,5565
"Gm31026",18694,821,17873
"Gm8109",798,798,0
"Gm18018",528,528,0
"Trpc4",162415,5414,157001
"Gm31095",1344,676,668
"Postn",29946,3306,26640
"Gm5641",1511,1511,0
"Gm31154",46329,2010,44319
"LOC105244443",10838,423,10415
"Gm19849",2280,2280,0
"Supt20",36003,4313,31690
"Exosc8",6686,1282,5404
"Alg5",14257,1471,12786
"Smad9",46285,6170,40115
"Rfxap",4677,2162,2515
"Gm10254",1431,1431,0
"Sertm1",18820,3086,15734
"Gm31358",37239,976,36263
"Ccna1",9862,2150,7712
"4931419H13Rik",28761,973,27788
"Spg20",25259,4177,21082
"Ccdc169",37912,4020,33892
"Sohlh2",27914,2348,25566
"Dclk1",296700,13771,282929
"LOC105244444",3321,1812,1509
"LOC101056032",21662,9788,11874
"Gm31443",9089,4232,4857
"Gm31796",2934,1808,1126
"Gm25404",4956,1264,3692
"Nbea",558507,13661,544846
"Mab21l1",2778,2778,0
"4933417G07Rik",961,961,0
"Gm31914",112436,8298,104138
"LOC105244445",3332,439,2893
"LOC105244446",14039,1102,12937
"LOC105244447",19473,2500,16973
"Gm32177",2746,565,2181
"Gm32237",6636,259,6377
"Gm2622",523,523,0
"Gm8177",1328,1328,0
"Gm18660",629,629,0
"Tm4sf1",14920,2162,12758
"Gm5276",1366,1366,0
"Gm32367",15261,654,14607
"Tm4sf4",16268,1400,14868
"Wwtr1",120267,4784,115483
"LOC105244448",6782,6782,0
"Gm26671",14761,1372,13389
"Mir6377",114,114,0
"Commd2",7336,2961,4375
"Ankub1",36288,4009,32279
"Gm6394",551,551,0
"Rnf13",99191,3031,96160
"Gm9645",853,853,0
"Gm17951",508,508,0
"Pfn2",5863,2020,3843
"LOC105244449",101479,8694,92785
"Gm32753",29722,4999,24723
"Gm18867",1170,1170,0
"Gm5537",1739,1739,0
"LOC105244450",179226,6529,172697
"1700007F19Rik",22101,1642,20459
"4921539H07Rik",3131,1111,2020
"LOC105244451",1453,778,675
"Gm32847",15761,3534,12227
"Gm20128",471,471,0
"Tsc22d2",51257,9242,42015
"Serp1",3916,2451,1465
"Eif2a",31681,2299,29382
"Selt",16887,3546,13341
"Erich6",49114,3044,46070
"Gm8234",2000,2000,0
"LOC100417266",1166,1166,0
"LOC105244452",4938,4384,554
"Siah2",17440,2488,14952
"4930593A02Rik",95936,938,94998
"Gm33092",1256,1256,0
"Fam188b2",26666,1403,25263
"LOC105244453",10908,6567,4341
"LOC105244454",24660,205,24455
"Clrn1",41185,3083,38102
"Gm10071",744,744,0
"Med12l",312822,10866,301956
"Gpr171",5374,2225,3149
"P2ry14",38870,2571,36299
"F630111L10Rik",7333,7333,0
"Gpr87",16565,1882,14683
"Gm33233",10233,10124,109
"P2ry13",2991,2528,463
"P2ry12",46735,2577,44158
"Igsf10",28030,10712,17318
"Gm8276",1800,1800,0
"Gm4856",29646,1206,28440
"Gm5709",33311,1236,32075
"Gm5538",22612,1303,21309
"Gm5539",1702,1702,0
"Gm2756",5414,538,4876
"Gm16527",8444,1108,7336
"Gm8298",16263,1206,15057
"C130079G13Rik",12736,2789,9947
"Gm9696",21286,3050,18236
"Aadacl2",18678,1590,17088
"Gm18427",515,515,0
"Aadac",8370,1294,7076
"Sucnr1",5698,1571,4127
"Gm33650",15992,300,15692
"Gm9470",897,897,0
"Mbnl1",156960,7624,149336
"Gm33707",2046,2046,0
"LOC105244455",220921,1164,219757
"LOC102642162",6365,681,5684
"Gm8325",1846,1727,119
"P2ry1",6198,3899,2299
"Gm19901",737,737,0
"Rap2b",4197,4197,0
"LOC105244456",20888,557,20331
"Gm8349",1217,1217,0
"Gm9700",1206,1206,0
"Arhgef26",123445,5205,118240
"Gm33923",9134,3434,5700
"Dhx36",39018,7078,31940
"Gpr149",75480,3843,71637
"Gm34048",159003,428,158575
"Gm18382",582,582,0
"LOC105244457",88654,2099,86555
"LOC105244458",21317,568,20749
"Gm9701",491,491,0
"Gm8388",752,752,0
"LOC105244459",12631,1000,11631
"Mme",88488,6680,81808
"Gm34188",1004,948,56
"Gm34240",18647,1936,16711
"Gm34302",2813,291,2522
"Plch1",203446,10792,192654
"Gm34379",379,379,0
"E130311K13Rik",14690,1541,13149
"Slc33a1",22411,3122,19289
"Gmps",56672,7283,49389
"LOC105244460",4393,2849,1544
"LOC105244598",2265,1658,607
"Vmn2r-ps3",2581,2581,0
"Vmn2r1",141074,7882,133192
"Vmn2r2",24928,3543,21385
"Gm5139",399,399,0
"Gm18294",13660,13660,0
"Gm34462",1733,626,1107
"Vmn2r3",28484,2756,25728
"Vmn2r-ps4",738,738,0
"Vmn2r-ps5",16121,2260,13861
"Vmn2r4",26760,2826,23934
"Vmn2r-ps6",1309,1309,0
"Vmn2r-ps7",1280,1280,0
"Vmn2r-ps8",739,739,0
"Vmn2r5",44180,2730,41450
"Vmn2r6",27934,2938,24996
"Vmn2r-ps9",1288,1288,0
"Gm3040",710,710,0
"Vmn2r-ps10",739,739,0
"Vmn2r-ps11",211881,2261,209620
"Vmn2r7",28943,2484,26459
"Vmn2r-ps12",785,785,0
"Vmn2r-ps13",908,908,0
"Kcnab1",429177,4414,424763
"A330015K06Rik",169627,2197,167430
"A730090N16Rik",25410,1383,24027
"Ssr3",12897,2885,10012
"Gm5540",2967,2967,0
"Gm34576",30393,1670,28723
"Gm34780",11629,1093,10536
"LOC105244461",22103,281,21822
"LOC102637953",11057,548,10509
"4931440P22Rik",1932,1861,71
"Tiparp",27072,4154,22918
"Gm34924",5632,248,5384
"Gm5847",1824,1824,0
"Mir8120",139,139,0
"Lekr1",172942,8795,164147
"Gm34986",3247,3216,31
"LOC105244462",37164,1285,35879
"Gm35039",2176,1128,1048
"Ccnl1",13060,7175,5885
"LOC105244463",1547,1547,0
"Gm19024",807,807,0
"Gm6546",1989,778,1211
"Veph1",243509,7507,236002
"Tpi-rs2",1355,1355,0
"Ptx3",5920,1922,3998
"Gm35184",13807,1043,12764
"Gm35236",5660,2375,3285
"Gm17952",776,776,0
"Gm6555",789,789,0
"Shox2",10049,5597,4452
"Rsrc1",372825,5092,367733
"Mlf1",25904,1161,24743
"Gfm1",44954,2598,42356
"Lxn",5909,1092,4817
"Rarres1",36638,1411,35227
"LOC105244464",4300,715,3585
"Gm35299",4577,632,3945
"Mfsd1",21464,2978,18486
"Gm8515",2098,2098,0
"Gm412",918,918,0
"Gm18717",1241,1241,0
"Gm35407",2055,182,1873
"LOC105244465",10627,565,10062
"LOC105244466",527,495,32
"Gm21949",734263,2397,731866
"Iqcj",164374,1579,162795
"Schip1",561681,2751,558930
"Gm5848",3351,3351,0
"Gm10292",586,586,0
"Gm35462",1195,1036,159
"Il12a",7907,1561,6346
"Gm35584",1220,688,532
"Gm7270",1325,1325,0
"1110032F04Rik",2578,2578,0
"Ift80",112155,4340,107815
"Gm18588",624,624,0
"Smc4",29652,4412,25240
"Mir15b",64,64,0
"Mir16-2",95,95,0
"Trim59",11113,4929,6184
"LOC105244467",6972,3121,3851
"Kpna4",54872,3726,51146
"Gm1647",25945,735,25210
"Arl14",1200,1200,0
"LOC105244468",9223,585,8638
"Ppm1l",243883,11979,231904
"Gm17214",609,609,0
"Gm17212",603,603,0
"Gm17213",1177,1177,0
"Gm8565",1231,1231,0
"B3galnt1",25042,2677,22365
"Rpl32-ps",504,504,0
"Nmd3",26993,1739,25254
"Gm19055",561,561,0
"Sptssb",40357,1784,38573
"Gm35817",1644,348,1296
"Gm17895",875,875,0
"Otol1",21096,2161,18935
"Gm6631",596,596,0
"Gm6634",34913,1804,33109
"Gm19194",3455,3455,0
"Gm8604",968,968,0
"Gm18231",537,537,0
"Gm3351",626,626,0
"Sis",79311,5957,73354
"Gm35952",24460,3332,21128
"Slitrk3",10635,5539,5096
"Gm20754",528480,1357,527123
"4930509J09Rik",130446,1526,128920
"Bche",72633,6291,66342
"Gm8625",1050,1050,0
"Gm20356",8059,2475,5584
"Gm36069",21040,1151,19889
"LOC100861784",54611,570,54041
"Zbbx",127156,2952,124204
"LOC105244469",42965,408,42557
"Serpini2",27722,1424,26298
"Wdr49",208238,4403,203835
"Gm17836",1322,1322,0
"Pdcd10",40363,1923,38440
"Serpini1",85021,3163,81858
"2410007B07Rik",8291,1031,7260
"Golim4",80767,4551,76216
"Gm18428",801,801,0
"Fstl5",635736,5247,630489
"Gm19231",833,833,0
"Dnmt3a-ps1",3129,3129,0
"Gm18295",853,853,0
"Gm18719",1410,1410,0
"Gm6677",525,525,0
"Gm8684",1549,1549,0
"Gm6680",1122,996,126
"Gm36288",4611,516,4095
"Gm15442",2100,2025,75
"Gm18952",847,847,0
"Gm36341",2497,239,2258
"Gm17953",679,679,0
"Gm5277",637,637,0
"Gm10291",1220,1220,0
"LOC102641233",17867,918,16949
"Gm9762",1667,1667,0
"Gm36396",6873,3300,3573
"Rapgef2",224729,9168,215561
"4921511C10Rik",40995,1463,39532
"LOC105244470",2372,277,2095
"Gm17359",118809,2954,115855
"Fnip2",111909,8623,103286
"Gm36442",2307,2249,58
"4930589L23Rik",5132,2107,3025
"Gm35067",806,710,96
"Ppid",12262,2612,9650
"Etfdh",24980,2281,22699
"4930579G24Rik",3742,1970,1772
"Rxfp1",96352,7672,88680
"Tmem144",40224,3402,36822
"LOC105244471",3791,537,3254
"Gm36569",27514,965,26549
"Fam198b",61804,7074,54730
"LOC105244472",41736,4117,37619
"Gm19066",1048,1048,0
"A330069K06Rik",8413,381,8032
"Gria2",118270,8552,109718
"Glrb",70063,3254,66809
"Gm18545",1901,1901,0
"Gm29808",10031,646,9385
"Pdgfc",178156,4111,174045
"Gm4857",993,993,0
"A830029E22Rik",3196,1253,1943
"LOC102640985",8081,1547,6534
"Ctso",24110,3453,20657
"Tdo2",17317,1635,15682
"Asic5",38941,2520,36421
"Gucy1b3",42708,3251,39457
"Gucy1a3",53451,5450,48001
"Mir7010",63,63,0
"Gm29921",90403,3357,87046
"Map9",37241,6321,30920
"Npy2r",10607,4288,6319
"Gm35323",686,601,85
"Gm29999",4380,671,3709
"Rbm46",40013,4110,35903
"Rbm46os",66934,3448,63486
"Lrat",11393,5349,6044
"Gm30097",82004,1502,80502
"Fgg",7154,1523,5631
"Fga",7475,3370,4105
"LOC105244473",1898,603,1295
"Fgb",7488,1575,5913
"Plrg1",16754,1771,14983
"Gm10710",3965,3965,0
"Gm6731",1752,1752,0
"LOC100534287",2514,2514,0
"1700028M03Rik",18752,468,18284
"LOC105244474",4761,1071,3690
"Rpl28-ps2",476,476,0
"Gm30293",8012,687,7325
"Sfrp2",8167,2691,5476
"Gm7115",36575,36575,0
"Tlr2",5554,3072,2482
"D930015E06Rik",141978,5012,136966
"LOC105244475",2798,2543,255
"Gm30352",11817,2165,9652
"Gm30458",1033,286,747
"LOC105244476",6450,780,5670
"Mnd1",68929,2074,66855
"Trim2",145394,10340,135054
"Gm6525",556,556,0
"LOC105244477",22550,11440,11110
"4930565D16Rik",30546,1112,29434
"Fhdc1",38249,6428,31821
"Arfip1",86743,3648,83095
"Gm8813",823,823,0
"Gm35410",2159,2159,0
"Tigd4",3459,3459,0
"Tmem154",38384,3342,35042
"LOC105244478",47232,1059,46173
"Gm35486",10823,5751,5072
"Fbxw7",163622,5078,158544
"LOC105244479",44210,9530,34680
"Dear1",525,525,0
"Gm30944",6888,1692,5196
"Gm30991",58684,2999,55685
"Gm31096",7522,1337,6185
"1700036G14Rik",14509,539,13970
"Gm31210",1287,382,905
"LOC105244480",2520,2000,520
"Gm31359",10555,1899,8656
"Gm31304",4718,503,4215
"Gm31419",38836,3003,35833
"Mir466k",122,122,0
"Gm3740",44113,2891,41222
"Gatb",81559,3900,77659
"Fam160a1",185357,4695,180662
"LOC105244481",7733,627,7106
"Gm19068",768,768,0
"Glt28d2",17673,2737,14936
"Gm9790",462,462,0
"Sh3d19",159567,8069,151498
"Prss48",32160,8145,24015
"Rps3a1",4729,943,3786
"Snord73a",68,68,0
"Rnu73b",71,71,0
"Lrba",559138,13090,546048
"LOC105244482",10427,2637,7790
"Gm31677",34293,15820,18473
"Mab21l2",2703,2703,0
"Gm3788",477,477,0
"Dclk2",134735,6264,128471
"Cd1d2",2948,1245,1703
"Cd1d1",3507,2056,1451
"Gm8869",1102,1102,0
"Gm18403",644,644,0
"Kirrel",96156,7335,88821
"Gm10705",691,691,0
"Fcrls",13008,2338,10670
"Gm31879",10571,227,10344
"Gm31940",23600,1297,22303
"Cd5l",13194,2037,11157
"Fcrl1",26602,2652,23950
"LOC105244483",3378,717,2661
"Fcrl5",64897,3525,61372
"LOC105244484",25172,394,24778
"Gm31998",4655,1919,2736
"Etv3",14582,5474,9108
"Etv3l",11251,2266,8985
"Arhgef11",120487,6885,113602
"Gm19242",246,246,0
"Gm6570",412,412,0
"Lrrc71",12058,4406,7652
"Pear1",20015,4871,15144
"Ntrk1",16999,2668,14331
"Insrr",19194,5312,13882
"LOC105244485",2537,633,1904
"LOC105244486",6518,890,5628
"Sh2d2a",8968,4806,4162
"Prcc",26660,2053,24607
"Hdgf",9812,2693,7119
"Mrpl24",4361,1543,2818
"Rrnad1",7988,4898,3090
"Isg20l2",10373,2893,7480
"Crabp2",4680,900,3780
"Gm32518",5643,943,4700
"Gm3745",1936,608,1328
"Nes",9359,6126,3233
"Bcan",13363,4537,8826
"Hapln2",6954,3351,3603
"LOC105244487",3818,1591,2227
"Gpatch4",12889,2250,10639
"Apoa1bp",2019,951,1068
"Ttc24",12578,2293,10285
"Iqgap3",38998,5676,33322
"LOC105244489",5574,1408,4166
"LOC105244488",2775,2518,257
"Mef2d",30119,5800,24319
"LOC105244490",3270,2068,1202
"1700113A16Rik",6226,983,5243
"AW047730",1899,1823,76
"Gm3764",24191,7722,16469
"Mir3093",87,87,0
"Mir9-1",89,89,0
"Rhbg",11870,1971,9899
"Tsacc",14258,660,13598
"LOC105244491",404,404,0
"Cct3",24632,1957,22675
"Glmp",3609,1537,2072
"Tmem79",5781,2604,3177
"Smg5",26079,5873,20206
"Paqr6",4470,2107,2363
"Bglap3",4135,1166,2969
"LOC101055651",7949,1425,6524
"Bglap2",964,471,493
"Bglap",972,685,287
"Pmf1",16271,1186,15085
"Slc25a44",14648,3584,11064
"Gm33513",3589,878,2711
"Sema4a",25224,6544,18680
"Mir7011",73,73,0
"LOC105244492",4042,619,3423
"Gm5979",813,813,0
"Lmna",28785,3523,25262
"LOC102642612",2556,1593,963
"Mex3a",9000,5776,3224
"Mir1905",82,82,0
"Rab25",6252,1203,5049
"Lamtor2",3109,571,2538
"Ubqln4",16049,3411,12638
"Gm10704",967,967,0
"Ssr2",8837,1277,7560
"Arhgef2",56419,9358,47061
"LOC105244493",559,221,338
"Gm20652",3203,205,2998
"Rxfp4",1245,1245,0
"2810403A07Rik",27154,3790,23364
"Rit1",14209,2684,11525
"Syt11",30461,5061,25400
"5830417I10Rik",52315,9833,42482
"1500004A13Rik",10478,3629,6849
"Gon4l",79932,9589,70343
"LOC105244494",18678,655,18023
"Msto1",4335,1825,2510
"Dap3",30464,5307,25157
"Ash1l",129054,11495,117559
"Rusc1",9389,4328,5061
"Fdps",8380,1461,6919
"Gm29704",1035,359,676
"Pklr",10479,2933,7546
"Hcn3",13454,3371,10083
"Clk2",12283,2310,9973
"Scamp3",5286,1482,3804
"Gm16069",3249,516,2733
"Fam189b",6150,3341,2809
"Gba",6053,2342,3711
"Mtx1",5267,1648,3619
"Thbs3",11696,3423,8273
"Mir92b",83,83,0
"Muc1",4326,2243,2083
"Trim46",11986,3818,8168
"Krtcap2",3424,733,2691
"LOC105244495",6577,1063,5514
"Dpm3",7817,924,6893
"Slc50a1",2325,1022,1303
"Efna1",9222,1642,7580
"Gm33845",12360,822,11538
"Gm34014",11417,1542,9875
"Efna3",9062,2358,6704
"Gm15998",3482,2860,622
"Gm34118",5266,463,4803
"Efna4",4636,1596,3040
"Adam15",10371,3190,7181
"Dcst1",15005,2312,12693
"Dcst2",14017,4454,9563
"Zbtb7b",17171,5332,11839
"Gm15417",6916,1568,5348
"Lenep",755,668,87
"Flad1",9191,2188,7003
"Cks1b",2820,757,2063
"Shc1",11549,4252,7297
"Pygo2",5000,3716,1284
"Pbxip1",14278,4705,9573
"Pmvk",14469,1705,12764
"Kcnn3",152331,7617,144714
"Adar",38434,6342,32092
"Chrnb2",11185,5384,5801
"4632404H12Rik",4804,1865,2939
"Ube2q1",10389,3081,7308
"Gm8969",2203,946,1257
"She",27477,5745,21732
"Il6ra",44664,4168,40496
"Atp8b2",23852,5945,17907
"Aqp10-ps",6291,6291,0
"Hax1",3271,1432,1839
"Gm19710",2566,640,1926
"Ubap2l",53035,6664,46371
"Mir7669",58,58,0
"4933434E20Rik",11706,2832,8874
"1700094D03Rik",5552,3097,2455
"Mir190b",80,80,0
"Tpm3",28252,3346,24906
"Nup210l",110583,9855,100728
"Gm34865",2464,628,1836
"Rps27",982,575,407
"Rab13",12673,1842,10831
"Jtb",4244,1103,3141
"Creb3l4",6025,1884,4141
"Slc39a1",5422,2359,3063
"Crtc2",9958,2886,7072
"Dennd4b",15746,7081,8665
"Mir7012",64,64,0
"Gatad2b",70122,7494,62628
"Slc27a3",4815,2937,1878
"Ints3",42257,4460,37797
"Npr1",15337,4247,11090
"Ilf2",12179,1973,10206
"Snapin",2988,1916,1072
"Chtop",11350,4245,7105
"S100a1",3297,615,2682
"S100a13",10147,978,9169
"S100a14",1989,1097,892
"S100a16",5895,1621,4274
"S100a3",42351,5081,37270
"S100a2",1262,315,947
"S100a4",2276,625,1651
"S100a5",5306,744,4562
"S100a6",1521,719,802
"LOC102638335",281,281,0
"S100a7a",6197,3035,3162
"S100a8",964,392,572
"S100a9",3092,524,2568
"Gm5284",942,942,0
"Pglyrp4",15454,2337,13117
"Gm35013",1276,1276,0
"Gm5104",1747,1747,0
"Gm9023",7423,7423,0
"4930529C04Rik",3531,3531,0
"9130204L05Rik",19293,875,18418
"Gm36323",2142,279,1863
"Gm35185",2142,273,1869
"Gm17742",1133,1133,0
"Pglyrp3",20196,2442,17754
"Mif-ps3",546,546,0
"Lor",2872,1779,1093
"Prr9",1744,1183,561
"Lelp1",7761,870,6891
"Gm35439",13045,5874,7171
"Sprr2a1",6657,3547,3110
"Gm5850",1287,1287,0
"Sprr2a2",6658,3547,3111
"Gm5851",1287,1287,0
"Sprr2a3",4598,1489,3109
"Sprr2b",1381,699,682
"Sprr2c-ps",231,231,0
"Sprr2d",1734,681,1053
"Sprr2e",1307,647,660
"Sprr2f",1256,609,647
"Sprr2g",1315,651,664
"Sprr2h",1640,752,888
"Sprr2i",1281,617,664
"Sprr2j-ps",1310,673,637
"Gm9774",1357,1357,0
"Sprr2k",1346,639,707
"Sprr1b",1971,820,1151
"Sprr3",2219,1222,997
"Sprr1a",1928,790,1138
"Sprr4",231,231,0
"Ivl",2892,2089,803
"Gm35639",46454,2172,44282
"Smcp",5159,889,4270
"Lce6a",16898,1505,15393
"Gm35699",1525,1038,487
"Lce1a1",1776,708,1068
"Lce1b",1277,647,630
"Rpl13-ps4",706,706,0
"Lce1a2",1703,715,988
"Lce1c",1672,724,948
"Lce1d",1712,678,1034
"Gm4202",727,727,0
"Lce1e",1675,712,963
"Lce1f",1655,717,938
"Lce1g",2188,922,1266
"Lce1h",1851,706,1145
"Lce1i",1690,731,959
"Lce1j",1671,699,972
"Lce1k",1601,663,938
"Kprp",4174,2729,1445
"Lce1l",1338,670,668
"2310050C09Rik",1847,1067,780
"Lce3a",944,549,395
"Lce3b",1118,561,557
"Lce3c",1245,564,681
"Lce3d",1185,560,625
"Lce3e",1221,607,614
"Lce3f",1201,611,590
"Crct1",1482,717,765
"Lce1m",1255,878,377
"Gm4858",6683,2142,4541
"Gm35785",30665,729,29936
"Crnn",4934,1967,2967
"Flg2",24105,7672,16433
"Gm18432",1258,1258,0
"Flg",20144,14448,5696
"Rplp0-ps1",1084,1084,0
"Hrnr",14032,11397,2635
"Rptn",5744,4146,1598
"Gm18296",683,683,0
"Gm5278",905,905,0
"Tchh",6748,5823,925
"Tchhl1",3247,2105,1142
"S100a11",5793,504,5289
"Gm29950",289,289,0
"S100a10",9529,650,8879
"LOC105244496",2146,581,1565
"Gm18331",547,547,0
"Gm5541",1113,1113,0
"Tdpoz2",1145,1145,0
"Tdpoz1",6951,2302,4649
"Gm18433",18404,18404,0
"Gm9107",1014,1014,0
"Gm5852",3775,3775,0
"Gm5773",1143,1143,0
"Tdpoz4",1113,1113,0
"Tdpoz3",1098,1098,0
"Gm9113",3127,3127,0
"Gm9116",3778,3778,0
"Gm9117",6891,2305,4586
"Tdpoz5",1023,1023,0
"Gm9121",3786,3786,0
"Gm9124",3111,3111,0
"Gm9125",6905,2325,4580
"Gm10697",1023,1023,0
"Gm5542",3786,3786,0
"Gm9131",3109,3109,0
"Gm5543",1022,1022,0
"Gm20955",2893,2893,0
"Gm10696",3782,2247,1535
"Gm5286",3114,3114,0
"Gm4982",1098,1098,0
"Gm9141",1039,1039,0
"Gm4778",3141,3141,0
"Gm36010",32015,631,31384
"Them4",22435,1951,20484
"Them5",5254,1251,4003
"C2cd4d",2124,1316,808
"LOC329711",5489,4242,1247
"Rorc",25562,3634,21928
"Lingo4",5283,2943,2340
"1700040D17Rik",3830,1303,2527
"Tdrkh",19737,4205,15532
"Oaz3",3265,950,2315
"Mrpl9",5437,1665,3772
"Gm30023",1085,939,146
"Riiad1",10095,3184,6911
"Celf3",13915,5056,8859
"Snx27",85175,7004,78171
"Rpl31-ps11",472,472,0
"Tuft1",46120,2987,43133
"BC021767",6564,2228,4336
"Selenbp2",10834,1695,9139
"Gm15264",38162,570,37592
"Cgn",27656,5227,22429
"LOC105244497",1462,775,687
"Pogz",60527,7859,52668
"Gm15263",554,554,0
"Psmb4",2635,949,1686
"Gm36237",5039,921,4118
"Selenbp1",11676,1685,9991
"Rfx5",9605,7257,2348
"B230398E01Rik",27014,3442,23572
"Pi4kb",32207,3831,28376
"A730011C13Rik",9639,1976,7663
"Mir7013",72,72,0
"Zfp687",8751,4877,3874
"Psmd4",9927,1375,8552
"Pip5k1a",48401,3890,44511
"LOC105244498",329,329,0
"Vps72",12010,1513,10497
"Tmod4",5092,2574,2518
"Scnm1",4294,872,3422
"Lysmd1",5438,2401,3037
"Mir8099-1",127,127,0
"Tnfaip8l2",2928,1210,1718
"Gm9169",801,801,0
"Sema6c",13631,4484,9147
"Gabpb2",36186,8975,27211
"Gm16740",9202,956,8246
"Mllt11",11916,2757,9159
"Cdc42se1",8001,3200,4801
"Gm128",4190,1470,2720
"Bnipl",9901,1788,8113
"Prune",28403,3140,25263
"Fam63a",14575,3526,11049
"Anxa9",18799,2448,16351
"Cers2",8784,2293,6491
"Gm36724",3038,965,2073
"Setdb1",33678,4660,29018
"4930558C23Rik",16384,734,15650
"Gm5070",935,935,0
"LOC101055724",487,487,0
"Gm4349",3737,1119,2618
"Arnt",62873,4461,58412
"Gm36887",1453,1139,314
"Ctsk",10178,2172,8006
"LOC105244499",1289,233,1056
"Ctss",29620,1446,28174
"Hmgb1-ps5",628,628,0
"Hormad1",28301,2035,26266
"LOC105244500",2950,264,2686
"Golph3l",30333,2860,27473
"Rps10-ps1",570,570,0
"Ensa",7138,2962,4176
"Mcl1",4812,3841,971
"Adamtsl4",12244,4890,7354
"Ecm1",5673,2204,3469
"Mir7014",63,63,0
"Tars2",15004,4440,10564
"Rprd2",59851,9189,50662
"Gm17815",1703,1703,0
"Gm29948",905,316,589
"Prpf3",25266,3076,22190
"Mrps21",8959,565,8394
"C920021L13Rik",17572,1726,15846
"Ciart",3922,2428,1494
"BC028528",10598,2098,8500
"Aph1a",4686,3318,1368
"Car14",7351,2198,5153
"Anp32e",18138,3267,14871
"Gm20940",13676,762,12914
"Gm4097",795,795,0
"Gm9054",1458,707,751
"Plekho1",7055,1426,5629
"Vps45",58624,6840,51784
"Gm30044",6192,536,5656
"Otud7b",56679,8462,48217
"LOC105244501",8897,1016,7881
"Mtmr11",9773,2957,6816
"Sf3b4",5015,1697,3318
"Sv2a",13957,3920,10037
"Bola1",3826,1075,2751
"Hist2h2ab",438,438,0
"Hist2h2ac",468,468,0
"Hist2h2be",2618,2618,0
"Hist2h3c2",649,649,0
"Hist2h2aa2",596,596,0
"Hist2h2aa1",556,556,0
"Hist2h3c1",664,664,0
"Gm20627",5923,2180,3743
"Hist2h4",384,384,0
"Hist2h3b",502,502,0
"Hist2h2bb",493,493,0
"Fcgr1",11061,2589,8472
"4930459I23Rik",7565,1000,6565
"Gm17580",8886,1768,7118
"Rnu1b1",165,165,0
"Rnu1b2",165,165,0
"Gm26689",7588,1000,6588
"LOC105244502",473,161,312
"Pafah1b1-ps1",2088,2088,0
"Terc",397,397,0
"BC107364",20572,6883,13689
"LOC105244503",565,373,192
"Gm26232",1339,645,694
"Gm9207",1411,1411,0
"LOC102632901",15040,7609,7431
"LOC105244504",1338,645,693
"Rnu1b6",166,166,0
"LOC105244505",2391,179,2212
"Hfe2",4054,3135,919
"Gm15441",11034,1673,9361
"Txnip",3901,2801,1100
"LOC105244506",3754,624,3130
"Polr3gl",16310,1427,14883
"Ankrd34a",5301,4654,647
"Gm31059",1456,1035,421
"Lix1l",24220,2509,21711
"6330549D23Rik",23158,2828,20330
"Rbm8a",3864,2616,1248
"Pex11b",10025,2590,7435
"Itga10",18936,5041,13895
"Rpl21-ps11",554,554,0
"Ankrd35",20904,4203,16701
"Pias3",9696,3890,5806
"Nudt17",3038,2143,895
"Polr3c",15961,2506,13455
"Rnf115",63565,2285,61280
"Cd160",32469,7701,24768
"4930442L01Rik",2245,2051,194
"Pdzk1",40862,3186,37676
"Gpr89",34278,1908,32370
"Gja8",12486,6971,5515
"Gja5",21233,3180,18053
"4930573H18Rik",46130,1368,44762
"Gm31120",1868,847,1021
"Gm31183",1868,797,1071
"Acp6",17825,1935,15890
"Bcl9",94426,6724,87702
"LOC105244507",2529,541,1988
"Olfr1402",963,963,0
"LOC105244508",26288,253,26035
"Chd1l",49443,2989,46454
"Fmo5",45103,7925,37178
"Prkab2",15601,5202,10399
"Gm31242",1726,1191,535
"Pde4dip",198880,12942,185938
"Mir7225",54,54,0
"Gm31305",15503,11733,3770
"Gm18823",777,777,0
"Sec22b",21092,1815,19277
"Gm5544",36846,891,35955
"Notch2",136830,10506,126324
"LOC105244509",12758,9876,2882
"Adam30",2362,2362,0
"Gm9771",1157,1157,0
"LOC105244510",4414,1648,2766
"Reg4",14593,1021,13572
"Hmgcs2",30308,3294,27014
"Phgdh",26799,1871,24928
"Gm31420",2736,1055,1681
"Gm31765",3121,1857,1264
"Zfp697",50611,8393,42218
"Gm4450",11394,1875,9519
"Gm19210",3716,3716,0
"Hsd3b4",11497,1794,9703
"Gm19211",3736,3736,0
"Gm10681",11468,1721,9747
"Gm5853",805,805,0
"Gm9678",7138,7138,0
"Hsd3b5",26899,1607,25292
"Gm12399",2421,2421,0
"Gm12400",7418,7418,0
"Hsd3b2",13488,2216,11272
"Hsd3b3",21653,1826,19827
"Gm31825",9983,577,9406
"Hsd3b6",8940,1802,7138
"Gm12428",1805,1805,0
"Hsd3b1",17439,2001,15438
"Hao2",20859,2208,18651
"Gm31880",34700,436,34264
"Gm12440",3921,1068,2853
"LOC102631982",488,488,0
"LOC105244511",4737,1021,3716
"Wars2",79586,5040,74546
"Gm18982",635,635,0
"Mir6481",110,110,0
"LOC102634827",2216,1126,1090
"Tbx15",113914,3735,110179
"M6pr-ps",2239,2239,0
"Spag17",257906,7862,250044
"Rpl36-ps7",409,409,0
"Spag17os",3733,896,2837
"Wdr3",24224,3428,20796
"Gdap2",44527,3080,41447
"Gm12464",1231,1231,0
"Gm32471",4335,2724,1611
"4930406D18Rik",11350,691,10659
"LOC102641070",6560,357,6203
"Fam46c",21136,5548,15588
"Gm12474",41888,8687,33201
"LOC105244512",51134,8645,42489
"Man1a2",123271,7944,115327
"LOC105244513",6212,303,5909
"Gm32720",6627,1620,5007
"Vtcn1",71464,2622,68842
"LOC105244514",6284,681,5603
"Trim45",14433,7581,6852
"Ttf2",30866,4603,26263
"Cd101",35967,3525,32442
"Ptgfrn",70876,6011,64865
"Gm12486",813,813,0
"Tpt1-ps1",636,636,0
"Gm12490",539,539,0
"Cd2",12032,1144,10888
"Gm32803",5611,943,4668
"Gm10355",763,763,0
"Gm32848",5380,1990,3390
"Gm32900",14871,7495,7376
"Igsf3",86050,7902,78148
"LOC105244515",5920,1243,4677
"Gm33162",25847,3399,22448
"Atp1a1",28489,3702,24787
"Gm33215",16749,869,15880
"Gm33265",8215,451,7764
"Gm33309",10405,3088,7317
"Mab21l3",23211,3629,19582
"Gm33381",8107,4059,4048
"Slc22a15",68686,6641,62045
"Nhlh2",5383,3388,1995
"Gm18894",625,625,0
"Casq2",60098,2563,57535
"Vangl1",49113,4792,44321
"Gm16160",27614,4359,23255
"A230001M10Rik",26367,1864,24503
"LOC105244516",1779,862,917
"Gm33679",6442,738,5704
"Ngf",51095,1277,49818
"Gm19202",1107,1107,0
"LOC105244518",2886,1559,1327
"Tspan2os",15187,590,14597
"Tspan2",37541,4362,33179
"LOC105244517",6930,882,6048
"Tshb",29867,6816,23051
"Sycp1",117814,3791,114023
"Gm33952",485,485,0
"Gm33866",442,442,0
"Nr1h5",24633,3256,21377
"Sike1",8175,2798,5377
"Csde1",37759,5736,32023
"Nras",9630,4799,4831
"Ampd1",26154,2885,23269
"Dennd2c",67085,8360,58725
"Bcas2",7504,1473,6031
"LOC105244519",5429,1071,4358
"Trim33",79478,8890,70588
"Gm34049",49902,1518,48384
"Syt6",70326,5392,64934
"Atg4a-ps",2116,2116,0
"Olfml3",2608,1736,872
"Hipk1",52080,8470,43610
"LOC102637354",5364,3328,2036
"LOC102637286",11102,322,10780
"Dclre1b",8783,4288,4495
"Gm15471",5312,633,4679
"Ap4b1",12509,2992,9517
"Bcl2l15",23580,4935,18645
"Ptpn22",55449,5840,49609
"Rsbn1",52554,6986,45568
"LOC105244520",1541,1441,100
"Phtf1os",3781,3781,0
"Phtf1",39381,3458,35923
"Magi3",207148,6672,200476
"Gm17956",807,807,0
"Gm5546",8536,481,8055
"LOC105244521",21752,2271,19481
"LOC329730",8369,3889,4480
"Gm9273",1652,1652,0
"Lrig2",57959,7372,50587
"Gm34490",16472,1488,14984
"Slc16a1",19799,4430,15369
"Gm34548",3078,1239,1839
"Gm6485",924,924,0
"Fam19a3",10143,4317,5826
"Ppm1j",5014,2888,2126
"Rhoc",5426,1074,4352
"Mov10",23772,3819,19953
"Capza1",41721,3187,38534
"St7l",65559,6031,59528
"Gm4525",344,344,0
"Wnt2b",16905,3573,13332
"LOC105244523",12291,2686,9605
"Cttnbp2nl",51232,5019,46213
"LOC105244522",9701,645,9056
"4930564D02Rik",11963,737,11226
"Gm34781",3408,742,2666
"LOC105244524",27575,551,27024
"Gm34837",13294,1800,11494
"Kcnd3os",4766,1090,3676
"Kcnd3",221910,7608,214302
"LOC102641256",4614,3775,839
"LOC105244525",26317,24206,2111
"Ddx20",9844,3365,6479
"Fam212b",17301,6371,10930
"Rap1a",74122,2544,71578
"Gm5547",1793,459,1334
"Tmigd3",53187,2597,50590
"Adora3",4508,2372,2136
"I830077J02Rik",7081,1609,5472
"Atp5f1",17551,1788,15763
"Wdr77",10263,3553,6710
"Ovgp1",13622,2525,11097
"Pifo",17690,1127,16563
"Chil5",16213,5827,10386
"Gm4540",402,402,0
"LOC102638412",2746,2746,0
"Gm4248",609,609,0
"Chia1",18737,1526,17211
"Chil3",20011,1539,18472
"Chil4",17989,1510,16479
"Gm6522",23284,1147,22137
"Chil6",22249,1743,20506
"2010016I18Rik",3928,1558,2370
"Dennd2d",20600,5460,15140
"Cept1",45543,3624,41919
"Dram2",27544,2899,24645
"Gm4549",1591,1591,0
"Lrif1",51644,4217,47427
"Cd53",31289,2802,28487
"Olfr266",951,951,0
"Gm35507",52055,2761,49294
"Gm27008",78373,3663,74710
"Kcna3",1968,1968,0
"AI504432",14819,5544,9275
"LOC105242447",17433,6412,11021
"Kcna2",24154,13703,10451
"Kcna10",12579,1826,10753
"Cym",10438,1234,9204
"A630076J17Rik",3418,666,2752
"Prok1",7792,796,6996
"Lamtor5",5225,884,4341
"Slc16a4",22251,3680,18571
"Rbm15",7180,3270,3910
"Gm5279",711,711,0
"Gm35700",8280,1444,6836
"LOC105244526",1751,304,1447
"Kcnc4",21657,8075,13582
"Slc6a17",50471,6708,43763
"Gm35786",4372,4170,202
"Gm36097",6109,824,5285
"Ubl4b",1376,1376,0
"Alx3",10845,1973,8872
"Strip1",19179,3231,15948
"Gm10961",2964,1125,1839
"Ahcyl1",33429,4224,29205
"LOC105244527",116294,2499,113795
"Csf1",19422,4422,15000
"Gm5075",642,642,0
"Eps8l3",19041,2715,16326
"4933431E20Rik",7364,5407,1957
"Gstm5",2832,911,1921
"Gm9515",2525,1422,1103
"Gstm7",5542,1520,4022
"Gstm6",14645,1490,13155
"Gstm3",5479,1202,4277
"Gm12497",370,370,0
"Gstm2",4735,1047,3688
"Gstm1",5724,1372,4352
"LOC102640327",2347,2347,0
"Gm36498",5344,176,5168
"Gstm4",4673,1862,2811
"Ampd2",12606,4282,8324
"Gm12500",1794,1794,0
"Gnat2",14629,2648,11981
"Gnai3",42682,3556,39126
"Gpr61",6666,3790,2876
"LOC105244528",2710,1832,878
"Amigo1",5998,5586,412
"Cyb561d1",6456,5679,777
"Atxn7l2",8306,2637,5669
"Sypl2",16260,3827,12433
"LOC105244529",12660,425,12235
"Gm12501",692,692,0
"Psma5",23027,1217,21810
"Sort1",78494,7968,70526
"Gm19343",8588,8588,0
"Mybphl",15147,1276,13871
"Gm12522",4465,2439,2026
"Psrc1",4428,1773,2655
"Celsr2",25179,11075,14104
"Sars",20396,3704,16692
"5330417C22Rik",81055,6612,74443
"1700013F07Rik",7114,592,6522
"Scarna2",61,61,0
"Tmem167b",6042,2864,3178
"Taf13",10370,1289,9081
"LOC105244599",16458,1771,14687
"Wdr47",54464,4394,50070
"Clcc1",24928,3601,21327
"Gpsm2",43693,3519,40174
"Aknad1",42750,8537,34213
"Stxbp3a",47323,2406,44917
"Fndc7",36331,5196,31135
"Prpf38b",8946,5548,3398
"Henmt1",22235,3673,18562
"Fam102b",56611,5702,50909
"Gm36778",9646,761,8885
"Slc25a54",39786,5334,34452
"LOC105244530",2542,744,1798
"Slc25a24",45261,3383,41878
"Gm13865",814,814,0
"Vav3",345436,5592,339844
"Ntng1",363423,5710,357713
"Gm36916",5720,4484,1236
"Prmt6",4896,4227,669
"Gm19185",645,645,0
"Gm9314",1917,1917,0
"Gm6602",200099,1927,198172
"Gm4859",884,884,0
"Gm9317",871,871,0
"Utp14b-ps1",3535,3481,54
"LOC102632213",526,526,0
"Gm5548",818,818,0
"Amy2b",9072,1413,7659
"Amy2-ps1",24461,24461,0
"Amy2a5",9522,1577,7945
"Amy2a4",11613,3723,7890
"Amy2a3",11604,3723,7881
"Amy2a2",11610,3723,7887
"Amy2a1",4334,1001,3333
"Amy1",21799,1822,19977
"Rnpc3",25083,3888,21195
"Gm17954",590,590,0
"Gm17775",837,837,0
"Gm18163",1439,1439,0
"Col11a1",189849,7506,182343
"Gm19147",624,624,0
"Olfm3",221687,5093,216594
"Gm18429",500,500,0
"LOC105244531",5034,2387,2647
"S1pr1",4623,3029,1594
"A930005H10Rik",6553,1406,5147
"Dph5",41159,1634,39525
"Gm30022",1928,1928,0
"Slc30a7",68442,9099,59343
"Gm6649",1162,1162,0
"Mir669n",54,54,0
"Extl2",21572,3447,18125
"Gm31384",8781,535,8246
"Vcam1",19669,3398,16271
"LOC102633677",14191,2851,11340
"Gm26544",15343,2763,12580
"Gm31651",5394,1862,3532
"Gpr88",3845,3687,158
"Cdc14a",156191,5266,150925
"LOC105244532",11266,628,10638
"Rtca",19213,1576,17637
"Dbt",36903,3292,33611
"Gm4596",1393,1393,0
"Gm9761",923,923,0
"Lrrc39",20182,5920,14262
"Gm31797",2063,466,1597
"Trmt13",33495,3666,29829
"Sass6",36029,4379,31650
"Hiat1",31529,3432,28097
"Slc35a3",44492,7261,37231
"LOC105244533",2623,2497,126
"Agl",68168,10168,58000
"LOC105244534",6786,353,6433
"LOC105244535",6157,1313,4844
"Gm29736",447,447,0
"Frrs1",45335,4813,40522
"Palmd",50691,2394,48297
"Gm32148",6973,353,6620
"LOC105244536",4177,3724,453
"4930455H04Rik",16140,1341,14799
"Gm9332",774,774,0
"1700061I17Rik",17244,1962,15282
"Gm17896",704,704,0
"Gm18430",673,673,0
"Gm9632",652,652,0
"Gm19243",721,721,0
"Gm32216",21651,2620,19031
"LOC105244537",12163,918,11245
"Lppr4",41732,5690,36042
"Lppr5",116445,10723,105722
"Snx7",87440,2171,85269
"Gm4321",448,448,0
"Gm32344",28195,1195,27000
"Mir137",73,73,0
"Gm26871",24021,23636,385
"Gm32444",11052,10994,58
"Dpyd",870810,7103,863707
"Gm32577",3188,2143,1045
"Gm32632",18297,2590,15707
"LOC105244538",6222,1142,5080
"Gm4332",386,386,0
"Ptbp2",65059,3791,61268
"LOC105244539",335,260,75
"LOC102641335",1130,199,931
"Gm18384",812,812,0
"6530403H02Rik",432399,3914,428485
"LOC105244540",2582,1650,932
"Rwdd3",16381,1935,14446
"Gm5710",1205,1205,0
"Tmem56",81101,7176,73925
"Gm9353",741,741,0
"Gm30517",15024,1192,13832
"Alg14",71265,1995,69270
"Gm33310",7684,5861,1823
"Gm33363",19683,2945,16738
"Gm5711",721,721,0
"LOC105244541",3477,731,2746
"Cnn3",31665,2003,29662
"Slc44a3",72817,2560,70257
"LOC105242407",798,662,136
"A530020G20Rik",3264,2828,436
"LOC105244542",17463,2693,14770
"Gm33547",12012,1426,10586
"Gm33485",35599,1416,34183
"Gm33708",2171,591,1580
"A730020M07Rik",11518,2759,8759
"4930432M17Rik",12220,1127,11093
"LOC105244543",7127,1306,5821
"F3",11516,1876,9640
"Abcd3",56309,3685,52624
"Gm33924",1060,475,585
"Gm33987",4039,1267,2772
"Gm34050",7312,2713,4599
"Gm34119",32257,2285,29972
"Arhgap29",63086,5494,57592
"Abca4",136178,8716,127462
"LOC105244545",21297,782,20515
"Gm34241",2859,539,2320
"Gm9361",1332,1332,0
"LOC105244544",3928,961,2967
"Gm4609",1223,1223,0
"Gclm",21659,2072,19587
"Gm6061",733,733,0
"Dnttip2",10858,2403,8455
"LOC105244546",70829,4895,65934
"LOC105244600",12177,2085,10092
"Mir760",119,119,0
"Gm4610",15179,1369,13810
"Bcar3",110410,4252,106158
"Gm34349",6891,4589,2302
"Gm34463",5328,4242,1086
"Fnbp1l",80996,5377,75619
"Mir7657",57,57,0
"Gm5981",712,712,0
"LOC105244547",21861,614,21247
"Pde5a",130217,7810,122407
"Gm34139",738,611,127
"4930447N08Rik",6890,1156,5734
"Gm34577",37929,4118,33811
"LOC102637985",839,839,0
"4933405D12Rik",41525,768,40757
"Fabp2",4435,965,3470
"1810037I17Rik",1798,976,822
"Usp53",53024,7118,45906
"Myoz2",28796,1389,27407
"Synpo2",159651,8811,150840
"LOC105244548",7799,4207,3592
"Sec24d",98146,3991,94155
"LOC105244549",5010,4009,1001
"Mettl14",17696,2625,15071
"LOC102638295",792,761,31
"LOC105244550",3642,331,3311
"Gm35065",8481,2556,5925
"Prss12",59690,2607,57083
"Snhg8",785,785,0
"Snora24",130,130,0
"Gm9369",990,990,0
"Ndst3",164687,7846,156841
"LOC105244551",21455,287,21168
"Gm9372",468,468,0
"Tram1l1",2224,2224,0
"Gm4617",1155,1155,0
"1700006A11Rik",25045,2411,22634
"1700003H04Rik",15201,757,14444
"Gm9379",620,620,0
"Gm9381",1235,1235,0
"Ndst4",324276,7066,317210
"Gm35237",14981,1347,13634
"Gm35186",23773,1180,22593
"Ugt8a",73229,3886,69343
"LOC105244552",4054,3306,748
"LOC105244553",77007,365,76642
"Gm18916",1256,1256,0
"Arsj",77130,3890,73240
"Gm35408",15290,3434,11856
"Gm35351",20905,1314,19591
"Gm35300",14241,2340,11901
"Camk2d",249969,10198,239771
"Gm15551",2547,1366,1181
"Ank2",578264,22999,555265
"LOC100862268",6986,1836,5150
"Gm35535",4544,2573,1971
"Larp7",16636,2121,14515
"Mir302b",74,74,0
"Mir302c",68,68,0
"Mir302a",69,69,0
"Mir302d",66,66,0
"Mir367",75,75,0
"Zgrf1",64588,7820,56768
"LOC105244554",1957,477,1480
"Neurog2",2487,2217,270
"Alpk1",110246,5255,104991
"Gm16238",691,691,0
"Tifa",9538,3503,6035
"Ap1ar",30512,2854,27658
"Gm35585",8327,3544,4783
"5730508B09Rik",26636,1603,25033
"9830132P13Rik",39050,4188,34862
"Gm35667",1960,1258,702
"D030025E07Rik",114591,2348,112243
"LOC105244555",76011,245,75766
"Gm4410",681,681,0
"Gm9387",1832,1832,0
"Gm35726",109395,2265,107130
"LOC105244556",22686,3693,18993
"Pitx2",19717,3177,16540
"Enpep",63573,4208,59365
"Gm35787",8681,446,8235
"Gm5712",1040,1040,0
"Rpl7a-ps7",839,839,0
"Gm35986",4949,1332,3617
"Elovl6",106110,6039,100071
"Egf",77754,4832,72922
"6330410L21Rik",10125,3869,6256
"Lrit3",21956,3521,18435
"Gm36130",18031,497,17534
"Rrh",13931,1394,12537
"Gar1",6485,1297,5188
"Cfi",39441,2214,37227
"Gm36180",2989,1163,1826
"Pla2g12a",17220,1901,15319
"Casp6",12678,1455,11223
"LOC105244557",3864,2405,1459
"Ccdc109b",55255,1326,53929
"LOC105244558",672,600,72
"Sec24b",78810,5495,73315
"Gm9396",629,629,0
"4930502M04Rik",20030,1579,18451
"Gm9397",4883,4883,0
"Col25a1",419546,8156,411390
"Etnppl",18303,2718,15585
"Gm36322",1079,950,129
"Gm36373",49361,3230,46131
"Ostc",13528,1062,12466
"Rpl34",3572,689,2883
"Gm36443",11930,2156,9774
"Gm5982",581,581,0
"Gm36520",16817,464,16353
"Gm5855",1730,1730,0
"Gm36603",6364,3418,2946
"Lef1",114095,4011,110084
"Hadh",38683,1789,36894
"Gm18492",638,638,0
"Cyp2u1",12737,2431,10306
"LOC100503594",14011,2491,11520
"Sgms2",172208,6624,165584
"Gm36753",8594,5510,3084
"Gm36863",1854,522,1332
"Papss1",78904,2917,75987
"Gm36917",1874,1439,435
"Gm29865",91917,388,91529
"Olfr375-ps1",376,376,0
"Gm29949",50806,2526,48280
"Dkk2",95063,3794,91269
"Gm30147",20830,613,20217
"LOC105244559",21383,632,20751
"Gm5549",17976,4060,13916
"Gm9402",1245,1245,0
"Aimp1",23382,1122,22260
"Tbck",157695,9390,148305
"Gm30294",11963,8264,3699
"Gm29811",36395,1671,34724
"Gm9403",2675,2675,0
"Npnt",68547,4800,63747
"Gstcd",110220,3730,106490
"Gm19148",677,677,0
"Ints12",19036,2988,16048
"Arhgef38",75361,1912,73449
"Ppa2",69077,3187,65890
"Tet2",81525,9376,72149
"Gm23011",12060,954,11106
"LOC105244560",18077,968,17109
"Gm6135",2301,683,1618
"Gm30484",2661,654,2007
"Gm26691",318636,4508,314128
"Gm30648",5329,2952,2377
"Cxxc4",25676,16977,8699
"Mir1895",79,79,0
"Gm26820",290481,2097,288384
"Gm6077",668,668,0
"4930539C22Rik",19493,970,18523
"Tacr3",105575,3764,101811
"Gm4860",2374,2311,63
"Gm2142",586,586,0
"Gm18546",676,676,0
"Cenpe",60978,7813,53165
"Bdh2",23206,1172,22034
"Slc9b2",35228,3397,31831
"Slc9b1",49834,2766,47068
"Cisd2",18031,3567,14464
"4930539J05Rik",2446,500,1946
"Ube2d3",28937,3024,25913
"Gm30992",13816,5110,8706
"Manba",85830,5146,80684
"LOC102633210",1865,1865,0
"Nfkb1",106893,4135,102758
"Slc39a8",71690,4114,67576
"4933401H06Rik",6576,937,5639
"Gm31243",28108,1752,26356
"Gm18330",546,546,0
"Gm16500",9584,736,8848
"Gm5281",2566,2566,0
"Bank1",272779,3613,269166
"Gm9408",1505,1505,0
"1700030L20Rik",14080,985,13095
"Ppp3ca",267662,4846,262816
"LOC105244561",6590,2464,4126
"1700006H20Rik",12532,1553,10979
"LOC102633493",904,904,0
"Gm567",10375,726,9649
"Emcn",90009,1478,88531
"LOC102643016",20268,5205,15063
"Gm4861",2578,957,1621
"Ddit4l",4661,2721,1940
"Gm30946",6470,904,5566
"Mir6380",81,81,0
"Gm31678",7375,402,6973
"H2afz",2436,1069,1367
"Dnajb14",48889,9828,39061
"LOC105244562",2315,903,1412
"Lamtor3",10208,1263,8945
"Dapp1",50579,3123,47456
"Gm31738",70819,2899,67920
"Gm5105",18628,1665,16963
"LOC102634333",19260,10418,8842
"Gm31857",3437,1185,2252
"Mttp",53536,4439,49097
"Trmt10a",16305,4411,11894
"4930579F01Rik",30165,2610,27555
"Adh7",33990,3746,30244
"0610031O16Rik",28947,824,28123
"LOC105244563",13935,611,13324
"Adh1",13047,1334,11713
"Gm16559",4864,889,3975
"Adh6a",17849,1341,16508
"Adh6b",18124,3456,14668
"Adh6-ps1",14171,2789,11382
"Adh4",15396,1312,14084
"Adh5",18300,1687,16613
"Metap1",30423,2549,27874
"Gm32553",4842,2319,2523
"Eif4e",31409,2901,28508
"Mir1956",65,65,0
"Gm29762",892,892,0
"Gm9415",1326,1326,0
"Gm6057",1002,1002,0
"4930425O10Rik",15450,1418,14032
"Tspan5",162226,6582,155644
"Rap1gds1",149305,3746,145559
"Gm18381",2568,2568,0
"Gm4862",65438,612,64826
"Stpg2",630429,4311,626118
"Gm2451",1200,1200,0
"Gm32693",3607,2402,1205
"Mir7j",122,122,0
"Gm4863",1411,1411,0
"Gm19184",909,909,0
"Gm19080",552,552,0
"Gm31211",289,289,0
"Gm6214",542,542,0
"Gm32754",7639,422,7217
"Gm32875",36121,656,35465
"4930590L14Rik",842,306,536
"Pdha2",2352,2352,0
"Gm15688",7525,2585,4940
"Unc5c",369361,9355,360006
"LOC105244564",15127,14973,154
"Gm15689",39809,4362,35447
"Bmpr1b",332455,7334,325121
"Gm6059",587,587,0
"Pdlim5",156112,7224,148888
"Gm33189",5157,1067,4090
"Gbp5",25411,3021,22390
"Gbp7",19816,5622,14194
"Gbp3",13198,3039,10159
"LOC105244565",2453,490,1963
"Gbp2b",24364,2925,21439
"Gbp2",17346,2455,14891
"Mir6381",87,87,0
"Gbp2-ps",4558,4558,0
"Gm19166",1075,1075,0
"Ccbl2",43864,2592,41272
"Gtf2b",18360,1253,17107
"Pkn2",91107,6211,84896
"9530052C20Rik",19617,6296,13321
"Gm31306",558,558,0
"Gm33289",12917,314,12603
"Gm2574",1201,1201,0
"LOC102636203",23716,1071,22645
"A830019L24Rik",14942,1652,13290
"LOC105244566",101288,399,100889
"Gm33514",2880,750,2130
"Gm33604",16937,987,15950
"Gm33651",22128,483,21645
"Gm33758",27801,1164,26637
"Gm33809",20970,777,20193
"Gm6260",41252,921,40331
"Gm33867",29666,3191,26475
"Gm33925",50736,589,50147
"LOC105244567",12955,1278,11677
"Gm2505",979,979,0
"Gm33988",13923,856,13067
"LOC105244568",35801,341,35460
"Gm34078",3661,752,2909
"Gm34162",30395,1404,28991
"Lmo4",16726,2049,14677
"Gm34434",3658,460,3198
"LOC102637878",1219,1219,0
"Hs2st1",139110,7810,131300
"LOC105244569",5227,4326,901
"Sep15",27251,1510,25741
"Rpl9-ps8",682,682,0
"Sh3glb1",36721,7539,29182
"Gm34810",1153,1121,32
"Gm9419",1577,1577,0
"Clca3a1",31276,5402,25874
"Gm17743",2342,2342,0
"Clca3a2",23071,3789,19282
"Gm34926",1220,1187,33
"Clca3b",26680,3306,23374
"Gm16215",520,520,0
"Clca4c-ps",16690,712,15978
"Clca4b",21609,2997,18612
"Gm16233",6168,373,5795
"Clca4a",22560,2998,19562
"Gm35066",14142,3237,10905
"Clca1",28240,3413,24827
"Clca2",29236,4984,24252
"LOC105244570",1571,344,1227
"Odf2l",35342,8464,26878
"Col24a1",259542,7150,252392
"Gm35133",5460,2768,2692
"Znhit6",29049,3402,25647
"LOC105244571",4291,1673,2618
"Cyr61",3015,2028,987
"Ddah1",135586,3769,131817
"LOC105244572",1866,1827,39
"Gm35187",15238,2911,12327
"Rpl36a-ps2",397,397,0
"Bcl10",10105,1959,8146
"2410004B18Rik",6827,1593,5234
"Gm35352",4403,1399,3004
"Syde2",34365,6084,28281
"LOC105244573",26680,1017,25663
"Gm35409",3710,2040,1670
"Wdr63",67582,3284,64298
"Mcoln3",48532,3342,45190
"Mcoln2",45719,4739,40980
"Lpar3",65254,2494,62760
"LOC105244574",4781,4603,178
"Gm10636",11792,2419,9373
"Ssx2ip",35528,3726,31802
"Ctbs",15383,2895,12488
"Spata1",42554,2889,39665
"Gm35555",1743,1399,344
"LOC105244575",1091,692,399
"Gng5",5708,535,5173
"Rpf1",15088,3695,11393
"Gm36259",394,394,0
"Dnase2b",48768,11201,37567
"Uox",34335,1843,32492
"Gm16325",9784,3174,6610
"4930503B20Rik",41613,7342,34271
"LOC105244576",3348,1065,2283
"Gm36521",3257,608,2649
"Gm9480",575,575,0
"Prkacb",83368,5081,78287
"LOC105244577",10835,417,10418
"Gm19104",596,596,0
"Gm10288",591,591,0
"Ttll7",131874,7778,124096
"Gm29771",63286,1302,61984
"Gm36726",4210,2823,1387
"Gm6074",650,650,0
"LOC105244578",5574,2471,3103
"Gm36831",9639,304,9335
"LOC105244579",3409,407,3002
"LOC105244580",4712,1978,2734
"Gm36888",14837,2945,11892
"LOC105244581",2916,455,2461
"LOC105244583",56934,2509,54425
"LOC105244582",1057,527,530
"LOC105244584",5422,403,5019
"Gm29836",4216,497,3719
"Lphn2",629838,8744,621094
"LOC105244586",18631,18550,81
"Gm30827",15035,11065,3970
"LOC105242440",5932,3353,2579
"Gm30575",13989,10552,3437
"Gm30426",777,442,335
"LOC102632402",21104,992,20112
"Gm1653",5244,2424,2820
"LOC105244585",8996,4512,4484
"Gm5149",4907,1092,3815
"LOC102631735",53775,2574,51201
"Gm31060",17863,3831,14032
"Gm31121",97513,1411,96102
"Gm31244",31374,710,30664
"Rpsa-ps10",1030,1030,0
"LOC105244587",7052,721,6331
"Gm6439",969,969,0
"Mir3963",71,71,0
"4930555A03Rik",2456,1873,583
"Eltd1",107200,4106,103094
"Ifi44",19038,2909,16129
"Ifi44l",4155,1296,2859
"Ptgfr",38919,4414,34505
"Gm31596",65895,342,65553
"Gm2939",481,481,0
"Gm2860",719,719,0
"Gm31739",3874,909,2965
"Gm9682",942,942,0
"Gm31881",23354,1379,21975
"Gipc2",72062,1335,70727
"LOC105244588",2858,1783,1075
"Dnajb4",26463,3047,23416
"LOC105244589",10170,4525,5645
"Fubp1",26404,6960,19444
"Nexn",31565,6833,24732
"Gm31999",519,431,88
"Fam73a",66979,5554,61425
"Usp33",47140,4194,42946
"Zzz3",68341,10113,58228
"Ak5",205562,3601,201961
"AI115009",14520,1853,12667
"Gm32085",12086,4500,7586
"Pigk",74916,5272,69644
"LOC105244591",3641,2723,918
"Rpl29-ps1",1433,617,816
"St6galnac5",161499,2000,159499
"LOC102634861",2874,2050,824
"LOC105244590",8310,7997,313
"LOC105244592",6313,775,5538
"LOC105244593",67712,2257,65455
"4930482G09Rik",4166,828,3338
"1700094M23Rik",20391,3067,17324
"St6galnac3",522625,14217,508408
"Gm33066",4068,1599,2469
"Gm33014",8948,6003,2945
"1700012D16Rik",2148,579,1569
"Gm32721",18609,15881,2728
"Gm5858",5767,5767,0
"5730460C07Rik",2783,1834,949
"Asb17",9369,1048,8321
"Asb17os",2051,495,1556
"Msh4",48998,3709,45289
"Rabggtb",5678,1686,3992
"Snord45b",45,45,0
"Snord45c",61,61,0
"Acadm",22291,2062,20229
"Slc44a5",298312,7384,290928
"LOC105244595",5989,3050,2939
"Gm3076",656,656,0
"Gm32399",11848,4379,7469
"LOC105244594",1328,464,864
"Lhx8",24273,2262,22011
"AI606473",3867,2164,1703
"Gm2988",796,796,0
"LOC105244596",8972,788,8184
"Tyw3",20579,4404,16175
"Cryz",26472,2750,23722
"Erich3",104404,9303,95101
"Gm20389",2677,997,1680
"Tnni3k",269117,3097,266020
"Gm18589",579,579,0
"Fpgt",8464,3860,4604
"Lrriq3",100845,3160,97685
"Gm5285",675,675,0
"Scp2-ps1",1246,1246,0
"Gm33266",26419,398,26021
"9330178D15Rik",32239,3451,28788
"Gm6510",1175,1175,0
"Gm33311",13089,679,12410
"4930570G19Rik",14994,4170,10824
"Negr1",754671,14576,740095
"Gm15577",17146,4117,13029
"Gm5983",767,767,0
"LOC102636317",6577,811,5766
"Zranb2",13943,2616,11327
"Mir186",71,71,0
"Ptger3",77943,2183,75760
"Gm33466",6005,1689,4316
"Gm5550",1172,1172,0
"Gm6520",410,410,0
"Cth",30834,1819,29015
"1810013D15Rik",12819,1278,11541
"Ankrd13c",60170,3452,56718
"Gm33759",1977,1514,463
"Srsf11",26158,4693,21465
"Lrrc40",30409,2815,27594
"Lrrc7",479334,9365,469969
"Gm33810",2154,641,1513
"Gm3092",1047,1047,0
"Gm9423",1219,1219,0
"Gm20752",231717,2832,228885
"Gm9424",2130,1042,1088
"LOC105244597",4713,1317,3396
"Depdc1a",34530,3472,31058
"Rpe65",26233,1970,24263
"Wls",98994,3003,95991
"Gm19149",626,626,0
"Gm17843",770,770,0
"Vmn1r-ps2",894,894,0
"Vmn1r-ps3",984,984,0
"Vmn1r2",921,921,0
"Vmn1r3",921,921,0
"Gm11783",28012,3757,24255
"Gm11786",159,159,0
"Gm11784",2252,2252,0
"Gm11787",19823,1335,18488
"Mir3471-2",102,102,0
"Tmem68",25808,2979,22829
"Tgs1",41746,4535,37211
"2210414B05Rik",6603,874,5729
"LOC105247090",18770,4283,14487
"Lyn",113492,3456,110036
"6330407A03Rik",1850,1850,0
"Gm11805",824,824,0
"Rps20",1128,502,626
"Gm32823",29158,1303,27855
"Mos",1448,1448,0
"Plag1",39666,7112,32554
"Gm32869",12433,12358,75
"Chchd7",12523,3216,9307
"Gm19037",1103,1103,0
"Gm11808",479,479,0
"Rps10-ps3",500,500,0
"Sdr16c5",23722,1379,22343
"Sdr16c6",21669,2181,19488
"Penk",5436,1749,3687
"A830012C17Rik",33817,1733,32084
"Gm33007",40813,903,39910
"Gm33057",77390,2535,74855
"Gm11780",1685,1685,0
"Gm33182",21606,4084,17522
"Gm33259",2904,1085,1819
"Impad1",28965,4636,24329
"Gm18933",630,630,0
"4930423M02Rik",9957,1205,8752
"Fam110b",157024,3769,153255
"Gm11796",1182,1182,0
"Gm18158",782,782,0
"Gm11797",727,727,0
"Ubxn2b",28684,4735,23949
"Cyp7a1",11519,4969,6550
"4930430E12Rik",2308,397,1911
"Sdcbp",30443,2715,27728
"Nsmaf",58462,4849,53613
"LOC101055960",27355,815,26540
"Tox",305200,4146,301054
"Gm11802",16810,10097,6713
"LOC105247091",4827,2247,2580
"Gm33462",28482,448,28034
"Gm33539",8117,4712,3405
"Gm33646",23403,1088,22315
"8430436N08Rik",13114,1077,12037
"Gm33752",67325,523,66802
"Car8",97549,5722,91827
"LOC105247092",44784,704,44080
"Gm11810",333,333,0
"Gm18098",5989,5989,0
"Rab2a",72117,2297,69820
"LOC105247164",5220,4092,1128
"LOC105247093",11117,2565,8552
"Gm8273",2120,2120,0
"LOC102641941",17720,1400,16320
"Gm11809",947,947,0
"Chd7",178044,11401,166643
"Rps18-ps2",437,437,0
"Gm34428",2504,702,1802
"Gm34288",13964,2518,11446
"Clvs1",306936,4587,302349
"Gm11816",4358,3400,958
"Asph",220260,14301,205959
"Gm19130",531,531,0
"Gm34947",3042,264,2778
"4930412C18Rik",52827,3969,48858
"LOC105247094",17571,1959,15612
"Gdf6",17974,3532,14442
"4930448K20Rik",1433,1433,0
"Gm35008",10630,267,10363
"Gm11814",1507,1507,0
"1700123O12Rik",289772,568,289204
"Gm12920",1244,1244,0
"Mir3471-1",131,131,0
"Gm12918",724,724,0
"Gm12919",2001,2001,0
"2610301B20Rik",25177,2369,22808
"Gm35059",19264,4057,15207
"Rps11-ps3",538,538,0
"LOC102638891",4999,3062,1937
"Plekhf2",18958,2920,16038
"Gm35429",39420,5917,33503
"Ndufaf6",25194,1543,23651
"Gm11827",3649,1897,1752
"Gm11829",589,589,0
"Mir684-2",86,86,0
"LOC102639147",10884,643,10241
"Trp53inp1",17937,5430,12507
"A630034I12Rik",15297,4551,10746
"Ccne2",15566,4526,11040
"Ints8",55109,5117,49992
"Dpy19l4",60821,6905,53916
"LOC105247095",22239,3111,19128
"Esrp1",54851,3969,50882
"Gm35631",2295,1615,680
"Gm11821",1734,1734,0
"1110037F02Rik",65196,7125,58071
"Gm35693",7485,697,6788
"Rad54b",56889,7051,49838
"Fsbp",8141,4572,3569
"Gm11832",4809,2240,2569
"Gm11833",918,918,0
"Gm35884",12212,2855,9357
"Gem",10547,2257,8290
"Cdh17",59749,3566,56183
"Pdp1",8268,4398,3870
"1700123M08Rik",27722,1066,26656
"LOC105247096",3332,755,2577
"Tmem67",50011,3694,46317
"Rbm12b2",6902,3565,3337
"Gm11839",2355,2355,0
"Gm11841",2360,2360,0
"LOC101056106",2437,2318,119
"Rbm12b1",7789,6215,1574
"Fam92a",18301,3051,15250
"Gm11847",5253,5253,0
"Triqk",74649,1501,73148
"LOC105247097",44106,2840,41266
"Gm11820",41295,4172,37123
"LOC102639470",2831,517,2314
"Gm11826",524,524,0
"Gm36488",71471,1790,69681
"Gm36438",10165,1353,8812
"Runx1t1",151875,13808,138067
"Gm11823",75240,2278,72962
"Gm11824",849,849,0
"Gm2560",10171,1759,8412
"Gm11836",605,605,0
"Slc26a7",119542,5439,114103
"Lrrc69",177699,6654,171045
"Otud6b",17114,3982,13132
"Tmem55a",51042,2280,48762
"Gm11837",23203,1108,22095
"Necab1",197560,5015,192545
"Gm11844",12319,3656,8663
"Gm36801",36480,4163,32317
"Tmem64",20934,4681,16253
"Gm29883",38672,1507,37165
"Gm29829",8375,460,7915
"Gm11857",317,317,0
"Gm11855",2312,2312,0
"Calb1",25446,2867,22579
"Decr1",28268,2959,25309
"Mir6400",92,92,0
"Nbn",34623,2491,32132
"Gm11869",468,468,0
"Osgin2",17534,3617,13917
"Gm11870",2551,2551,0
"Ripk2",40939,2917,38022
"A530072M11Rik",102116,1852,100264
"Gm11865",4197,1745,2452
"Gm11864",1203,1203,0
"Gm11862",665,665,0
"Gm11848",966,966,0
"LOC105247098",26377,565,25812
"Gm30092",89792,3080,86712
"Mmp16",265253,4576,260677
"Gm11860",1010,1010,0
"Gm11853",9471,9471,0
"Cnbd1",354582,1655,352927
"Gm11868",1475,1475,0
"LOC105247099",15097,478,14619
"Gm12393",854,854,0
"Cngb3",229774,4708,225066
"Gm11877",927,927,0
"Cpne3",50853,5646,45207
"Rmdn1",32071,2242,29829
"Wwp1",100709,7262,93447
"LOC105247100",5373,5091,282
"Gm12354",4230,3651,579
"Slc7a13",23487,2134,21353
"Atp6v0d2",45729,2503,43226
"4930480G23Rik",26295,1259,25036
"Ttpa",22697,3311,19386
"LOC105247101",9138,1584,7554
"Ggh",24125,4379,19746
"Gm29814",471,471,0
"Nkain3",661975,10558,651417
"Gm11873",1301,1301,0
"Gm11871",1010,1010,0
"Gm11875",805,805,0
"Prdm13",10099,6038,4061
"Ccnc",32222,4369,27853
"Tstd3",9830,1587,8243
"Usp45",70712,6167,64545
"4930528A17Rik",2122,2122,0
"Pnisr",28893,4759,24134
"Coq3",32489,2836,29653
"Faxc",71461,10399,61062
"Gm11885",1305,1305,0
"LOC105247102",16339,1540,14799
"LOC105247103",108790,1169,107621
"Fbxl4",76549,5526,71023
"Pou3f2",6272,6272,0
"Gm11878",485,485,0
"LOC105247104",53560,613,52947
"Gm30886",40935,294,40641
"LOC102633008",50241,597,49644
"Gm11884",10173,1678,8495
"Gm31085",45618,854,44764
"Gm11888",744,744,0
"Gm11889",2783,2152,631
"Gm31145",145238,12934,132304
"Gm27243",454367,2433,451934
"Gm11892",1208,1208,0
"Mms22l",106507,5420,101087
"Klhl32",236759,5331,231428
"Gm31436",5765,3798,1967
"Gm31379",28022,1079,26943
"Ndufaf4",6919,3632,3287
"C230012O17Rik",10743,10270,473
"Gpr63",42693,7239,35454
"Fhl5",43138,1361,41777
"Ufl1",34107,5206,28901
"Prdx6-ps2",1363,1363,0
"Gm11897",834,834,0
"Gm11896",809,809,0
"Gm11893",880,880,0
"Fut9",190671,11990,178681
"LOC105247105",8257,218,8039
"Gm11895",2276,1351,925
"Manea",22147,4791,17356
"Bhmt-ps1",1872,1872,0
"Gm11903",796,796,0
"Gng2-ps1",414,414,0
"Gm11905",646,646,0
"4930548K13Rik",69630,561,69069
"LOC105247106",28189,353,27836
"Gm11914",516,516,0
"Tpm3-rs2",903,903,0
"Gm11911",798,798,0
"LOC105247165",488,488,0
"Gm11907",1237,1237,0
"Gm11908",373,373,0
"Gm11909",777,777,0
"Epha7",154468,8164,146304
"Gm11917",20836,476,20360
"Gm11919",767,767,0
"4930556G01Rik",191149,891,190258
"Gm11920",643,643,0
"LOC105247166",13182,5055,8127
"Gm32173",8902,217,8685
"Gm11922",1498,1498,0
"LOC105247167",56402,952,55450
"LOC105247107",516,213,303
"Gm32412",55858,6114,49744
"Map3k7",61175,7656,53519
"Gm11927",1223,835,388
"LOC105247108",25845,2200,23645
"Gm11929",1099,1099,0
"Bach2",347535,13401,334134
"Bach2os",11983,1661,10322
"Gja10",1518,1518,0
"Casp8ap2",37799,6810,30989
"Mdn1",118106,17987,100119
"LOC105247109",1426,1122,304
"Lyrm2",2010,1344,666
"Ankrd6",146858,6357,140501
"Gm11942",468,468,0
"Rragd",39183,5047,34136
"4933421O10Rik",4185,3850,335
"Ube2j1",20973,3555,17418
"Gm11931",2163,788,1375
"Gabrr2",38154,2874,35280
"Gabrr1",43165,2805,40360
"Pm20d2",19337,5740,13597
"Gm11930",238,238,0
"Srsf12",24358,3156,21202
"Pnrc1",3365,1925,1440
"Rngtt",192314,7195,185119
"Mir8118",129,129,0
"Gm32893",9597,383,9214
"Gm32955",26725,631,26094
"Gm33059",58100,1136,56964
"Gm33008",2058,621,1437
"Gm33105",10841,2104,8737
"Cnr1",24988,8707,16281
"Spaca1",25196,1348,23848
"Gm33286",8461,1267,7194
"Gm20764",9938,790,9148
"Gm12751",890,890,0
"Gm12752",1734,1734,0
"Gm12754",488,488,0
"LOC102636231",321,321,0
"LOC105247110",19314,319,18995
"Gm33434",2708,951,1757
"Gm12350",779,779,0
"Akirin2",16297,1722,14575
"Orc3",48162,6329,41833
"Rars2",45227,1987,43240
"Slc35a1",24556,5807,18749
"1700003M02Rik",41664,2332,39332
"Gm136",12472,1303,11169
"Smim8",9733,994,8739
"Zfp292",81824,11962,69862
"Gm12363",890,890,0
"Cga",13596,774,12822
"2410114N07Rik",1693,951,742
"Gm12361",1384,1384,0
"Gm12362",641,641,0
"Mob3b",208422,10421,198001
"Gm33620",11246,2552,8694
"Ifnk",1965,820,1145
"3110043O21Rik",34737,3473,31264
"Gm12366",941,941,0
"LOC105247168",10648,1236,9412
"Gm18607",714,714,0
"Gm33672",5833,1655,4178
"Gm12365",574,574,0
"Gm33779",5008,4135,873
"Lingo2",1245608,7465,1238143
"Gm12369",906,906,0
"Gm12370",577,577,0
"Mir876",81,81,0
"Mir873b",77,77,0
"Mir873a",77,77,0
"Gm12371",35746,1770,33976
"LOC105247111",13137,2646,10491
"LOC105247169",14594,1115,13479
"Rpl23a-ps6",508,508,0
"Gm12374",38319,3149,35170
"Gm12375",675,675,0
"Gm12378",1458,1458,0
"Gm12381",283817,2288,281529
"Gm12382",917,917,0
"Gm18004",639,639,0
"Gm12383",743,743,0
"LOC105247112",225,150,75
"Gm17094",52205,3334,48871
"1700009N14Rik",1488,1264,224
"LOC105247113",13290,1955,11335
"LOC105247114",3442,2248,1194
"Gm34007",76611,2541,74070
"Gm12385",856,856,0
"Gm34071",3655,294,3361
"Gm12384",644,644,0
"Gm12387",997,997,0
"Gm34132",15835,1930,13905
"Gm12388",1843,1843,0
"Aco1",55745,4319,51426
"Ddx58",36049,4943,31106
"Topors",10236,3842,6394
"Toporsos",643,325,318
"Ndufb6",8706,534,8172
"4930509K18Rik",4488,1810,2678
"Tmem215",3474,3226,248
"4933428C19Rik",42709,818,41891
"Aptx",39590,6645,32945
"Gm6297",2688,1673,1015
"Dnaja1",14686,5792,8894
"Mir207",79,79,0
"Smu1",22237,3273,18964
"Gm34213",3878,493,3385
"Gm12396",639,639,0
"B4galt1",49956,4804,45152
"Mir5123",83,83,0
"Gm34289",41418,3307,38111
"Gm12397",1665,1665,0
"Spink4",11340,393,10947
"Bag1",11897,1349,10548
"Chmp5",16750,1372,15378
"Nfx1",55349,7247,48102
"Mir3094",64,64,0
"Aqp7",15142,2623,12519
"Aqp3",5460,1763,3697
"Nol6",9913,4483,5430
"Ube2r2",57350,3312,54038
"Gm12403",1180,1180,0
"Ubap2",81009,4985,76024
"LOC105247115",3517,1046,2471
"Dcaf12",25427,4317,21110
"Ubap1",40771,2738,38033
"Kif24",74186,7534,66652
"Nudt2",15847,1226,14621
"AI464131",11290,7080,4210
"1110017D15Rik",12329,1760,10569
"Fam219aos",1493,708,785
"Fam219a",51843,3970,47873
"Gm12404",1992,856,1136
"Dnaic1",68496,2722,65774
"Enho",2159,1247,912
"Gm12405",15632,7273,8359
"Cntfr",39594,3318,36276
"Rpp25l",1794,1148,646
"Dctn3",8366,966,7400
"Arid3c",8037,3810,4227
"Sigmar1",2867,1640,1227
"LOC105247116",12468,2267,10201
"Galt",3997,2261,1736
"Il11ra1",9031,1961,7070
"Ccl27a",4744,3170,1574
"Gm12407",1962,673,1289
"Gm10601",3177,3177,0
"LOC105247117",5627,2708,2919
"Gm30036",1784,1557,227
"LOC105247119",2797,700,2097
"Gm21075",19957,4637,15320
"Gm29964",1703,1703,0
"Gm29801",2429,2429,0
"Gm29804",2632,2632,0
"LOC101056144",1818,1818,0
"Gm21541",1131,867,264
"LOC100861618",1956,667,1289
"Gm20878",1030,402,628
"Gm20938",15057,6476,8581
"Gm36562",2907,2680,227
"Gm21093",19181,9796,9385
"Gm21104",1951,673,1278
"Gm3893",3558,3558,0
"Gm13304",1131,867,264
"Gm2457",1962,673,1289
"Gm13306",5402,1218,4184
"Gm13305",9762,2492,7270
"Gm2163",417065,5858,411207
"Gm13301",19799,4479,15320
"Gm17167",1703,1703,0
"Gm5859",2438,2438,0
"Gm17818",666,666,0
"Gm10600",1922,1922,0
"Gm29830",1818,1818,0
"Ccl21b",1095,831,264
"Ccl19-ps1",2009,720,1289
"Gm13308",1065,437,628
"Gm21598",15057,6476,8581
"Gm21586",1030,402,628
"Gm3883",19448,9787,9661
"Gm13298",128620,5361,123259
"Ccl19-ps2",1997,719,1278
"Gm10591",1131,867,264
"Gm2564",1962,673,1289
"Ccl27b",5402,1218,4184
"Il11ra2",10489,3219,7270
"LOC105247118",3025,1302,1723
"Gm21158",10197,8522,1675
"Gm35264",1012,804,208
"LOC102638670",95220,1286,93934
"Ccl19",1994,720,1274
"Ccl21a",1132,868,264
"LOC100861727",8241,5852,2389
"Gm12429",11096,6870,4226
"BC049635",6836,2294,4542
"N28178",71533,9838,61695
"Gm34832",13475,11135,2340
"Dnajb5",9599,4119,5480
"1700022I11Rik",4380,3726,654
"Vcp",20544,3315,17229
"Fancg",8232,3091,5141
"Pigo",10060,5678,4382
"Stoml2",3695,1548,2147
"Fam214b",13807,4053,9754
"LOC105247120",7102,842,6260
"Unc13b",206026,20406,185620
"Atp8b5",107138,4985,102153
"Rusc2",45111,8205,36906
"Fam166b",4919,3513,1406
"Tesk1",5799,3620,2179
"Cd72",7745,2480,5265
"Sit1",1627,1201,426
"Rmrp",275,275,0
"Ccdc107",2582,914,1668
"Arhgef39",12631,2440,10191
"Car9",6785,2268,4517
"Gm30166",1695,633,1062
"Tpm2",9858,3355,6503
"Tln1",31071,8885,22186
"Creb3",4427,1582,2845
"Gba2",11937,3535,8402
"LOC105247121",8721,1041,7680
"Rgp1",8753,5872,2881
"Msmp",1279,743,536
"LOC105247122",19162,654,18508
"Npr2",21106,5469,15637
"Spag8",2795,2232,563
"Hint2",2260,661,1599
"Gm4748",7049,7049,0
"Fam221b",9238,1763,7475
"Gm12481",498,498,0
"Tmem8b",23698,5542,18156
"Olfr70",5808,2352,3456
"Olfr71",939,939,0
"Hrct1",913,913,0
"5430416O09Rik",4501,4086,415
"A630077J23Rik",7606,957,6649
"Olfr269-ps1",773,773,0
"Olfr159",960,960,0
"Olfr29-ps1",963,963,0
"Gm12492",1357,1357,0
"Olfr156",1168,1168,0
"Gm30318",7371,680,6691
"Olfr157",2892,1945,947
"Olfr155",1172,1172,0
"Reck",69277,4534,64743
"Gm30377",1759,475,1284
"Glipr2",21417,2019,19398
"Ccin",2030,2030,0
"Clta",29033,1866,27167
"Gne",50103,5943,44160
"Gm12503",25445,3621,21824
"Gm12504",2231,2231,0
"Rnf38",107432,5841,101591
"Mir5106",73,73,0
"Melk",63800,2955,60845
"Pax5",184213,8147,176066
"Mir5120",78,78,0
"LOC102632357",23291,6213,17078
"5730488B01Rik",2311,2311,0
"Gm12463",1051,1051,0
"Zcchc7",175657,2949,172708
"Gm12678",4361,475,3886
"Gm30763",3223,728,2495
"Grhpr",10699,2275,8424
"Zbtb5",21171,5606,15565
"1700055D18Rik",1798,1798,0
"Polr1e",15671,3691,11980
"Fbxo10",50357,4634,45723
"Gm30939",16311,2884,13427
"Tomm5",2905,687,2218
"Frmpd1",101520,5229,96291
"Frmpd1os",9268,415,8853
"Trmt10b",19061,2572,16489
"Exosc3",3975,1035,2940
"Gm31017",2809,374,2435
"Gm12585",410,410,0
"Dcaf10",37998,7589,30409
"Slc25a51",12861,4455,8406
"Shb",107553,2744,104809
"Gm31178",6878,6779,99
"Gm12411",516,516,0
"Gm12408",6130,1758,4372
"Gm829",40118,1090,39028
"Gm31563",16529,2125,14404
"Gm12409",1847,646,1201
"Aldh1b1",5587,2302,3285
"Igfbpl1",17321,2729,14592
"Stra6l",63199,5455,57744
"E230008N13Rik",60472,5081,55391
"Tdrd7",69740,4980,64760
"Tmod1",77093,3370,73723
"Tstd2",23836,4383,19453
"Ncbp1",33893,3112,30781
"Xpa",21604,1668,19936
"Gm31617",4809,902,3907
"Gm12444",941,941,0
"Gm12445",1118,1016,102
"Gm12447",23625,1195,22430
"LOC105247123",2253,2112,141
"Foxe1",1116,1116,0
"5830415F09Rik",17054,4462,12592
"Hemgn",19516,2456,17060
"Anp32b",21541,1891,19650
"Nans",14110,1904,12206
"Trim14",31070,3243,27827
"Coro2a",64993,4460,60533
"LOC105247126",792,687,105
"LOC105247125",8671,3942,4729
"Tbc1d2",46488,5074,41414
"Gm31850",3317,2218,1099
"LOC105247124",6735,1904,4831
"Gabbr2",327817,3998,323819
"Gm32208",15795,2716,13079
"Gm32135",9927,6000,3927
"Anks6",41971,5772,36199
"Galnt12",31150,2368,28782
"Gm12426",9397,7342,2055
"Col15a1",105535,5754,99781
"Gm32317",20187,8434,11753
"LOC105247127",12580,687,11893
"Tgfbr1",61814,6222,55592
"Gm32435",32274,6949,25325
"Gm12430",1842,1842,0
"Alg2",4542,3062,1480
"Sec61b",8573,552,8021
"LOC105247128",5614,1034,4580
"LOC105247129",10793,716,10077
"Gm32487",4871,965,3906
"Gm32544",12863,687,12176
"Nr4a3",41811,6527,35284
"Stx17",61593,6041,55552
"Erp44",86271,2659,83612
"Mir1958",97,97,0
"Invs",152194,7439,144755
"Gm12435",1076,1076,0
"Tex10",42607,3558,39049
"Msantd3",26061,6064,19997
"Tmeff1",78018,2524,75494
"Murc",9979,2044,7935
"LOC105247130",68477,631,67846
"Gm12436",64645,2959,61686
"Lppr1",280800,3967,276833
"Gm32657",11373,8864,2509
"LOC102635389",1672,1672,0
"Rbpsuh-ps1",24153,24153,0
"Acnat2",32811,2374,30437
"Gm12451",14168,3180,10988
"Gm12452",721,721,0
"Rbpsuh-ps2",13859,4360,9499
"Acnat1",37781,6127,31654
"Gm33009",12560,1244,11316
"Gm32894",15995,996,14999
"Baat",18497,3302,15195
"Gm33060",1063,973,90
"Mrpl50",8487,2103,6384
"Zfp189",10383,3047,7336
"Aldob",13489,1953,11536
"Tmem246",13365,3119,10246
"Gm33106",1788,1062,726
"Gm33159",32143,6204,25939
"Rnf20",24876,4335,20541
"Grin3a",184393,8021,176372
"Ppp3r2",3237,2985,252
"LOC105247131",13646,6715,6931
"LOC105247133",38775,1154,37621
"LOC105247132",114103,448,113655
"Gm12460",378,378,0
"Cylc2",13297,2072,11225
"LOC102642381",20651,1242,19409
"Amd-ps4",1893,1893,0
"Gm12461",1354,1354,0
"C630028M04Rik",83017,3387,79630
"Gm12466",707,707,0
"Gm12467",81422,921,80501
"Gm12475",1386,1386,0
"Smc2os",8681,626,8055
"Smc2",49145,5531,43614
"Tmc4-ps",2187,925,1262
"Vma21-ps",2368,2368,0
"Toporsl",16151,2801,13350
"Gm33435",2434,811,1623
"4930552N02Rik",13666,1188,12478
"Gm12482",790,790,0
"Olfr275",960,960,0
"Olfr274-ps1",829,829,0
"Olfr273",954,954,0
"Cct3-ps1",2331,1884,447
"Olfr272",960,960,0
"Olfr271-ps1",952,952,0
"Gm33479",14430,255,14175
"Olfr270",939,939,0
"Nipsnap3a",11571,1099,10472
"Nipsnap3b",10286,1657,8629
"Abca1",129200,10522,118678
"4930412L05Rik",18237,12378,5859
"4930522O17Rik",4925,452,4473
"AI427809",8877,2277,6600
"Gm12496",55411,1769,53642
"Slc44a1",182066,7956,174110
"Gm33729",44386,10953,33433
"Fsd1l",77081,10768,66313
"LOC100534358",1037,1037,0
"Fktn",51679,6656,45023
"Tal2",7181,1144,6037
"Rps15a-ps8",426,426,0
"Tmem38b",35975,2862,33113
"Gm12468",1844,588,1256
"Gm33840",3042,966,2076
"Gm33893",40974,403,40571
"Gm33946",90372,1334,89038
"Gm34008",8616,318,8298
"Gm34072",1156,321,835
"Tpt1-ps2",772,772,0
"Gm12477",572,572,0
"Gm34133",42695,921,41774
"Gm12479",2224,2224,0
"Zfp462",138981,14889,124092
"LOC105247134",8752,1248,7504
"LOC105247135",9446,2115,7331
"Gm12509",604,604,0
"Gm34231",31073,840,30233
"Gm12508",11547,609,10938
"LOC105247136",5519,2661,2858
"Rad23b",42196,3811,38385
"Gm34290",5582,759,4823
"Gm12505",8400,757,7643
"Klf4",5339,3044,2295
"Gm12506",104378,3197,101181
"Gm34343",2865,2497,368
"Gm12511",26958,943,26015
"Gm34482",5412,259,5153
"Gm12519",34282,3901,30381
"LOC105247137",48645,369,48276
"Gm12518",773,773,0
"Gm34628",22485,612,21873
"Gm34687",91471,3881,87590
"Actl7b",1421,1421,0
"Actl7a",1504,1504,0
"Ikbkap",52652,6236,46416
"Fam206a",7277,4661,2616
"Ctnnal1",54277,3687,50590
"Tmem245",71525,7104,64421
"Mir32",70,70,0
"Frrs1l",30256,3854,26402
"Epb4.1l4b",151126,8454,142672
"Gm34738",9865,9727,138
"Gm34802",3154,1087,2067
"Gm12530",4484,1759,2725
"Ptpn3",148206,7570,140636
"Gm12536",1754,928,826
"1700042G15Rik",4501,2030,2471
"Gm12537",1201,1201,0
"Gm12538",613,613,0
"Gm12539",2746,1947,799
"Palm2",148899,8213,140686
"Gm35099",13543,2915,10628
"Akap2",51737,6869,44868
"D630039A03Rik",7881,2896,4985
"LOC105247139",27213,2696,24517
"LOC105247138",2011,1492,519
"Txn1",13039,1051,11988
"Gm35344",11638,1519,10119
"Txndc8",25115,682,24433
"Gm35402",31314,808,30506
"Svep1",163801,11275,152526
"Gm30907",178,178,0
"Musk",92209,7491,84718
"Lpar1",118776,4635,114141
"Mir3095",87,87,0
"Gm12577",1069,1069,0
"Gm12579",808,808,0
"Olfr267",4979,4016,963
"AI314180",115887,10026,105861
"Zkscan16",19057,7625,11432
"Ptgr1",21542,2176,19366
"Dnajc25",28589,2476,26113
"Gng10",6744,1120,5624
"AI481877",76233,6775,69458
"Gm35527",17845,697,17148
"Rpsa-ps11",1031,1031,0
"Ugcg",33630,4065,29565
"Gm12596",9094,1280,7814
"Gm35578",12507,1278,11229
"Susd1",125088,4432,120656
"Gm12527",559,559,0
"Ptbp3",77512,7515,69997
"LOC102639321",2288,2115,173
"Hsdl2",38237,3919,34318
"E130308A19Rik",133088,16000,117088
"Inip",14214,3221,10993
"Snx30",99615,7905,91710
"Gm12543",543,543,0
"Slc46a2",9158,2060,7098
"Mup4",3860,1002,2858
"Mup6",2666,662,2004
"Mup-ps1",65535,65535,0
"Mup7",4013,1039,2974
"Mup2",3960,1090,2870
"Mup-ps2",18732,1178,17554
"Mup8",3980,987,2993
"LOC102639433",7545,631,6914
"Mup9",3916,932,2984
"Mup-ps4",2703,2703,0
"Mup1",3949,1091,2858
"Gm13773",18191,724,17467
"Mup10",3896,924,2972
"Mup11",3930,955,2975
"Mup-ps7",3799,3799,0
"Mup12",3901,924,2977
"Mup-ps8",18191,1003,17188
"Gm21320",4005,1032,2973
"Gm21286",3191,734,2457
"Mup-ps9",3642,831,2811
"Mup13",3980,984,2996
"Mup14",3962,967,2995
"LOC102640754",7550,631,6919
"Mup15",3928,940,2988
"Mup-ps12",97893,3583,94310
"Mup16",3912,1070,2842
"Mup17",3925,950,2975
"Mup-ps14",3757,3757,0
"LOC100048884",3922,933,2989
"LOC102631971",27274,631,26643
"Mup19",3913,935,2978
"Mup-ps16",18223,3203,15020
"Mup5",3862,872,2990
"Mup-ps23",1396,771,625
"Mup-ps17",467,129,338
"Mup-ps18",9573,762,8811
"Mup-ps19",10990,867,10123
"Mup20",42738,975,41763
"Mup-ps21",3277,726,2551
"Mup3",3895,997,2898
"LOC105243851",10159,3345,6814
"Mup21",3010,755,2255
"Zfp37",19193,4016,15177
"Gm30451",479,329,150
"Slc31a2",18020,2014,16006
"Fkbp15",60250,6340,53910
"Slc31a1",31188,3765,27423
"Cdc26",14829,1588,13241
"Prpf4",18224,5292,12932
"Rnf183",7191,1413,5778
"Gm30589",9247,295,8952
"Wdr31",22312,3770,18542
"Bspry",17306,3201,14105
"Hdhd3",3147,1083,2064
"Alad",14080,4731,9349
"Pole3",1217,602,615
"4933430I17Rik",27423,6134,21289
"Rgs3",143185,11124,132061
"Gm11211",4404,741,3663
"LOC105247140",23566,2956,20610
"Gm30699",10363,5045,5318
"Zfp618",174155,9195,164960
"Gm30764",859,682,177
"Ambp",10864,1233,9631
"Kif12",6514,2272,4242
"Col27a1",120983,8443,112540
"Mir455",82,82,0
"Orm1",3597,768,2829
"Gm11212",3436,3436,0
"Orm3",4233,3082,1151
"Orm2",3429,774,2655
"Akna",43632,7800,35832
"Aknaos",15068,6388,8680
"Whrn",81170,4707,76463
"Atp6v1g1",5937,1093,4844
"LOC102642011",2567,2489,78
"6330416G13Rik",27942,5000,22942
"Gm11213",8361,684,7677
"1700018C11Rik",15364,713,14651
"Gm11482",7567,1101,6466
"Gm11214",1237,1237,0
"LOC105247142",81550,494,81056
"Tnfsf15",20511,5828,14683
"LOC105247141",28129,594,27535
"Tnfsf8",28862,2536,26326
"Rpl17-ps4",613,613,0
"Tnc",87231,7373,79858
"LOC105247143",6776,4056,2720
"8030451A03Rik",136493,5080,131413
"Gm31115",131839,2967,128872
"Gm11217",22551,2161,20390
"Gm11218",1891,1891,0
"Pappa",233336,11027,222309
"Astn2",1023728,6255,1017473
"Trim32",11255,3651,7604
"Gm31533",3657,1284,2373
"Gm11220",475,475,0
"Tlr4",14987,3847,11140
"Hmgb1-rs18",180,180,0
"Gm11249",922,922,0
"Tcp1-ps1",2135,2135,0
"Gm12911",9494,892,8602
"Brinp1",193026,3354,189672
"LOC105247144",1755,1162,593
"Gm31905",2737,2220,517
"Gm11404",3510,3510,0
"Gm11221",697,697,0
"Gm11222",735,735,0
"Gm11223",970,970,0
"Gm11224",1108,1108,0
"Gm11225",1046,1046,0
"Cdk5rap2",192772,12649,180123
"Megf9",103002,3062,99940
"Gm32209",111333,1816,109517
"LOC105247145",12479,1344,11135
"Gm11227",2140,562,1578
"Gm11228",56025,2013,54012
"Gm18534",1297,1297,0
"Rps18-ps1",523,523,0
"LOC105247146",15267,455,14812
"Gm11231",2336,2187,149
"LOC102634852",2215,1572,643
"Tle1",90949,13251,77698
"C630043F03Rik",2687,2687,0
"Aldoart1",2052,2052,0
"Gm5287",598,598,0
"Gm11251",6251,6251,0
"Gm11487",6373,1362,5011
"Gm11485",1172,1172,0
"Gm11488",900,900,0
"Gm11237",6379,1237,5142
"Gm11236",6382,1240,5142
"LOC100862015",6379,1240,5139
"LOC100502896",6383,1240,5143
"LOC101055863",6381,1240,5141
"Gm428",6409,1391,5018
"Rasef",76825,6677,70148
"Gm11240",7135,759,6376
"Gm11758",4048,1325,2723
"Gm11757",4015,1292,2723
"Gm13871",4016,1293,2723
"Gm11756",3990,1269,2721
"2310002L09Rik",11486,2168,9318
"Frmd3",188612,4257,184355
"Gm11760",855,855,0
"Gm11405",1553,1553,0
"Kdm4c",163368,4741,158627
"Gm11254",650,650,0
"Gm11258",1684,1684,0
"Gm18744",956,956,0
"Gm11257",933,933,0
"Gm12912",1767,1716,51
"Tmem261",933,722,211
"Gm11255",1177,1177,0
"Gm18654",1450,1450,0
"Gm11259",1100,1100,0
"LOC105247148",29225,539,28686
"LOC105247147",16431,328,16103
"Gm11256",792,792,0
"Gm11241",893,893,0
"Ptprd",2270659,13447,2257212
"LOC105247151",39342,1629,37713
"Gm11242",2393,2393,0
"LOC105247150",20863,3682,17181
"Gm11243",457,457,0
"Gm11245",1047,1047,0
"LOC105247149",7555,6828,727
"LOC102642962",3563,582,2981
"Fkbp1a-ps4",1237,1237,0
"LOC102634132",9568,7072,2496
"Gm11260",766,766,0
"Gm32545",114842,892,113950
"A430085M09Rik",3438,2156,1282
"Gm11263",746,746,0
"Gm32658",120922,1101,119821
"LOC105247152",3830,296,3534
"Tyrp1",17529,2877,14652
"Lurap1l",43616,1699,41917
"Mpdz",164420,7671,156749
"Gm11765",28841,1580,27261
"LOC102635467",17183,4064,13119
"Gm11264",32582,2972,29610
"Gm5860",37428,1078,36350
"Nfib",215607,9697,205910
"2310067E19Rik",12252,12252,0
"LOC102635783",6785,2772,4013
"LOC105247153",6037,4836,1201
"LOC105247154",1413,923,490
"Gm11269",3138,2826,312
"Zdhhc21",61154,9799,51355
"Cer1",12739,4274,8465
"Frem1",154629,12016,142613
"Gm33260",17997,5271,12726
"Gm11185",1225,1225,0
"Ttc39b",103970,9215,94755
"LOC105247156",4729,2642,2087
"LOC105247155",6150,1023,5127
"Gm11413",12352,1461,10891
"Gm11184",9904,1030,8874
"Snapc3",49958,3377,46581
"Psip1",30959,4113,26846
"Gm10154",429,429,0
"LOC105247157",3011,661,2350
"Ccdc171",340607,7095,333512
"Gm18687",1204,1204,0
"Cbx3-ps3",3516,3516,0
"LOC105247158",15924,1910,14014
"LOC105247159",18045,1461,16584
"Gm33410",29325,4019,25306
"Gm33480",16242,5651,10591
"Gm12416",1238,1238,0
"LOC105247160",3006,1514,1492
"Gm12414",6029,4952,1077
"Gm33597",87478,3047,84431
"Bnc2",409539,14037,395502
"Gm12420",1077,1077,0
"LOC105247161",2810,581,2229
"Cntln",248412,8893,239519
"Gm12418",1920,1920,0
"Gm12419",654,654,0
"Gm2700",501,501,0
"Sh3gl2",183925,2814,181111
"Gm12413",740,740,0
"LOC105247162",27041,8542,18499
"Adamtsl1",915157,11565,903592
"Gm8949",836,836,0
"Gm33730",19696,1872,17824
"Fam154a",113606,1835,111771
"Fam154aos",1248,517,731
"Rraga",1613,1613,0
"Haus6",33222,7633,25589
"Scarna8",118,118,0
"LOC101055843",6355,1175,5180
"Plin2",43150,2393,40757
"LOC105247163",32846,1413,31433
"Gm6521",3328,1936,1392
"Dennd4c",102049,8190,93859
"Gm12630",852,852,0
"Rps6",3269,1394,1875
"Acer2",58149,4738,53411
"Slc24a2",247431,11140,236291
"Gm34039",1548,1548,0
"Gm34180",130997,5146,125851
"Gm12604",529,529,0
"Mllt3",263483,6697,256786
"Gm34232",11012,2791,8221
"Focad",316382,11035,305347
"Mir491",86,86,0
"Ptplad2",31249,5021,26228
"Ifnb1",770,770,0
"Ifna15",573,573,0
"Ifna14",570,570,0
"Ifna-ps1",1687,564,1123
"Ifna9",573,573,0
"Mrpl48-ps",892,892,0
"Ifna12",797,797,0
"C87499",6867,1828,5039
"Ifna13",819,819,0
"Gm13281",780,780,0
"Ifna16",570,570,0
"Ifna2",573,573,0
"Ifnab",670,670,0
"Gm13282",563,563,0
"Klhl9",4217,4217,0
"Gm16686",21037,3381,17656
"Gm13271",549,549,0
"Gm13286",549,549,0
"Gm13283",811,811,0
"Gm13284",8811,1462,7349
"Gm13290",968,968,0
"Gm13289",968,968,0
"Gm13272",811,811,0
"Ifnz",1462,1462,0
"Gm13276",1462,1462,0
"Gm13277",1462,1462,0
"Gm13278",1462,1462,0
"Gm13275",1556,1556,0
"Gm13279",968,968,0
"Gm13285",549,549,0
"Gm13287",549,549,0
"Gm13288",2850,2850,0
"Ifna7",576,576,0
"Ifna11",647,647,0
"Ifna6",570,570,0
"Ifna5",570,570,0
"Ifna4",644,644,0
"Ifna1",570,570,0
"Gm34457",3155,432,2723
"Ifne",664,664,0
"Mir31",106,106,0
"Gm34568",74886,2028,72858
"Gm12603",34304,718,33586
"Gm12602",28896,3383,25513
"Mtap",43721,2558,41163
"Gm12607",517,517,0
"Gm12605",1773,1773,0
"Gm12606",37681,1049,36632
"Cdkn2a",20147,1136,19011
"Cdkn2b",4744,1393,3351
"Gm12609",39216,1174,38042
"Gm12608",2373,2373,0
"Gm12610",67461,4505,62956
"Dmrta1",6569,4073,2496
"Zfp352",6868,2261,4607
"Gm12633",1690,1690,0
"Gm12634",1195,1195,0
"Gm12635",1416,1416,0
"Gm12636",645,645,0
"Gm12632",737,737,0
"Gm12644",1075,1075,0
"LOC102633497",33438,18243,15195
"Elavl2",149299,7434,141865
"Gm12653",561,561,0
"Mir6402",80,80,0
"LOC105244619",159950,1503,158447
"Gm12667",1341,1341,0
"Gm12669",1006,1006,0
"Gm12671",1201,1201,0
"Izumo3",2904,1291,1613
"LOC105244620",3668,535,3133
"Gm12666",1064,822,242
"LOC105244621",24477,189,24288
"Gm12638",298,298,0
"Gm12641",3151,1228,1923
"Gm12642",857,857,0
"Tusc1",1364,1364,0
"Gm31828",110989,2720,108269
"Gm12650",305,305,0
"Gm32035",33819,2214,31605
"Gm12647",509,509,0
"Gm18005",799,799,0
"Gm12654",624,624,0
"Caap1",96800,3969,92831
"Gm12656",568,568,0
"Plaa",38109,6815,31294
"Gm12657",6670,978,5692
"Ift74",89968,4144,85824
"Lrrc19",13991,3565,10426
"Mir872",81,81,0
"LOC105244622",10969,930,10039
"Tek",135688,4714,130974
"Eqtn",54255,4185,50070
"Gm12693",823,823,0
"Mysm1",37266,7715,29551
"LOC105244623",49128,874,48254
"Jun",3187,3187,0
"Junos",116708,18529,98179
"LOC105244624",16451,1338,15113
"Gm32240",11173,1667,9506
"Gm830",20482,1313,19169
"Gm12707",735,309,426
"LOC105244625",3949,1755,2194
"Fggy",369455,5451,364004
"9530080O11Rik",7945,1729,6216
"Hook1",57091,5679,51412
"Cyp2j13",34907,4400,30507
"Hspe1-ps6",398,398,0
"Cyp2j12",41959,2068,39891
"Cyp2j7",41468,1520,39948
"Cyp2j15-ps",28712,28712,0
"Cyp2j11",54190,2620,51570
"Cyp2j14-ps",23971,23971,0
"Cyp2j8",63104,1825,61279
"Cyp2j6",44698,4779,39919
"Cyp2j9",23291,2237,21054
"Cyp2j5",36739,3702,33037
"Gm12695",63482,2363,61119
"Gm34053",7588,456,7132
"LOC105244626",1213,221,992
"Gm12696",1280,1280,0
"Gm7248",661,661,0
"E130114P18Rik",16717,1231,15486
"Nfia",537160,10351,526809
"LOC105244628",11409,10473,936
"LOC102637577",13725,9890,3835
"LOC105242444",3735,2930,805
"LOC102637515",12705,7344,5361
"LOC105244627",6385,6251,134
"Gm34218",21041,18628,2413
"Gm34784",5620,1358,4262
"Gm12691",98367,1711,96656
"Gm12692",545,545,0
"Gm12787",3204,450,2754
"0610025J13Rik",11350,2435,8915
"Tm2d1",27912,1068,26844
"Inadl",324070,10311,313759
"LOC105244629",3111,3073,38
"Gm12846",1770,1770,0
"Gm35137",2889,1560,1329
"Gm35073",311,210,101
"L1td1",11733,2942,8791
"Kank4",62909,5215,57694
"Kank4os",5270,2388,2882
"I0C0044D17Rik",5360,2258,3102
"Gm12851",3320,458,2862
"Usp1",11922,3784,8138
"Dock7",185947,8880,177067
"Angptl3",7234,1604,5630
"Gm12852",837,837,0
"Atg4c",106368,10782,95586
"Gm35301",3992,3992,0
"Gm35379",18274,4241,14033
"Gm35537",635,497,138
"Gm12684",1216,1216,0
"LOC105244631",14563,288,14275
"Gm12687",763,763,0
"Foxd3",2373,2373,0
"Alg6",47862,4893,42969
"Itgb3bp",65288,5479,59809
"Efcab7",83286,1845,81441
"LOC105244632",436,269,167
"Pgm2",57844,2334,55510
"LOC102643247",2510,1880,630
"Gm35701",2887,1758,1129
"Ror1",349007,9808,339199
"LOC105244634",3156,2722,434
"LOC105244633",8597,8290,307
"Gm35760",16626,9228,7398
"Gm18288",1268,1268,0
"Ube2u",71279,1517,69762
"LOC105244635",4803,856,3947
"Ccdc50-ps",1585,1585,0
"Gm12700",2384,463,1921
"Cachd1",227071,4966,222105
"Raver2",83333,3990,79343
"Gm35956",2679,2587,92
"Jak1",113324,5560,107764
"Gm19063",517,517,0
"E130102H24Rik",9725,748,8977
"Mir101a",83,83,0
"0610043K17Rik",45403,618,44785
"LOC100416255",714,714,0
"Ak4",48483,5885,42598
"Dnajc6",148983,8427,140556
"Gm36012",11394,4346,7048
"Leprot",11576,1827,9749
"Lepr",97948,6634,91314
"B020004J07Rik",9054,1975,7079
"Gm12791",652,652,0
"C130073F10Rik",3765,908,2857
"Gm12792",1016,1016,0
"Gm12800",2788,1452,1336
"Gm12794",2777,1452,1325
"Gm12789",3392,847,2545
"Gm12799",3408,3408,0
"Pde4b",519726,7486,512240
"Gm18219",662,662,0
"LOC105244637",5569,4857,712
"Gm18220",672,672,0
"Gm36422",10567,6246,4321
"Sgip1",213535,7484,206051
"Gm12709",22490,1912,20578
"Tctex1d1",27207,2882,24325
"BB031773",7860,3655,4205
"Insl5",8971,715,8256
"Wdr78",79543,7121,72422
"Mier1",51365,5380,45985
"Slc35d1",47178,7924,39254
"4921539E11Rik",60509,2538,57971
"4930456L15Rik",20874,1185,19689
"Gm36523",10720,3793,6927
"Oma1",53230,2691,50539
"Gm12718",109689,808,108881
"Gm12716",1584,1584,0
"Gm12715",1918,1918,0
"Gm36604",8725,937,7788
"Dab1",1125299,7072,1118227
"Gm12717",798,798,0
"Gm36661",37769,12067,25702
"C8b",39974,2395,37579
"C8a",60808,3717,57091
"1700024P16Rik",183031,6061,176970
"LOC105244639",2807,759,2048
"Gm36835",2398,1745,653
"LOC105244638",2722,1991,731
"Prkaa2",80249,8201,72048
"Gm36893",2325,500,1825
"Gm29838",2910,2426,484
"Ppap2b",75421,3162,72259
"LOC105244640",8770,1457,7313
"Gm12722",567,567,0
"Gm12728",732,732,0
"Gm29922",4494,1316,3178
"Gm30266",8861,2899,5962
"Gm30199",3809,3215,594
"Gm12727",699,699,0
"Gm30126",3434,2410,1024
"Gm30047",95436,415,95021
"Gm12725",2119,2119,0
"LOC105244641",53879,1642,52237
"Gm30429",1512,1324,188
"Usp24",130674,11129,119545
"LOC105244642",3839,3805,34
"Pcsk9",21992,3512,18480
"Gm30487",12978,3583,9395
"Bsnd",8788,2716,6072
"Tmem61",7523,1470,6053
"2700068H02Rik",2890,1274,1616
"Dhcr24",28076,4028,24048
"BC055111",28543,4667,23876
"Ttc22",17748,2565,15183
"Pars2",4262,3142,1120
"Ttc4",23954,6187,17767
"Mroh7",56204,4566,51638
"Fam151a",14378,1897,12481
"Acot11",62626,8121,54505
"Gm31065",13436,840,12596
"Gm31125",884,590,294
"Ssbp3",138225,4467,133758
"Gm12786",17161,14368,2793
"Mrpl37",10993,1496,9497
"Cyb5rl",21150,6798,14352
"Cdcp2",17414,4296,13118
"LOC100034661",9664,2071,7593
"Tceanc2",44205,6507,37698
"Tmem59",22367,1544,20823
"Ldlrad1",12024,5733,6291
"Lrrc42",20020,1756,18264
"Hspb11",30900,2864,28036
"Dio1",15679,1664,14015
"LOC105244643",22222,256,21966
"Yipf1",45570,1431,44139
"Gm12870",1706,1706,0
"Ndc1",48563,4826,43737
"Glis1",208422,3689,204733
"LOC102633643",9413,8068,1345
"Dmrtb1",7956,1992,5964
"Gm12899",582,582,0
"LOC102633724",54647,2136,52511
"Gm31682",10229,1390,8839
"Gm12907",11916,2649,9267
"Gm12906",1034,1034,0
"4933424M12Rik",6215,1702,4513
"LOC105244644",9016,1882,7134
"Lrp8",74582,7716,66866
"Lrp8os2",14560,4716,9844
"LOC105244645",3007,975,2032
"Magoh",7670,692,6978
"0610037L13Rik",8017,1871,6146
"Cpt2",19608,2350,17258
"LOC105244646",9904,1049,8855
"4930407G08Rik",7518,1624,5894
"Slc1a7",45199,3851,41348
"Podn",17298,4684,12614
"Scp2",101142,2855,98287
"Mir6397",93,93,0
"Echdc2",13873,1886,11987
"Zyg11a",37916,4202,33714
"LOC105244647",2483,253,2230
"Zyg11b",73387,10705,62682
"Gm12740",415,415,0
"Coa7",12567,2876,9691
"Fam159a",15879,899,14980
"LOC105244648",9625,1593,8032
"Gpx7",6497,1214,5283
"LOC105244650",23531,1217,22314
"Gm12738",666,666,0
"Zcchc11",99990,6356,93634
"LOC105244651",809,809,0
"Prpf38a",14470,1519,12951
"Orc1",40550,4912,35638
"Cc2d1b",14357,3801,10556
"Zfyve9",143315,6014,137301
"3110021N24Rik",62256,1812,60444
"Gm12741",683,683,0
"Btf3l4",20003,4175,15828
"Txndc12",27443,1275,26168
"Kti12",1556,1556,0
"Rab3b",64255,3320,60935
"8030443G20Rik",29235,903,28332
"Nrd1",61157,4598,56559
"Mir761",76,76,0
"Osbpl9",141128,4009,137119
"Gm32581",2693,1272,1421
"Calr4",50360,3762,46598
"LOC105244653",56019,1061,54958
"Eps15",107562,5538,102024
"LOC105244652",4583,2531,2052
"Gm12749",1233,1233,0
"Ttc39a",50598,4477,46121
"Gm12750",3995,2595,1400
"Rnf11",32251,2713,29538
"4930522H14Rik",25966,1045,24921
"LOC105244654",3090,295,2795
"Gm19112",673,673,0
"Gm12803",824,824,0
"LOC105244655",18225,772,17453
"9630013D21Rik",5081,1320,3761
"Cdkn2c",5881,2253,3628
"Faf1",287334,4429,282905
"Dmrta2os",4685,4457,228
"Dmrta2",5679,3226,2453
"Gm33070",4051,787,3264
"Elavl4",148210,5526,142684
"Agbl4",1266682,6513,1260169
"Gm12807",1058,1058,0
"Gm12804",990,990,0
"Gm12805",1080,1080,0
"Bend5",45759,2374,43385
"Gm33192",28373,2845,25528
"Spata6",109197,3466,105731
"Gm12961",1050,1050,0
"LOC105244657",1484,1484,0
"Slc5a9",27423,4601,22822
"Skint8",30916,3589,27327
"Skint7",15337,4233,11104
"Skint1",23270,1260,22010
"Skint4",96061,4261,91800
"Skint3",68224,3843,64381
"Skint9",48017,1372,46645
"Gm12819",47703,779,46924
"LOC102636060",647,647,0
"Gm12814",33556,939,32617
"Skint2",38640,2470,36170
"Gm12817",1098,660,438
"Skint10",64032,1729,62303
"Gm18400",1177,1177,0
"Skint6",482471,3937,478534
"Gm12816",1282,1282,0
"LOC100534383",1376,1376,0
"Gm12813",26310,1009,25301
"Skint5",521647,4531,517116
"Gm12825",1123,1123,0
"Skint11",81645,1393,80252
"Gm15741",797,797,0
"LOC105244658",16718,729,15989
"Trabd2b",208905,8729,200176
"Gm33710",979,339,640
"Gm33655",15316,5405,9911
"Gm12829",3068,1173,1895
"LOC105244659",8786,2020,6766
"Gm12830",34447,2308,32139
"Foxd2",2619,2619,0
"Foxd2os",11830,2876,8954
"Foxe3",867,867,0
"LOC105244660",4036,2539,1497
"Cmpk1",26616,1880,24736
"LOC105244661",7367,6951,416
"Stil",43097,5602,37495
"Tal1",15330,5419,9911
"Gm33786",1679,1532,147
"Pdzk1ip1",5187,1147,4040
"Cyp4x1",25296,1524,23772
"LOC105244662",4022,1531,2491
"Cyp4a28-ps",17942,17942,0
"Gm12834",2823,2823,0
"Cyp4a29",12474,1530,10944
"Cyp4a12a",33770,2422,31348
"Cyp4a30-ps",19325,19325,0
"Cyp4a12b",27411,2395,25016
"Cyp4a30b",18928,2207,16721
"Gm12833",1744,507,1237
"Cyp4a14",9960,2692,7268
"Cyp4a10",15363,2086,13277
"Cyp4b1-ps1",1686,321,1365
"Cyp4a31",15390,2532,12858
"Cyp4b1-ps2",1090,564,526
"Cyp4a32",21580,2065,19515
"Cyp4b1",22978,1871,21107
"Gm12848",836,836,0
"Efcab14",39613,5713,33900
"Tex38",2929,2590,339
"Atpaf1",27501,2330,25171
"Mob3c",17430,5052,12378
"Mknk1",40273,4485,35788
"Kncn",3565,951,2614
"6430628N08Rik",8876,1918,6958
"Dmbx1",24808,4350,20458
"LOC102637048",3787,2435,1352
"Faah",21247,3816,17431
"Nsun4",22112,3936,18176
"Uqcrh",8106,546,7560
"LOC102637129",493,493,0
"Lrrc41",21579,3332,18247
"Rad54l",26964,3376,23588
"2510003B16Rik",15360,906,14454
"Lurap1",7949,2030,5919
"Pomgnt1",9347,3023,6324
"Tspan1",5741,2029,3712
"1700042G07Rik",926,392,534
"Llph-ps1",600,600,0
"Pik3r3",81529,5348,76181
"Gm18535",1084,1084,0
"Mast2",157495,7229,150266
"LOC105244663",4156,4156,0
"Ipp",35051,2567,32484
"Tmem69",5515,2541,2974
"Gpbp1l1",36726,3642,33084
"C530005A16Rik",7898,2436,5462
"Ccdc17",3537,2003,1534
"Nasp",26900,3155,23745
"Akr1a1",15165,1414,13751
"AV051173",1061,627,434
"Prdx1",14402,1417,12985
"Mmachc",5952,1930,4022
"Ccdc163",6550,2133,4417
"Tesk2",83340,3224,80116
"Toe1",3633,2235,1398
"Mutyh",11758,2001,9757
"Hpdl",1602,1602,0
"Gm12996",6343,1278,5065
"Rpl36-ps8",365,365,0
"Zswim5",111704,5397,106307
"Gm12998",730,730,0
"Urod",4225,1265,2960
"Hectd3",9983,4605,5378
"Gm12997",543,543,0
"Eif2b3",67454,4400,63054
"Ptch2",19599,4811,14788
"Btbd19",6508,2579,3929
"Tctex1d4",4423,1279,3144
"Plk3",5298,2367,2931
"Best4-ps",3029,3029,0
"Gm13015",402,402,0
"Rps8",2297,740,1557
"Snord38a",59,59,0
"Snord55",78,78,0
"Kif2c",22992,3268,19724
"Gm1661",38592,2201,36391
"Tmem53",16638,1230,15408
"Rnf220",225584,5539,220045
"LOC102637763",9303,6464,2839
"LOC105244664",7687,6459,1228
"LOC102637578",13389,2861,10528
"Gm34669",10239,2053,8186
"LOC105244665",1816,1159,657
"Eri3",124005,3574,120431
"Gm19192",558,558,0
"Dmap1",7641,1668,5973
"Gm34746",4946,1472,3474
"Gm12845",1398,1398,0
"Gm12844",1473,1473,0
"Klf17",9008,3595,5413
"LOC105244666",5440,2158,3282
"Gm12842",714,714,0
"Slc6a9",34048,3628,30420
"Ccdc24",3402,1686,1716
"B4galt2",10483,2772,7711
"LOC105244667",4837,1375,3462
"Atp6v0b",3015,1494,1521
"Gm34812",680,297,383
"Dph2",3406,2571,835
"Ipo13",20691,3913,16778
"Artn",4632,3572,1060
"St3gal3",202795,3200,199595
"9530034E10Rik",22920,7647,15273
"Kdm4a",43087,5268,37819
"Ptprf",83188,7729,75459
"Mir7226",60,60,0
"LOC105244669",5232,5160,72
"Gm35138",8068,7587,481
"Hyi",2746,843,1903
"Szt2",46537,11048,35489
"Med8",6527,2131,4396
"Elovl1",4873,3210,1663
"Cdc20",4443,1784,2659
"Mpl",15102,2965,12137
"Tie1",18659,3879,14780
"Gm12859",6861,427,6434
"Gm12857",682,682,0
"LOC105244670",4473,1087,3386
"2610528J11Rik",3223,1165,2058
"Tmem125",4013,3263,750
"LOC105244671",1593,1364,229
"Cfap57",66217,3992,62225
"Gm35329",2215,1248,967
"Ebna1bp2",6978,2960,4018
"D4Ertd617e",5512,805,4707
"Gm12853",7072,4330,2742
"Olfr62",948,948,0
"Olfr1343-ps1",914,914,0
"Olfr1342",4055,2053,2002
"Olfr1341",939,939,0
"Gm21942",2702,2702,0
"Olfr1340",948,948,0
"Olfr1339",948,948,0
"Olfr1338",3770,1551,2219
"Olfr1337",951,951,0
"Gm12855",908,908,0
"Olfr1335",1008,1008,0
"Olfr1333",954,954,0
"Olfr1332-ps1",954,954,0
"Olfr1331",954,954,0
"Olfr1330",948,948,0
"LOC105244672",99435,1573,97862
"Olfr1329",942,942,0
"Olfr1328",942,942,0
"Gm12856",1290,1290,0
"Lao1",6944,1958,4986
"Gm12864",1231,1231,0
"Lincred2",11257,3052,8205
"Gm12866",15941,3290,12651
"Gm35510",11352,472,10880
"Slc2a1",28586,2682,25904
"LOC105244674",6602,6133,469
"Mir1957a",66,66,0
"Zfp691",4680,2396,2284
"Ermap",14557,5265,9292
"Ccdc23",5989,980,5009
"4930538K18Rik",20668,2375,18293
"AU022252",11693,5973,5720
"P3h1",16063,3364,12699
"Gm12927",4455,513,3942
"Cldn19",6998,4236,2762
"Ybx1",17333,2349,14984
"Ppih",20514,2495,18019
"Ccdc30",92629,5472,87157
"Ldha-ps2",1663,1602,61
"Ppcs",3894,1652,2242
"Zmynd12",31243,1532,29711
"Rimkla",27875,4687,23188
"Gm12956",8136,652,7484
"Gm12955",954,954,0
"Gm12957",658,658,0
"Rnu6-ps2",320,320,0
"AA415398",8462,1909,6553
"Foxj3",89459,5439,84020
"Guca2a",1734,560,1174
"Guca2b",2345,602,1743
"Gm35761",4736,2128,2608
"Gm35957",28452,752,27700
"Hivep3",404261,14967,389294
"Gm36444",17628,2411,15217
"LOC102642778",44816,23415,21401
"Gm36215",8987,854,8133
"Gm36134",107967,3603,104364
"Edn2",5937,1244,4693
"Gm36073",5008,1868,3140
"Gm36013",9534,397,9137
"Foxo6",20184,2658,17526
"Foxo6os",12759,2507,10252
"Gm36499",3193,807,2386
"Gm36574",78075,5053,73022
"Scmh1",124919,3620,121299
"Slfnl1",4681,2012,2669
"Ctps",30411,3588,26823
"Gm8439",20929,420,20509
"Gm29891",3638,1520,2118
"Cited4",1258,1258,0
"Kcnq4",51358,4744,46614
"Nfyc",74145,2516,71629
"Mir30c-1",89,89,0
"Mir30f",92,92,0
"Mir30e",92,92,0
"Rims3",41802,6546,35256
"LOC102631670",1643,1643,0
"Exo5",3804,1990,1814
"Zfp69",21569,2680,18889
"Smap2",48973,3456,45517
"Mir7015",64,64,0
"Col9a2",15760,2746,13014
"Zmpste24",39013,3494,35519
"Tmco2",3576,719,2857
"Gm12882",539,485,54
"Gm12881",9340,282,9058
"Rlf",69748,7115,62633
"Gm30102",8294,1905,6389
"LOC105244675",5819,1137,4682
"Gm12888",8602,1181,7421
"Gm8359",2355,351,2004
"Gm12886",8365,1149,7216
"Gm12880",104225,351,103874
"Gm12887",8122,649,7473
"Gm21404",14100,402,13698
"Gm12892",1433,1433,0
"Gm12897",19004,458,18546
"Gm10573",14098,402,13696
"Gm30405",18968,453,18515
"Gm12874",1085,904,181
"9530002B09Rik",15877,825,15052
"Gm30548",13070,1699,11371
"Gm12873",41767,941,40826
"Ppt1",23101,2645,20456
"Cap1",27024,2782,24242
"LOC102632907",344,344,0
"Mfsd2a",14346,2158,12188
"Mycl",6878,5984,894
"Trit1",38411,2132,36279
"Gm30949",3075,1357,1718
"LOC105244676",12563,996,11567
"Bmp8b",21788,3801,17987
"Oxct2b",1753,1753,0
"Ppie",12887,1282,11605
"Hpcal4",11196,4652,6544
"Nt5c1a",24124,7411,16713
"Heyl",16315,4532,11783
"Gm12901",859,565,294
"Pabpc4",36446,3479,32967
"Gm12900",671,671,0
"Bmp8a",30608,2405,28203
"Oxct2a",1805,1805,0
"Macf1",337683,32668,305015
"D830031N03Rik",8311,8311,0
"Gm12924",1176,1176,0
"Gm31156",6635,1993,4642
"Mir6398",102,102,0
"Gm35241",1344,1344,0
"Gm12925",15376,4088,11288
"Gm12922",871,871,0
"Ndufs5",5477,509,4968
"Akirin1",15105,2370,12735
"Rhbdl2",42326,2801,39525
"Gm12904",1145,1145,0
"LOC105244677",6406,720,5686
"Gm31309",3718,1984,1734
"LOC105244678",3353,1034,2319
"D130007C19Rik",2789,1998,791
"Mycbp",7238,1485,5753
"Rragc",19565,2606,16959
"LOC105244679",10712,328,10384
"LOC105244680",980,297,683
"Gm12916",6822,1759,5063
"1700021L23Rik",29886,1854,28032
"1700057H15Rik",36334,980,35354
"Gm31830",4820,698,4122
"Gm31769",2800,2686,114
"Gm2164",134580,9057,125523
"4933407E24Rik",6360,1873,4487
"Pou3f1",3010,3010,0
"LOC102641270",4398,1569,2829
"Utp11l",15381,1579,13802
"Fhl3",12649,2356,10293
"Sf3a3",17563,1698,15865
"Gm12917",636,636,0
"Mir697",109,109,0
"Gm12915",10213,2375,7838
"Gm32117",2686,1890,796
"Inpp5b",59683,4640,55043
"Mir698",109,109,0
"Mtf1",47252,8295,38957
"1110065P20Rik",1246,928,318
"Yrdc",4484,1554,2930
"Maneal",25700,3443,22257
"Epha10",36016,6803,29213
"1700125G02Rik",3895,519,3376
"Cdca8",18453,1626,16827
"9930104L06Rik",7678,4924,2754
"LOC105244681",13390,2454,10936
"Gm32371",6971,6442,529
"Rspo1",22703,1867,20836
"LOC102635036",3334,547,2787
"Gnl2",25395,2542,22853
"Dnali1",10319,2086,8233
"Snip1",7376,2433,4943
"Gm18480",972,972,0
"Meaf6",24997,1994,23003
"Zc3h12a",9468,2805,6663
"LOC105244684",10175,530,9645
"Gm32611",156339,3541,152798
"LOC105244683",37010,3398,33612
"LOC105244682",1449,415,1034
"Gm32696",1205,298,907
"LOC105244685",12815,1400,11415
"Gm32756",19592,2831,16761
"Grik3",223465,9004,214461
"Ftl2",939,939,0
"Mir692-2",109,109,0
"Gm32807",13275,12327,948
"LOC105244686",13768,13668,100
"LOC105244687",7090,486,6604
"2610028E06Rik",34460,3543,30917
"Gm32908",13355,2231,11124
"Csf3r",21535,4606,16929
"Mrps15",8609,938,7671
"Oscp1",32048,3866,28182
"Rpl28-ps3",490,490,0
"Lsm10",2008,1063,945
"Stk40",37156,4066,33090
"Eva1b",4176,2686,1490
"Sh3d21",12947,2535,10412
"Thrap3",38629,6280,32349
"Map7d1",24251,3485,20766
"Trappc3",13479,1256,12223
"Col8a2",27575,4466,23109
"Adprhl2",5353,1368,3985
"Tekt2",3079,1494,1585
"Ago3",107841,23530,84311
"Ago1",33698,7444,26254
"Ago4",44102,7307,36795
"Clspn",37583,5862,31721
"Mir7119",59,59,0
"LOC102635893",724,724,0
"5730409E04Rik",4518,2855,1663
"LOC105244688",421,227,194
"Gm12933",935,935,0
"Psmb2",32079,853,31226
"Tfap2e",20267,2117,18150
"Ncdn",9817,4042,5775
"AU040320",116140,4982,111158
"Zmym4",107552,8568,98984
"Sfpq",16457,9301,7156
"Zmym1",14078,4064,10014
"LOC102635997",815,815,0
"Zmym6",46992,5284,41708
"Gm12942",3618,1139,2479
"Gm12943",309,309,0
"Dlgap3",67819,4942,62877
"Smim12",4026,1022,3004
"Gm33269",63368,3432,59936
"Gm12948",560,560,0
"Gja4",2620,1686,934
"Gjb3",5602,1922,3680
"LOC105244689",13999,1708,12291
"Gjb4",22724,2584,20140
"Gjb5",3356,1704,1652
"Gm12947",1318,761,557
"LOC105244690",7697,297,7400
"LOC105244691",4683,1798,2885
"1700080G11Rik",58045,3547,54498
"A630031M04Rik",25632,3798,21834
"LOC105244692",2272,272,2000
"LOC105244693",1109,365,744
"1700112K13Rik",1538,703,835
"LOC105244694",2543,868,1675
"CK137956",60443,2228,58215
"LOC102641725",806,218,588
"Csmd2",579651,14391,565260
"Csmd2os",34397,2113,32284
"Hmgb4",684,684,0
"Hmgb4os",505,398,107
"Gm33656",27148,3186,23962
"Zscan20",31503,11780,19723
"Tlr12",3174,3174,0
"LOC105244695",1986,1683,303
"Phc2",98209,5268,92941
"A3galt2",10944,5577,5367
"Zfp362",33028,2882,30146
"Gm12969",1469,1230,239
"Gm33814",5746,2397,3349
"Trim62",30501,6530,23971
"Gm33901",4926,1654,3272
"Azin2",32223,3360,28863
"LOC105244696",5125,1321,3804
"Ak2",18313,3346,14967
"1700086P04Rik",7910,2606,5304
"Rnf19b",27713,2969,24744
"Gm33957",12438,1004,11434
"Tmem54",6112,1183,4929
"Hpca",10501,2012,8489
"Fndc5",7672,2840,4832
"S100pbp",41741,4861,36880
"LOC105244697",2438,2169,269
"Yars",29843,2948,26895
"C77080",41827,5659,36168
"Gm12976",47364,2437,44927
"Sync",21851,3360,18491
"Rbbp4",28271,4407,23864
"Zbtb8os",11524,907,10617
"Zbtb8a",24397,2229,22168
"C330020E22Rik",24931,3505,21426
"Zbtb8b",21208,6385,14823
"Bsdc1",26820,2806,24014
"Tssk3",1763,1312,451
"Fam229a",767,558,209
"Marcksl1",2401,1601,800
"Hdac1",26543,2314,24229
"Lck",25298,2320,22978
"Mir8119",129,129,0
"Fam167b",1766,944,822
"Eif3i",8675,1109,7566
"Tmem234",7838,1706,6132
"Dcdc2b",6147,2854,3293
"Iqcc",3597,2402,1195
"Ccdc28b",4635,840,3795
"Gm34305",3715,3149,566
"Txlna",15008,5007,10001
"Kpna6",28789,5810,22979
"Tmem39b",20497,1980,18517
"Mir7016",72,72,0
"Khdrbs1",39605,5309,34296
"Gm12967",334,334,0
"Ptp4a2",29525,3505,26020
"LOC105244698",1293,863,430
"Gm12966",1487,1487,0
"E330017L17Rik",2771,830,1941
"Spocd1",46479,3698,42781
"1700003M07Rik",4765,2315,2450
"Bai2",37764,5497,32267
"Gm12963",22934,879,22055
"Col16a1",51853,5718,46135
"LOC105244699",2208,197,2011
"Pef1",20579,1551,19028
"Hcrtr1",9475,2922,6553
"LOC105244700",4966,750,4216
"Tinagl1",9523,2175,7348
"Gm853",13405,2573,10832
"Serinc2",25706,2355,23351
"Gm34957",5193,739,4454
"LOC102638454",17143,1299,15844
"Fabp3",6686,640,6046
"Zcchc17",44062,1742,42320
"Gm35074",16860,2108,14752
"Snrnp40",29902,1616,28286
"Nkain1",43906,2715,41191
"Pum1",118268,5561,112707
"Snord85",65,65,0
"Gm23711",1211,1092,119
"Sdc3",33782,5104,28678
"LOC105247170",1590,1206,384
"LOC105247171",7118,3354,3764
"Gm35294",1849,714,1135
"LOC102642196",8513,2089,6424
"Laptm5",22815,2398,20417
"Matn1",11092,2002,9090
"A930031H19Rik",9643,949,8694
"LOC105247172",1791,954,837
"Gm35482",4605,864,3741
"LOC105247173",6330,2029,4301
"LOC105247174",7646,1295,6351
"Gm35553",6548,2341,4207
"Gm35634",19165,840,18325
"Gm35779",27041,2757,24284
"Gm831",14215,3256,10959
"LOC105247175",17646,848,16798
"LOC105247176",75546,6043,69503
"Ptpru",69860,5905,63955
"Mecr",24341,4104,20237
"Srsf4",28115,3499,24616
"Gm12992",20552,5873,14679
"Gm12978",594,594,0
"Gm36205",5883,2196,3687
"Tmem200b",2757,2292,465
"Epb4.1",152167,14321,137846
"Gm36157",3904,3802,102
"LOC102637390",18631,1924,16707
"Oprd1",33761,4264,29497
"Gm13215",538,538,0
"Ythdf2",27341,4078,23263
"Rps15a-ps4",697,697,0
"Gmeb1",41174,8881,32293
"LOC105247177",1097,1097,0
"Gm28874",7802,2108,5694
"Rnu11",108,108,0
"Taf12",18975,1570,17405
"Rab42",2966,2556,410
"Snhg12",2347,606,1741
"Snora16a",136,136,0
"Snora44",117,117,0
"Snora61",62,62,0
"Snord99",56,56,0
"Trnau1ap",17783,1731,16052
"Rcc1",13832,2327,11505
"Snhg3",1754,437,1317
"Snora73b",205,205,0
"Snora73a",205,205,0
"Phactr4",66525,6078,60447
"Med18",5193,1677,3516
"Sesn2",17653,2658,14995
"Atpif1",4855,1486,3369
"Dnajc8",18195,1567,16628
"Gm36463",3574,1538,2036
"Ptafr",16800,1820,14980
"Eya3",85750,6263,79487
"Xkr8",7711,4373,3338
"Smpdl3b",24206,1925,22281
"Rpa2",10387,1782,8605
"Themis2",14528,3938,10590
"Ppp1r8",16246,2290,13956
"Stx12",30395,2320,28075
"Gm13033",1644,1644,0
"Fam76a",24014,3850,20164
"Gm36518",12260,700,11560
"Fgr",27799,4348,23451
"Gm36599",5446,829,4617
"Ahdc1",66846,7783,59063
"Gm26615",3703,2993,710
"Gm3579",5594,3133,2461
"Wasf2",69230,5830,63400
"Mir7017",62,62,0
"Gpr3",3197,2143,1054
"Cd164l2",3746,986,2760
"Fcnc-ps",7742,7742,0
"Map3k6",13261,5483,7778
"Sytl1",9998,1948,8050
"Tmem222",11746,1627,10119
"Wdtc1",61011,4779,56232
"Slc9a1",53931,5150,48781
"Mir5122",89,89,0
"LOC105247178",2159,611,1548
"LOC105247179",3307,995,2312
"Fam46b",7808,2288,5520
"Gm13257",4619,3395,1224
"Trnp1",8041,2244,5797
"LOC105247180",9447,5121,4326
"Kdf1",11828,1998,9830
"Nudc",13486,1347,12139
"Nr0b2",3147,1118,2029
"Gpatch3",9498,2003,7495
"Gpn2",7363,1356,6007
"LOC105247181",1069,822,247
"Sfn",1613,1613,0
"Zdhhc18",28180,4309,23871
"Gm13213",12303,1926,10377
"Pigv",14084,5686,8398
"Arid1a",74974,8333,66641
"Mir7227",59,59,0
"Gm30019",7320,1406,5914
"Gm29942",6306,709,5597
"Gm34296",23141,1449,21692
"LOC105247182",6394,1536,4858
"Rps6ka1",40508,3558,36950
"Gm12977",5158,2081,3077
"Hmgn2",3253,1254,1999
"Dhdds",31922,3406,28516
"Lin28a",16046,5152,10894
"Zfp683",7747,7747,0
"Aim1l",31777,5838,25939
"Cd52",1536,503,1033
"Ubxn11",25110,5321,19789
"Sh3bgrl3",1348,707,641
"Cep85",57228,4082,53146
"Gm7534",12204,2431,9773
"Catsper4",15467,2028,13439
"Cnksr1",10376,2525,7851
"Zfp593",2286,1976,310
"E130218I03Rik",2111,1088,1023
"Grrp1",15096,3602,11494
"LOC105247183",9873,2167,7706
"Pdik1l",12845,5105,7740
"Trim63",14542,2426,12116
"Slc30a2",13568,4433,9135
"Extl1",16175,4190,11985
"Pafah2",31093,3494,27599
"Gm30453",14592,1321,13271
"1700021N21Rik",1407,905,502
"Stmn1",5524,1060,4464
"Gm13250",507,507,0
"Paqr7",13477,4284,9193
"Aunip",12924,1270,11654
"Mtfr1l",9833,2642,7191
"Sepn1",14275,3445,10830
"Man1c1",142601,5070,137531
"Mir6403",129,129,0
"LOC105247184",4233,2281,1952
"Ldlrap1",26451,6535,19916
"Tmem57",50802,5426,45376
"Rhd",31637,1514,30123
"Tmem50a",17182,1276,15906
"Rsrp1",3746,1415,2331
"Syf2",6558,1276,5282
"LOC105247185",7670,2397,5273
"Runx3",57346,4166,53180
"Clic4",58792,4065,54727
"Gm30767",6085,3662,2423
"Gm12983",450,450,0
"Gm30701",2808,2432,376
"Gm12984",4542,4215,327
"Srrm1",32771,5548,27223
"Ncmap",28651,2151,26500
"Rcan3",21497,5062,16435
"Mir700",79,79,0
"Gm30822",4697,1623,3074
"Nipal3",47671,5615,42056
"Stpg1",42971,3337,39634
"Grhl3",31742,2788,28954
"Gm30888",6595,2111,4484
"1700029M20Rik",3544,2963,581
"Gm30941",3747,852,2895
"LOC105247186",34926,7973,26953
"Ifnlr1",21725,4012,17713
"Gm12989",971,971,0
"Il22ra1",27225,5825,21400
"Gm12988",1203,1203,0
"Myom3",56088,5965,50123
"Gm31020",6135,1803,4332
"Srsf10",14181,5863,8318
"Pnrc2",2930,2320,610
"Cnr2",24812,4139,20673
"Fuca1",19575,2523,17052
"Hmgcl",16170,2328,13842
"Gale",4498,1761,2737
"Lypla2",4371,1683,2688
"Pithd1",11643,1538,10105
"Gm13007",395,395,0
"Tceb3",18280,4592,13688
"Rpl11",3425,946,2479
"LOC105247187",4744,2128,2616
"Id3",1571,953,618
"E2f2",23664,5054,18610
"Asap3",40230,6643,33587
"Tcea3",26968,1386,25582
"Zfp46",9775,5807,3968
"Hnrnpr",35040,8668,26372
"LOC105247188",4192,3889,303
"Gm17388",4089,3969,120
"Gm31295",1528,767,761
"Htr1d",20884,3353,17531
"Luzp1",84977,8004,76973
"Kdm1a",52257,3153,49104
"LOC105247189",2787,2787,0
"4930549C01Rik",6334,1326,5008
"Gm12986",1046,1046,0
"Lactbl1",15490,1954,13536
"Ephb2",188760,11034,177726
"Gm31536",5652,4234,1418
"C1qb",6033,1062,4971
"C1qc",3113,1054,2059
"C1qa",2929,1082,1847
"Epha8",27398,4803,22595
"Zbtb40",69711,8032,61679
"Gm31648",18507,5269,13238
"Gm13001",1551,1324,227
"Gm31762",17012,1388,15624
"Gm13003",5985,2904,3081
"Gm31820",68990,9766,59224
"Gm13005",1443,1443,0
"Wnt4",21867,3823,18044
"Cdc42",38064,3005,35059
"LOC105247190",6574,627,5947
"Rpl31-ps10",411,411,0
"Cela3a",8238,958,7280
"Cela3b",9513,897,8616
"LOC105247191",30562,1591,28971
"1700013G24Rik",2166,1036,1130
"Hspg2",101867,14240,87627
"Mir7018",85,85,0
"Ldlrad2",11510,2789,8721
"Usp48",64781,8250,56531
"Rap1gap",65151,3733,61418
"Rap1gapos",10400,710,9690
"Alpl",54654,3626,51028
"Gm32079",5707,1078,4629
"Ece1",103014,4991,98023
"LOC102634683",3435,2727,708
"Eif4g3",214557,9076,205481
"Gm32394",33753,3543,30210
"1700095J12Rik",939,752,187
"Mir6399",84,84,0
"Hp1bp3",28102,7950,20152
"LOC105247192",982,950,32
"Sh2d5",10558,3140,7418
"Kif17",39723,3915,35808
"Ddost",7874,2095,5779
"Pink1",12888,2367,10521
"Mir7019",69,69,0
"Cda",29785,1423,28362
"Fam43b",2367,2367,0
"Rpl38-ps1",323,323,0
"Mul1",7605,3963,3642
"Camk2n1",4979,3613,1366
"Gm32549",30880,697,30183
"Vwa5b1",71709,9237,62472
"Gm32662",18659,1172,17487
"Gm32770",34228,886,33342
"Ubxn10",28602,4576,24026
"Pla2g2c",19251,1618,17633
"Pla2g2f",7066,2437,4629
"LOC105247193",8327,1112,7215
"Gm32871",7748,441,7307
"Pla2g2d",6409,2349,4060
"Pla2g5",64223,2619,61604
"Pla2g2a",3333,794,2539
"Gm32930",4566,2180,2386
"Pla2g2e",4907,1056,3851
"Otud3",22885,6164,16721
"Gm18097",502,502,0
"Gm33011",2162,250,1912
"Gm33062",2646,794,1852
"LOC105247194",2772,2157,615
"Rnf186",1255,1255,0
"Tmco4",86273,4633,81640
"Gm33214",16376,9353,7023
"Htr6",15815,3818,11997
"Nbl1",10723,2129,8594
"Minos1",29300,2683,26617
"Gm33304",31042,2307,28735
"Hspe1-ps4",46,46,0
"Gm16287",5249,2322,2927
"Capzb",98922,2103,96819
"Pqlc2",16682,6267,10415
"Akr7a5",8049,1654,6395
"Ccnd3-ps",1924,1924,0
"Mrto4",5137,1238,3899
"Emc1",26149,6237,19912
"Ubr4",108875,15873,93002
"Iffo2",89835,7168,82667
"Aldh4a1",26821,3710,23111
"Mir7020",70,70,0
"Tas1r2",16743,3047,13696
"LOC105247195",701,527,174
"Pax7",95968,5361,90607
"LOC102636380",23927,2507,21420
"4933427I22Rik",17409,1548,15861
"Klhdc7a",5854,5854,0
"Mir2139",95,95,0
"Igsf21",219960,2000,217960
"Gm33676",36362,3295,33067
"Gm33542",3973,2130,1843
"LOC102636852",6838,1152,5686
"Gm33895",2940,2196,744
"Gm33754",3331,2186,1145
"Gm34074",6534,1355,5179
"LOC329970",5928,3071,2857
"LOC102637278",6486,1071,5415
"Gm13021",9379,780,8599
"Arhgef10l",151421,5489,145932
"LOC105247196",1461,611,850
"Gm13025",6367,2665,3702
"Rcc2",21748,3864,17884
"Padi6",15289,2333,12956
"Padi4",28732,2679,26053
"Padi3",25280,3068,22212
"LOC105247197",765,315,450
"Gm13032",6519,2001,4518
"Padi1",32798,3756,29042
"4930515B02Rik",5365,593,4772
"Padi2",46253,4850,41403
"Gm34375",3816,3627,189
"Gm13031",10237,924,9313
"Gm34431",845,580,265
"Sdhb",17927,1078,16849
"Atp13a2",20837,4610,16227
"Mfap2",5561,2390,3171
"Crocc",43979,7522,36457
"Necap2",11846,2129,9717
"Gm13047",870,870,0
"Spata21",24439,2558,21881
"Szrd1",26822,4337,22485
"Fbxo42",56156,5940,50216
"Rsg1",6700,1619,5081
"LOC102637755",3727,1014,2713
"Arhgef19",18135,5014,13121
"Gm13056",1416,624,792
"Epha2",28164,4169,23995
"Gm13076",204,204,0
"Fam131c",15983,1460,14523
"Clcnka",14096,2455,11641
"Gm34693",878,565,313
"Clcnkb",11657,2506,9151
"Hspb7",4532,2768,1764
"Gm694",3434,905,2529
"LOC105247198",673,385,288
"Zbtb17",23279,3504,19775
"Spen",70751,12345,58406
"Gm4123",1910,1745,165
"B330016D10Rik",2152,2152,0
"Fblim1",29991,3669,26322
"Tmem82",4405,2070,2335
"AI507597",1235,864,371
"Slc25a34",5170,2887,2283
"Plekhm2",38420,4171,34249
"Ddi2",39857,3539,36318
"Rsc1a1",2154,2154,0
"Gm34863",14315,771,13544
"Agmat",12589,1505,11084
"Dnajc16",28647,3913,24734
"Casp9",22367,3899,18468
"Cela2a",11041,912,10129
"Ctrc",8121,958,7163
"Ctrcos",2670,322,2348
"Gm35034",2329,2178,151
"Efhd2",16779,2381,14398
"Fhad1os2",19008,4297,14711
"Fhad1",124695,5194,119501
"LOC105247199",6047,4403,1644
"Gm35295",11827,1265,10562
"Fhad1os1",3806,997,2809
"4930455G09Rik",11332,863,10469
"Tmem51",53965,2989,50976
"Tmem51os1",3804,1758,2046
"Kazn",137012,7383,129629
"Gm35581",1513,1165,348
"Gm35531",3221,2228,993
"Gm35635",1969,1794,175
"Gm35694",8595,8494,101
"LOC105247200",7160,4727,2433
"Gm35752",7045,5254,1791
"LOC105247203",3686,1289,2397
"LOC105247201",21307,2122,19185
"LOC105247202",4182,3100,1082
"Prdm2",105347,11700,93647
"Mir7021",63,63,0
"LOC102639621",6952,6952,0
"Gm13039",846,846,0
"Gm13050",1341,1341,0
"Pdpn",32156,1839,30317
"Lrrc38",24048,5536,18512
"Anp32b-ps1",1083,1083,0
"Pramel1",5802,2863,2939
"Pramef8",8783,4023,4760
"Oog4",13145,1965,11180
"Gm13042",3739,3517,222
"Gm13041",3017,1398,1619
"Gm13043",6489,2055,4434
"Gm13040",6518,2104,4414
"Gm13057",6537,2104,4433
"BC080695",6332,2103,4229
"Gm13080",1811,1196,615
"LOC100044633",499,499,0
"Gm13083",3593,2464,1129
"Gm13088",6839,1849,4990
"Gm13082",2475,2475,0
"Gm13089",6220,1815,4405
"Gm13078",9708,2110,7598
"Gm13023",6252,1838,4414
"Gm13084",6844,1904,4940
"Gm13103",7141,1833,5308
"Pramef6",6144,1487,4657
"Gm13100",2915,1756,1159
"Pramef25",6479,2090,4389
"Gm13101",2808,2053,755
"Pramef17",3243,1745,1498
"LOC105247232",8173,5007,3166
"Gm13108",1871,1871,0
"Gm13104",1447,1447,0
"Pramel4",10199,2439,7760
"LOC105247233",18340,4977,13363
"Gm13102",10222,2405,7817
"Oog3",5096,1854,3242
"Oog2",6218,1929,4289
"C87977",6256,1848,4408
"Gm21012",1855,1855,0
"Pramel5",9834,2147,7687
"Gm13120",1447,1447,0
"Gm13130",1868,1868,0
"Gm13128",3217,1745,1472
"Gm13119",6456,2072,4384
"Gm13125",5174,1434,3740
"Pramef12",16794,2687,14107
"1700012P22Rik",20605,995,19610
"Aadacl3",9986,3153,6833
"Gm13118",546,546,0
"9430007A20Rik",9532,1406,8126
"Gm13121",629,629,0
"Gm13126",3277,3277,0
"Gm13124",10135,1221,8914
"Gm13127",1881,1881,0
"Gm13177",9692,1224,8468
"Gm436",16432,1224,15208
"Gm13178",18309,1322,16987
"Gm438",9380,1432,7948
"Prdx2-rs3",1055,825,230
"Vps13d",324051,24429,299622
"Dhrs3",35037,2900,32137
"LOC105247206",4399,4189,210
"LOC105247205",15582,8886,6696
"Gm36317",2241,2164,77
"LOC105247204",6080,3271,2809
"Tnfrsf1b",34503,4913,29590
"Gm36233",8061,1680,6381
"Tnfrsf8",46172,1575,44597
"Gm13024",625,625,0
"Gm13227",45461,688,44773
"LOC105247207",1013,933,80
"Gm13223",595,595,0
"Smarca5-ps",3752,3752,0
"LOC102634135",2539,2539,0
"LOC101056073",56611,1234,55377
"Gm13225",163,163,0
"LOC102633907",681,681,0
"Gm13226",446,446,0
"Gm13212",40174,3752,36422
"Gm13234",844,844,0
"Gm13231",3309,3309,0
"Gm13249",501,501,0
"Gm13242",33741,3990,29751
"Gm13239",588,588,0
"Gm26763",11921,905,11016
"Vmn2r-ps15",74243,74243,0
"Gm13232",914,914,0
"LOC100534387",1683,1683,0
"Gm13243",1005,1005,0
"Znf41-ps",42464,4566,37898
"Gm13238",774,774,0
"LOC102633201",1249,1249,0
"Gm13036",742,742,0
"Gm13034",1195,1195,0
"LOC102637947",531,531,0
"Gm13051",29313,2834,26479
"Vmn2r-ps17",140140,140140,0
"Zfp600",41930,4306,37624
"Gm13170",627,627,0
"LOC105247209",14383,424,13959
"Gm13167",914,914,0
"LOC100534388",1677,1677,0
"LOC105247208",4283,2946,1337
"Vmn2r-ps16",160377,160377,0
"Gm13251",20411,3691,16720
"Gm13241",3408,3262,146
"Gm13247",37396,3191,34205
"Gm30910",208706,3864,204842
"1700095A21Rik",27835,1069,26766
"Gm13237",914,914,0
"LOC100534386",3271,3015,256
"Gm13240",1012,1012,0
"Gm13248",379625,2081,377544
"Gm30681",2032,623,1409
"Gm20875",777,777,0
"Gm21082",9247,1373,7874
"Gm21411",7484,259,7225
"Gm20760",1167,1167,0
"Gm13140",3754,3555,199
"LOC102631940",360,360,0
"Rex2",38950,3998,34952
"Gm13153",583,583,0
"4933438K21Rik",5071,1693,3378
"Gm13160",792,792,0
"Gm13142",1658,1658,0
"Vmn2r-ps18",269,269,0
"Gm13139",49832,4318,45514
"Gm13146",774,774,0
"LOC102631726",1141,1141,0
"LOC105247234",13538,1443,12095
"LOC102631585",28851,1091,27760
"LOC105247210",11637,76,11561
"LOC102640977",1050,1050,0
"Gm13135",3713,3713,0
"Gm13144",602,602,0
"LOC102638055",66616,1727,64889
"Gm8178",640,640,0
"Gm13161",1008,1008,0
"Vmn2r-ps19",255,255,0
"Gm13152",12735,1256,11479
"Vmn2r-ps20",294,294,0
"LOC102640679",2870,2870,0
"Gm13154",31983,2885,29098
"2610305D13Rik",30573,2561,28012
"Gm13155",640,640,0
"Zfp534",28407,2240,26167
"Gm13137",345,273,72
"Gm13136",3720,3720,0
"Gm13148",1044,1044,0
"Gm13157",56870,3931,52939
"Rps19-ps3",426,426,0
"Zfp933",25390,4247,21143
"Miip",7942,1813,6129
"Fv1",1380,1380,0
"Mfn2",31324,5062,26262
"Plod1",27024,3252,23772
"2510039O18Rik",6462,2935,3527
"Nppb",1428,880,548
"Nppa",1322,829,493
"Clcn6",34600,5226,29374
"Gm13207",770,770,0
"Mthfr",21548,7680,13868
"Gm13201",18764,7123,11641
"Gm13202",704,704,0
"Agtrap",11004,4029,6975
"Draxin",34491,7146,27345
"Mad2l2",15445,1788,13657
"Fbxo6",6420,2149,4271
"Mir7022",61,61,0
"Fbxo44",7296,2172,5124
"Fbxo2",6192,1311,4881
"Gm32603",6652,538,6114
"Ptchd2",51729,9886,41843
"Ubiad1",10255,2970,7285
"Mtor",109104,8595,100509
"Angptl7",7484,4786,2698
"Exosc10",23978,4029,19949
"LOC102635394",1673,1673,0
"Srm",3107,1328,1779
"Masp2",20606,3395,17211
"Tardbp",14615,7454,7161
"Gm572",33653,3510,30143
"LOC105247211",2355,942,1413
"Gm32826",1297,470,827
"Gm32897",2493,482,2011
"LOC105247212",5131,359,4772
"Casz1",150527,9647,140880
"LOC105247214",2367,632,1735
"Pex14",139278,1942,137336
"LOC102635786",3941,1023,2918
"LOC105247213",6002,5961,41
"Gm9506",503,503,0
"Dffa",16512,2672,13840
"Cort",1551,498,1053
"Apitd1",9252,930,8322
"Rpsa-ps12",1034,1034,0
"Pgd",16723,2243,14480
"Kif1b",131415,15656,115759
"Ube4b",98222,6461,91761
"Ube4bos1",11409,2214,9195
"Rbp7",16776,1579,15197
"Trmt112-ps2",602,602,0
"Nmnat1",16546,1350,15196
"Lzic",11459,1935,9524
"Ctnnbip1",48197,2787,45410
"Mir5616",60,60,0
"LOC105247215",3220,894,2326
"Clstn1",62461,4518,57943
"LOC105247216",1972,393,1579
"Pik3cd",53399,6191,47208
"Mir7023",64,64,0
"Tmem201",22697,6331,16366
"Slc25a33",30232,1877,28355
"LOC105247217",2605,2400,205
"LOC105247218",11839,1011,10828
"Spsb1",58724,3887,54837
"LOC105247219",2419,2192,227
"H6pd",29550,6578,22972
"Gm13067",29313,7173,22140
"Mir34a",102,102,0
"Gpr157",18425,4762,13663
"LOC102641052",3546,646,2900
"Slc2a5",24825,3096,21729
"Slc2a7",20059,2249,17810
"Car6",14121,1370,12751
"Eno1",12148,1922,10226
"Gm33415",3696,698,2998
"Rere",340418,15176,325242
"LOC102638183",475,407,68
"LOC105247220",3673,3588,85
"Gm33463",652,602,50
"Slc45a1",22779,2700,20079
"Gm36600",34579,5245,29334
"Gm36806",41932,463,41469
"LOC105247221",1989,1590,399
"Gm13049",7834,1007,6827
"1700045H11Rik",26725,593,26132
"Errfi1",15089,3332,11757
"Park7",17300,1016,16284
"Tnfrsf9",25950,2347,23603
"Gm30120",15302,4759,10543
"Uts2",4714,538,4176
"Per3",41021,6058,34963
"Vamp3",10649,2115,8534
"LOC102641068",6786,4395,2391
"Camta1",802246,12366,789880
"Gm30422",17367,13801,3566
"Gm30344",2561,1904,657
"LOC102632096",84670,4807,79863
"LOC105247222",27211,5385,21826
"LOC102631977",529,226,303
"Dnajc11",48240,5044,43196
"Thap3",6349,1114,5235
"Phf13",6549,3414,3135
"Klhl21",8787,3895,4892
"Zbtb48",7899,2554,5345
"Tas1r1",10577,3395,7182
"Nol9",22221,4034,18187
"Plekhg5",42972,4744,38228
"Tnfrsf25",4592,2541,2051
"Espn",32090,3992,28098
"Gm17852",1750,1750,0
"Gm20377",1516,1078,438
"Hes2",3603,2915,688
"Gm30622",2658,872,1786
"Acot7",93756,2322,91434
"Gpr153",11406,4207,7199
"Hes3",6654,3535,3119
"Icmt",9913,5046,4867
"Rnf207",13236,5385,7851
"LOC102632664",2978,319,2659
"Rpl22",9647,2497,7150
"Chd5",51544,9512,42032
"Kcnab2",86810,8942,77868
"Nphp4",89304,9284,80020
"Gm30734",2818,514,2304
"Gm13172",551,551,0
"Gm833",3383,1291,2092
"Gm30851",9557,525,9032
"Gm30911",7751,466,7285
"Gm30962",5208,558,4650
"Gm31055",16839,948,15891
"Ajap1",110793,3402,107391
"LOC105247223",2247,310,1937
"LOC105247224",29116,1689,27427
"Gm31118",3718,1316,2402
"Gm31180",572,371,201
"LOC105247225",5746,529,5217
"Gm31239",3680,834,2846
"Gm31353",7253,4771,2482
"BC039966",2022,522,1500
"A430005L14Rik",4689,1098,3591
"Dffb",10675,2641,8034
"Cep104",33607,5219,28388
"LOC105247226",3009,354,2655
"Gm31566",5599,2888,2711
"Gm31477",2896,2861,35
"Lrrc47",9710,3395,6315
"Smim1",5575,3726,1849
"Gm31672",22409,2218,20191
"Ccdc27",16339,3546,12793
"Trp73",83960,5596,78364
"Wrap73",25903,2767,23136
"Tprgl",3228,1814,1414
"LOC102634100",3439,1387,2052
"Megf6",105009,7233,97776
"LOC105247227",4764,4764,0
"Arhgef16",23209,3266,19943
"Gm31821",2444,1508,936
"Prdm16",321336,9619,311717
"B230104I21Rik",4417,2655,1762
"Gm13133",38649,16382,22267
"5930403L14Rik",5677,5677,0
"Gm13111",24425,7615,16810
"Actrt2",1440,1440,0
"Ttc34",33685,4855,28830
"LOC102634887",8072,2045,6027
"Mmel1",25946,2937,23009
"Fam213b",2614,785,1829
"LOC105247228",4756,3040,1716
"Tnfrsf14",7179,1985,5194
"Hes5",3693,3607,86
"Pank4",16991,2750,14241
"LOC105247229",1038,482,556
"Plch2",80977,9229,71748
"Pex10",5377,1647,3730
"Rer1",12274,1815,10459
"Morn1",59268,7976,51292
"Ski",68519,5523,62996
"LOC105247230",3206,2353,853
"Gm33187",3620,1731,1889
"2610002J02Rik",9929,1836,8093
"Prkcz",101311,5019,96292
"Gabrd",13151,2041,11110
"Cfap74",68616,9513,59103
"5830444B04Rik",20736,3204,17532
"Tmem52",1745,968,777
"Gnb1",67909,3143,64766
"Gm13171",1411,944,467
"Nadk",28610,4788,23822
"Slc35e2",22749,8265,14484
"Gm16023",16459,2493,13966
"Cdk11b",25090,3501,21589
"Mmp23",3827,2618,1209
"Mib2",14785,4215,10570
"B930041F14Rik",2144,2144,0
"Ssu72",29075,1488,27587
"LOC102636313",783,237,546
"Tmem240",5947,1844,4103
"Atad3a",20469,3739,16730
"Atad3aos",2369,1162,1207
"Vwa1",6067,3157,2910
"Tmem88b",4284,3471,813
"Ankrd65",2971,1361,1610
"Mrpl20",5949,1125,4824
"Ccnl2",12460,4639,7821
"Aurkaip1",1830,1240,590
"Mxra8",4423,2281,2142
"Dvl1",11987,3680,8307
"Tas1r3",4086,3514,572
"Cptp",4718,2662,2056
"Cpsf3l",19556,2748,16808
"Pusl1",2918,1673,1245
"Acap3",15377,4624,10753
"Gm20552",1636,1636,0
"Ube2j2",15792,3622,12170
"Fam132a",4318,1321,2997
"LOC105247231",1166,1062,104
"B3galt6",3213,3213,0
"Sdf4",20768,5705,15063
"Tnfrsf4",2919,1179,1740
"Gm10560",2180,843,1337
"Ttll10",60693,9762,50931
"Tnfrsf18",2550,1007,1543
"Mir429",83,83,0
"Mir200a",90,90,0
"Mir200b",70,70,0
"9430015G10Rik",17266,2667,14599
"Rnf223",6052,4690,1362
"Agrn",32230,8781,23449
"Isg15",1395,756,639
"Perm1",18040,5888,12152
"AW011738",2745,2745,0
"Plekhn1",7087,2210,4877
"Klhl17",5814,3014,2800
"Mir7658",57,57,0
"Noc2l",11794,2972,8822
"Samd11",8692,4604,4088
"Gm33896",886,416,470
"Vmn2r-ps159",8397,2846,5551
"Gm20782",5338,1110,4228
"V1rg10",921,921,0
"Gm18187",1572,1572,0
"Gm8706",1514,1514,0
"Gm18985",811,811,0
"Gm15772",539,539,0
"Gm36470",73517,4934,68583
"Gm36548",27153,361,26792
"Cdk6",187118,11527,175591
"Gm29868",42647,13762,28885
"Gm36663",2585,1998,587
"Fam133b",26748,2336,24412
"1700109H08Rik",13411,1500,11911
"Rbm48",12570,2569,10001
"Pex1",41165,4597,36568
"Gatad1",7976,2547,5429
"Tmbim7",23674,4005,19669
"Ankib1",113126,6781,106345
"Krit1",41351,6493,34858
"Lrrd1",21424,2951,18473
"Mterf1a",30359,2974,27385
"Rps4x-ps",885,885,0
"Akap9",152788,13582,139206
"Wdr46-ps",1701,1701,0
"LOC105244701",5008,1177,3831
"Cyp51",24024,4353,19671
"Mterf1b",5285,2647,2638
"LOC105244702",44702,567,44135
"Fzd1",4378,4378,0
"Gm30103",14150,1193,12957
"Cdk14",576868,5729,571139
"Gm30151",6645,4543,2102
"Gm30267",2348,826,1522
"1700015F17Rik",41317,710,40607
"Gm30325",14910,2105,12805
"Cldn12",9962,4240,5722
"Gtpbp10",22325,3343,18982
"Gm30652",430,430,0
"Gm8773",2405,1268,1137
"Cfap69",84979,9017,75962
"LOC105244703",52157,1967,50190
"Steap2",29740,11166,18574
"Steap1",12996,1216,11780
"Gm15459",2107,2107,0
"LOC105242427",4955,1824,3131
"Gm5984",3702,1717,1985
"LOC105244704",29600,501,29099
"Gm3203",2542,2542,0
"Gm5714",555,555,0
"Zfp804b",575349,4032,571317
"Tubb4b-ps1",1548,1548,0
"4921511H03Rik",8987,5939,3048
"Gm4960",1208,1208,0
"Gm8802",930,930,0
"Gm30835",15104,220,14884
"Steap4",21742,3140,18602
"Gm15731",15565,2346,13219
"Sri",23237,3146,20091
"Adam22",295921,11045,284876
"Gm31032",1065,1020,45
"Gm21759",6060,6060,0
"Gm18037",528,528,0
"Dbf4",25754,2450,23304
"Slc25a40",32003,2930,29073
"Rundc3b",132692,3897,128795
"Abcb1a",181485,5464,176021
"Gm31157",3221,1542,1679
"Gm5106",24829,3153,21676
"Abcb1b",68169,4347,63822
"Abcb4",65629,4198,61431
"Gm17936",981,981,0
"Gm31388",8555,2998,5557
"Gm31311",323,193,130
"Crot",31124,4702,26422
"Gm15610",481,481,0
"LOC105244705",3847,652,3195
"Gm31449",16206,1676,14530
"Tmem243",18247,988,17259
"Dmtf1",42909,4511,38398
"Gm31539",4769,3907,862
"Gm7332",724,724,0
"9330182L06Rik",215705,6011,209694
"Mir879",76,76,0
"Grm3",240117,3536,236581
"Gm35139",2492,351,2141
"Gm35212",1213,705,508
"LOC105244706",84213,292,83921
"Gm6586",3959,690,3269
"Gm5715",2103,2103,0
"Gm28685",1429,1362,67
"Gm5152",4881,1253,3628
"Gm3313",4417,801,3616
"Gm31831",52759,928,51831
"Gm4959",1285,1285,0
"Gm6455",5780,1072,4708
"Gm32266",73521,1624,71897
"Gm3321",1094,1094,0
"Gm8857",4923,1239,3684
"Gm8861",1097,1097,0
"LOC101055912",4950,1241,3709
"Gm8874",1049,1049,0
"4930558F17Rik",16656,786,15870
"Gm8879",4972,1243,3729
"Gm32554",47126,1910,45216
"Gm3360",1109,1109,0
"Gm5861",4892,1249,3643
"Gm4047",42982,1267,41715
"Gm29743",1801,1801,0
"Gm33093",18478,673,17805
"Gm8890",4972,1240,3732
"Gm8891",1286,1286,0
"Gm32877",50135,1406,48729
"Speer1-ps1",5866,1107,4759
"LOC105242424",41415,903,40512
"Gm8896",1106,1106,0
"1700108N06Rik",21501,533,20968
"Gm8897",4962,1243,3719
"Gm33468",47819,987,46832
"Gm29745",1145,1145,0
"4930437M23Rik",16071,921,15150
"LOC101055944",4811,1177,3634
"Gm21040",1109,1109,0
"Gm33847",162865,2415,160450
"Gm6460",4525,821,3704
"Gm8920",1049,1049,0
"Gm8922",4967,1236,3731
"Gm8924",1286,1286,0
"1700003C15Rik",19476,709,18767
"Gm8926",4825,1170,3655
"Gm8929",1106,1106,0
"Gm6465",4959,1243,3716
"Gm29755",1141,1141,0
"Gm34493",3573,577,2996
"LOC105242409",12067,781,11286
"4933402N22Rik",4762,1108,3654
"Gm5288",1097,1097,0
"Gm8953",696,696,0
"Sema3d",205778,6521,199257
"Gm8925",815,815,0
"Gm10481",1211,1211,0
"Gm6641",1235,850,385
"Gm10108",944,944,0
"Sema3a",480864,10971,469893
"LOC105244707",20141,12313,7828
"LOC100534357",1283,1283,0
"Gm6647",4938,1160,3778
"LOC105244708",33963,753,33210
"Speer3",5201,1191,4010
"Gm6650",5032,1409,3623
"Gm8968",9187,1109,8078
"Gm35702",1015,796,219
"Gm5289",1160,1160,0
"Sema3e",231414,6861,224553
"Pclo",348548,22199,326349
"Gm18668",1144,1144,0
"Gm9758",5023,1962,3061
"Speer4e",4845,1239,3606
"Speer8-ps1",33248,1121,32127
"Gm10354",5347,2329,3018
"Gm17019",4578,1691,2887
"Gm21847",8788,642,8146
"Gm21149",5329,1720,3609
"LOC105242428",39100,1024,38076
"Gm21190",5431,1831,3600
"LOC105242399",5151,1546,3605
"Gm30417",17577,638,16939
"Speer4d",4766,1159,3607
"4930572O03Rik",4772,1167,3605
"Speer7-ps1",33887,1083,32804
"Speer4c",5171,1594,3577
"4930519H02Rik",19839,968,18871
"Gm3510",6374,4317,2057
"Cacna2d1",439821,8746,431075
"LOC105247040",12146,6766,5380
"Gm29772",609,609,0
"Gm8984",1207,1207,0
"Hgf",69074,6938,62136
"Gm31113",15454,3249,12205
"Gm28710",90531,3275,87256
"Gm6673",4571,890,3681
"Gm3495",8574,1350,7224
"Speer4f",4839,1256,3583
"Gm7047",858,858,0
"Gm31555",900,418,482
"Sema3c",155453,4956,150497
"Cd36",107270,4052,103218
"Gm31612",22710,345,22365
"Gnat3",57099,1174,55925
"Gnai1",95279,3193,92086
"Gm3527",3819,978,2841
"Gm31752",13571,1568,12003
"Gm17889",601,601,0
"4921504A21Rik",24188,2156,22032
"Gm32102",1235,1235,0
"Magi2",1481510,11432,1470078
"Gm21009",1761,1761,0
"Gm32015",14993,6460,8533
"Gm3544",633,633,0
"Gm31956",1764,1593,171
"Phtf2",123461,4839,118622
"Rpl31-ps5",429,429,0
"LOC105247041",5455,3196,2259
"Tmem60",4418,885,3533
"Rsbn1l",60418,7173,53245
"A630072M18Rik",5410,5410,0
"Ptpn12",69153,4722,64431
"LOC105247042",11528,3333,8195
"LOC105247043",40315,1007,39308
"Rpl31-ps21",407,407,0
"Gm18830",1411,1411,0
"LOC105247044",6863,636,6227
"Gsap",115387,4229,111158
"Ccdc146",131717,3389,128328
"Fgl2",5714,3769,1945
"Fam185a",63411,4481,58930
"Fbxl13",161852,6238,155614
"Lrrc17",32385,2197,30188
"Gm6543",827,827,0
"LOC105247045",568,568,0
"Armc10",16609,2014,14595
"Napepld",39253,4686,34567
"Gm15719",619,619,0
"Pmpcb",19993,1596,18397
"Gm15715",1609,1609,0
"Dnajc2",27985,2133,25852
"Psmc2",18502,1782,16720
"Slc26a5",56604,4900,51704
"Reln",460252,15345,444907
"Gm32508",1046,947,99
"Gm16111",702,702,0
"Dnaja1-ps",2076,2076,0
"LOC105247046",21230,1400,19830
"Orc5",63884,2100,61784
"Gm15421",810,810,0
"6030443J06Rik",7759,4324,3435
"LOC105247049",28631,1868,26763
"LOC105247048",998,998,0
"Rpl17-ps5",664,664,0
"Gm9523",1188,1188,0
"Gm32711",1118,1118,0
"Gm6560",2181,2181,0
"A930003O13Rik",7975,1952,6023
"Lhfpl3",529962,3538,526424
"Gm32653",5450,4649,801
"Gm6564",760,760,0
"LOC102635161",2530,2530,0
"LOC105247047",2932,2896,36
"LOC102635566",8993,8945,48
"LOC102635844",24954,5315,19639
"5031425E22Rik",2546,2546,0
"Kmt2e",69801,7450,62351
"Srpk2",181286,8491,172795
"AI506816",20407,2780,17627
"Gm29779",1999,1999,0
"LOC105247050",2444,2140,304
"Pus7",43547,4704,38843
"Rint1",32689,3328,29361
"LOC105247051",540,375,165
"4933427G23Rik",3434,1685,1749
"Tomm7",5202,1109,4093
"LOC105247052",3592,1025,2567
"2700038G22Rik",4437,1370,3067
"Snord93",45,45,0
"Gm9534",29400,29400,0
"Fam126a",115505,7123,108382
"Gm6745",824,824,0
"Gm18038",511,511,0
"Klhl7",62792,5829,56963
"Gm3724",941,941,0
"LOC105247053",2141,2105,36
"Nupl2",19309,3172,16137
"Gm5575",353,353,0
"LOC102636299",969,969,0
"Gm33476",5216,632,4584
"LOC105247054",22443,2891,19552
"Kcnh2",32016,5077,26939
"Nos3",19656,4148,15508
"Atg9b",7963,3902,4061
"Abcb8",16267,3256,13011
"Cdk5",15995,3182,12813
"Asic3",7546,5363,2183
"Slc4a2",17187,5465,11722
"Fastk",4244,1905,2339
"Tmub1",2869,1815,1054
"Agap3",49871,5709,44162
"Gbx1",22423,1452,20971
"Asb10",8363,2722,5641
"4931409K22Rik",12036,3160,8876
"Abcf2",12127,3049,9078
"Gm10221",454,454,0
"Chpf2",5738,4432,1306
"Mir671",98,98,0
"Smarcd3",31835,2665,29170
"LOC105247055",1601,1263,338
"LOC102642374",2374,2146,228
"1700022A21Rik",3408,1448,1960
"Nub1",25019,3733,21286
"Wdr86",26470,3667,22803
"LOC105247056",9831,1486,8345
"Crygn",6842,604,6238
"Gm33591",28759,1644,27115
"Rheb",39539,1521,38018
"Prkag2",239172,5940,233232
"Prkag2os1",4281,990,3291
"Gm33776",7977,2932,5045
"1500035N22Rik",14013,2551,11462
"LOC105247057",2258,518,1740
"2900005J15Rik",2033,2033,0
"LOC105247058",8946,3244,5702
"Gm19088",554,554,0
"Gm33836",7583,1281,6302
"Galntl5",38858,1663,37195
"Galnt11",43026,3238,39788
"Kmt2c",227025,17094,209931
"Hspe1-ps3",439,439,0
"Gm18343",611,611,0
"4831440E17Rik",4677,4677,0
"Cct8l1",1961,1961,0
"1700096K18Rik",1449,1449,0
"LOC105247060",12480,918,11562
"LOC105247059",8474,3652,4822
"Gm10062",1467,1467,0
"Xrcc2",15984,3217,12767
"LOC105247061",2807,547,2260
"Actr3b",90717,2242,88475
"LOC105247062",9612,348,9264
"Gm21655",7505,3821,3684
"Gm21663",6803,3076,3727
"Gm21671",4548,804,3744
"Gm21168",2045,2045,0
"Gm21680",28781,9755,19026
"Gm21698",5739,2140,3599
"Gm1979",7535,2166,5369
"LOC105247063",18950,786,18164
"Gm5067",1545,1545,0
"Speer4a",24558,9244,15314
"Gm5862",4471,804,3667
"Gm7347",9755,6051,3704
"Gm10471",40052,7186,32866
"Gm6089",1033,1033,0
"5031410I06Rik",8740,5784,2956
"Gm10220",6662,2984,3678
"Gm34067",23976,692,23284
"Gm7361",96605,12605,84000
"Gm18957",1715,1715,0
"Gm34536",14577,332,14245
"4930584F24Rik",33245,1188,32057
"LOC105247064",89826,424,89402
"Dpp6",910144,6419,903725
"LOC105247067",6494,6494,0
"LOC105247066",8500,7907,593
"Gm34600",2923,2837,86
"Speer4b",5584,1977,3607
"LOC105247065",3100,2202,898
"Paxip1",52000,8208,43792
"Gm20239",4423,743,3680
"Htr5a",13385,5821,7564
"Gm5551",769,769,0
"LOC102638085",36664,12788,23876
"Gm4865",1582,1582,0
"Gm35223",117990,2180,115810
"Gm26608",1086,939,147
"Insig1",7251,2648,4603
"Gm35055",4976,2157,2819
"En2",6471,3537,2934
"LOC105247068",1080,722,358
"LOC105247069",6925,831,6094
"Gm35395",12053,8827,3226
"Cnpy1",37048,6062,30986
"Gm35524",3664,828,2836
"Gm35602",19372,1330,18042
"Rbm33",102354,9801,92553
"Shh",10262,3716,6546
"9530036O11Rik",252226,2926,249300
"Gm10290",1230,1230,0
"LOC105247070",17775,916,16859
"Gm35688",114347,5332,109015
"Gm35881",2081,303,1778
"Rnf32",30357,2644,27713
"Gm7420",1022,1022,0
"Lmbr1",148596,10842,137754
"LOC105247071",2373,1929,444
"Gm36086",1483,879,604
"Nom1",17511,3654,13857
"Mnx1",4648,1456,3192
"Gm6083",676,676,0
"Ube3c",106836,5033,101803
"LOC105247072",15205,4496,10709
"Gm5129",603,603,0
"Dnajb6",50792,6844,43948
"Gm36151",2020,1875,145
"LOC102640024",1341,1341,0
"Gm2213",1702,1702,0
"Gm1969",1686,1686,0
"A230098N10Rik",28267,1500,26767
"Il6",6808,1087,5721
"LOC102640315",11240,2447,8793
"Tyms",15426,5592,9834
"Gm4961",4747,2249,2498
"Gm21019",1225,1225,0
"3110082J24Rik",2503,767,1736
"Gareml",13185,3832,9353
"Hadha",36677,3835,32842
"Hadhb",29341,2075,27266
"Mir1960",78,78,0
"Gpr113",12324,3988,8336
"Ept1",39813,6769,33044
"LOC105247073",2379,2142,237
"Drc1",25046,2266,22780
"Otof",95604,8176,87428
"1700001C02Rik",18038,943,17095
"Cib4",60255,770,59485
"LOC105244714",6754,661,6093
"Gm9899",14633,4823,9810
"Kcnk3",37101,3810,33291
"Mir5625",80,80,0
"Slc35f6",11791,3082,8709
"Cenpa",7962,1627,6335
"Gm18389",567,567,0
"Dpysl5",87801,5347,82454
"Mapre3",51493,2279,49214
"Tmem214",7823,2808,5015
"Gm35795",2726,1874,852
"Agbl5",18191,5333,12858
"Ost4",1292,674,618
"Emilin1",7899,3893,4006
"Khk",9813,1734,8079
"Cgref1",12338,1331,11007
"Abhd1",5030,1356,3674
"Preb",8720,5677,3043
"Gm35848",445,367,78
"Tcf23",19465,4443,15022
"Slc5a6",12889,3889,9000
"Atraid",5994,971,5023
"Cad",23844,7332,16512
"LOC102642244",3419,1540,1879
"Slc30a3",22139,2261,19878
"Dnajc5g",4235,1592,2643
"Trim54",21015,1532,19483
"LOC105244715",1014,448,566
"Ucn",907,644,263
"Mpv17",13870,2093,11777
"Gtf3c2",24654,5767,18887
"Eif2b4",5582,2101,3481
"Snx17",5614,2032,3582
"Zfp513",3683,2836,847
"Ppm1g",17878,2165,15713
"LOC105244716",17667,764,16903
"Nrbp1",23478,2740,20738
"Krtcap3",1492,999,493
"Ift172",38882,8749,30133
"Fndc4",3633,2285,1348
"Gckr",30049,2449,27600
"Gm19457",1640,871,769
"LOC105244717",1710,1710,0
"Gm36182",28925,6568,22357
"Zfp512",29339,3422,25917
"4930548H24Rik",2404,1427,977
"Gpn1",16880,2346,14534
"Supt7l",12194,2677,9517
"Slc4a1ap",27189,2657,24532
"AI839979",1806,1173,633
"LOC100503002",67681,5820,61861
"Mrpl33",8694,466,8228
"Rbks",73260,3740,69520
"Mir3473e",110,110,0
"Bre",387004,1774,385230
"LOC105244718",4780,3036,1744
"LOC105244719",10496,1637,8859
"Gm36665",3572,1894,1678
"Fosl2",21369,5864,15505
"Gm36732",2827,714,2113
"Gm9555",970,970,0
"Gm36783",6884,1136,5748
"Plb1",131666,5521,126145
"Gm36840",36263,278,35985
"Gm5864",1242,1242,0
"Ppp1cb",34865,4146,30719
"Gm15614",76203,1537,74666
"Yes1",75896,4608,71288
"LOC105243782",789,751,38
"Gm2420",16007,16007,0
"Pisd",49334,3142,46192
"Prr14l",65133,12215,52918
"Gm2623",360,360,0
"Depdc5",130587,8677,121910
"Ywhah",9151,1764,7387
"Gm29892",8848,1066,7782
"LOC105244720",2880,1262,1618
"Rpl35a-ps5",432,432,0
"Slc5a1",58481,3933,54548
"Spon2",4736,2340,2396
"Ctbp1",27282,2482,24800
"Gm20465",17539,1785,15754
"Maea",37723,2350,35373
"Uvssa",41100,7388,33712
"Nkx1-1",3357,1323,2034
"Fam53a",29297,2182,27115
"Gm9903",1261,840,421
"LOC105244721",777,441,336
"Slbp",12520,1906,10614
"Tmem129",4696,2674,2022
"Tacc3",14057,3040,11017
"Fgfr3",15345,5424,9921
"Letm1",43030,5468,37562
"Gm10059",311,311,0
"Gm30708",1068,1068,0
"LOC105244765",6301,2824,3477
"Whsc1",77192,12978,64214
"Nelfa",38080,2162,35918
"Mir7024",62,62,0
"Gm30802",1058,812,246
"Gm1673",1538,509,1029
"Nat8l",9933,6529,3404
"Poln",162348,3043,159305
"Gm19798",1763,1763,0
"4930557J02Rik",16600,1075,15525
"Haus3",15529,1954,13575
"Mxd4",13864,3912,9952
"Zfyve28",93577,8559,85018
"Cfap99",39897,2530,37367
"Gm5553",1511,1511,0
"Rnf4",17196,3257,13939
"Fam193a",116526,5541,110985
"Tnip2",17884,1966,15918
"Sh3bp2",37856,3465,34391
"Add1",58637,4554,54083
"Mir7036b",63,63,0
"Mfsd10",3572,1934,1638
"Nop14",21613,2702,18911
"Grk4",95019,5265,89754
"Mir467g",120,120,0
"Htt",150799,13223,137576
"Msantd1",16079,5593,10486
"Rgs12",90256,7290,82966
"Mir3097",67,67,0
"LOC105244722",6588,6361,227
"Hgfac",6923,2196,4727
"Dok7",31274,3348,27926
"Lrpap1",14192,2907,11285
"Gm31601",1445,570,875
"LOC105244723",36565,762,35803
"Adra2c",3198,3198,0
"Gm31656",27804,2680,25124
"4930478P22Rik",6125,2060,4065
"E130018O15Rik",9325,3776,5549
"Hmx1",11961,2908,9053
"LOC105244724",3911,3815,96
"LOC105244725",10340,222,10118
"Cpz",23409,2173,21236
"Plk-ps1",2118,2118,0
"Trmt44",18863,3785,15078
"4931431C16Rik",7537,2735,4802
"Acox3",31244,6708,24536
"Htra3",27788,3867,23921
"Sh3tc1",42908,4699,38209
"Gm31888",3213,1974,1239
"Ablim2",127125,4339,122786
"Afap1",110607,6887,103720
"H2af-ps",305,305,0
"Sorcs2",380988,5753,375235
"Gm32183",1067,367,700
"Gm32119",824,389,435
"Gm31945",10119,2591,7528
"Psapl1",2548,2548,0
"Mir7689",59,59,0
"2210406O10Rik",17244,1705,15539
"Grpel1",8893,3338,5555
"Tada2b",10616,3791,6825
"Ccdc96",3584,3584,0
"Tbc1d14",95670,6169,89501
"Gm32528",3937,3529,408
"D5Ertd579e",96250,8200,88050
"Gm32584",31496,1322,30174
"Gm32725",22583,5668,16915
"Gm33017",4963,1888,3075
"Gm33114",5121,3969,1152
"Bloc1s4",1306,1306,0
"S100p",4916,1132,3784
"Mrfap1",1888,1630,258
"Man2b2",23837,3434,20403
"Ppp2r2c",88236,4349,83887
"Ppp2r2cos",3285,1491,1794
"LOC105244727",2667,1995,672
"Wfs1",22879,3564,19315
"Jakmip1",122333,6361,115972
"Gm33166",1222,993,229
"Gm21042",1072,1072,0
"Gm1043",81356,7337,74019
"Crmp1",50106,3436,46670
"Evc",48266,6871,41395
"Evc2",86578,4112,82466
"Gm15732",3547,3547,0
"Stk32b",270329,3440,266889
"Cytl1",4302,974,3328
"LOC105244728",26071,336,25735
"Msx1",4095,1931,2164
"Msx1os",2188,2188,0
"Gm33993",26286,2301,23985
"LOC105244730",4964,2692,2272
"Gm34055",34789,3901,30888
"LOC105244731",15821,3487,12334
"Stx18",99149,3367,95782
"Gm34143",4128,4048,80
"Nsg1",22276,2233,20043
"Zbtb49",30718,7994,22724
"Lyar",13825,1927,11898
"Tmem128",9429,1482,7947
"Otop1",26814,3150,23664
"Gm34193",2416,981,1435
"Gm26560",27094,3533,23561
"Drd5",2802,2802,0
"4930487D11Rik",4809,341,4468
"Slc2a9",153877,4494,149383
"LOC105244732",7999,4760,3239
"LOC105244733",2426,735,1691
"Wdr1",34988,3172,31816
"4930421P07Rik",896,896,0
"Zfp518b",16343,6882,9461
"LOC105244734",21625,661,20964
"Clnk",171271,2799,168472
"Gm34720",2787,1400,1387
"Clnkos",24413,901,23512
"Gm34929",381,282,99
"LOC105244736",93894,543,93351
"LOC105244735",6160,734,5426
"Gm35047",10256,231,10025
"Gm5291",1175,1175,0
"4930513D17Rik",141826,1202,140624
"Hs3st1",30697,1685,29012
"Gm7816",1466,1466,0
"Gm35191",9953,2470,7483
"Gm2810",987,987,0
"Gm4754",901,901,0
"Gm35380",10507,5411,5096
"Rab28",83219,2210,81009
"Gm19004",534,534,0
"Nkx3-2",2738,1437,1301
"Bod1l",56828,10599,46229
"Gm5298",1546,1546,0
"Mir6414",82,82,0
"Gm20156",22216,1510,20706
"LOC105244737",4116,565,3551
"Gm16223",61573,2177,59396
"Gm7181",556,556,0
"LOC105244738",11833,297,11536
"Gm5554",2378,2378,0
"Gm7854",83669,1432,82237
"Cpeb2",57471,8065,49406
"C1qtnf7",103725,4612,99113
"LOC105244739",46165,8222,37943
"Cc2d2a",78600,6242,72358
"Gm35762",1384,1225,159
"Fbxl5",37532,3328,34204
"Bst1",24589,2349,22240
"Cd38",43548,2995,40553
"Gm7879",761,761,0
"Gm7882",1476,1476,0
"Gm5292",669,669,0
"Fgfbp1",2970,1364,1606
"Prom1",108632,5621,103011
"Gm35900",26217,2476,23741
"Tapt1",54126,6236,47890
"Gm35959",14223,13099,1124
"LOC105244740",62973,968,62005
"Gm5865",2775,811,1964
"Gm36017",14921,1044,13877
"LOC105244741",7343,2345,4998
"Ldb2",327630,2950,324680
"Gm36076",6798,254,6544
"4930431F12Rik",12605,2262,10343
"D5Ertd615e",185400,2114,183286
"Qdpr",16198,1394,14804
"Clrn2",10399,944,9455
"Lap3",19318,2267,17051
"Med28",9056,4568,4488
"Fam184b",109797,4123,105674
"9630001P10Rik",6195,2811,3384
"1600023N17Rik",1008,1008,0
"Ncapg",30675,3857,26818
"Lcorl",162932,19508,143424
"Gm36401",13720,9624,4096
"Gm3414",7912,7912,0
"Gm21020",1691,1691,0
"4930405L22Rik",5588,581,5007
"LOC105244742",42859,469,42390
"Gm7931",1180,1180,0
"Gm17824",844,844,0
"Gm3010",742,742,0
"Slit2",323175,8602,314573
"Mir218-1",110,110,0
"Pacrgl",16365,1464,14901
"Kcnip4",1135620,14455,1121165
"5730480H06Rik",18722,1735,16987
"Gm19031",1476,1476,0
"LOC102640573",549,549,0
"Gm5555",1207,1207,0
"LOC105244743",11807,502,11305
"Gm7988",2295,2295,0
"Gpr125",99046,4475,94571
"Gm36702",7014,391,6623
"LOC105244744",3638,2800,838
"4930448I18Rik",4760,733,4027
"Mir8117",107,107,0
"LOC105244745",5096,134,4962
"Gm7205",796,796,0
"Gm36760",8198,723,7475
"Gm36814",41062,1067,39995
"Gm4962",2910,2910,0
"LOC105244767",482,482,0
"Gm29924",5517,1725,3792
"Ppargc1a",661710,7712,653998
"LOC105244746",10053,5013,5040
"Mir6417",116,116,0
"Dhx15",40344,3755,36589
"9230114K14Rik",7304,2118,5186
"C130083M11Rik",16450,2071,14379
"Sod3",5935,2045,3890
"Ccdc149",97375,3832,93543
"Gm3519",2273,1855,418
"Lgi2",32946,6528,26418
"Gm5866",1059,1059,0
"8030423F21Rik",11462,2850,8612
"Gm30178",1189,730,459
"Sepsecs",26364,2679,23685
"Pi4k2b",27788,3228,24560
"Zcchc4",41626,3850,37776
"Anapc4",32617,2758,29859
"Gm30241",1962,1108,854
"5033403H07Rik",19281,479,18802
"Gm30301",22879,4659,18220
"Gm17182",1446,804,642
"Slc34a2",22462,4325,18137
"Sel1l3",106370,4640,101730
"Gm30464",15494,2031,13463
"Gm30519",7366,576,6790
"LOC105244747",2843,1502,1341
"Smim20",11435,954,10481
"Rbpj",191329,7730,183599
"LOC105244748",934,766,168
"Cckar",9220,2929,6291
"Tbc1d19",99641,7697,91944
"LOC105244749",23413,3303,20110
"Gm30601",1399,1115,284
"Stim2",122613,5012,117601
"Gm10440",8551,2751,5800
"Gm18451",8167,8167,0
"Gm8069",630,630,0
"Gm15975",1760,1760,0
"Gm8085",1760,1760,0
"Gm20223",73171,860,72311
"Gm30778",17869,1308,16561
"Gm3283",1414,1414,0
"Gm8115",689,689,0
"Gm18901",1353,1353,0
"Gm6615",632,632,0
"4932441J04Rik",147836,726,147110
"Gm8121",773,773,0
"Pcdh7",416780,12898,403882
"Gm17977",666,666,0
"4930459L07Rik",9760,419,9341
"LOC105244751",6724,445,6279
"Gm6632",981,981,0
"4933402J10Rik",22884,1176,21708
"Cbfa2t2-ps1",820,820,0
"Gm3372",1818,1818,0
"Gm8182",857,857,0
"LOC105244752",14061,199,13862
"LOC105244753",9922,465,9457
"G6pd2",1635,1635,0
"Gm18344",723,723,0
"Arap2",163733,7718,156015
"Dthd1",74496,2437,72059
"Gm30837",62247,457,61790
"Nwd2",161444,9962,151482
"LOC105244754",4370,4370,0
"0610040J01Rik",87658,2545,85113
"Rell1",80234,5397,74837
"5830416I19Rik",5254,2630,2624
"Pgm1",35525,5464,30061
"Tbc1d1",195177,6994,188183
"Gm15824",2419,2419,0
"LOC102642791",2314,2266,48
"Gm6044",741,741,0
"Gm31216",12815,1195,11620
"Gm31363",7220,899,6321
"1700027F09Rik",13130,766,12364
"C030018K13Rik",6960,1522,5438
"Gm31423",5898,1515,4383
"Gm3716",16837,2872,13965
"Gm31484",11672,1303,10369
"Gm26761",5944,4655,1289
"LOC105244755",33441,1221,32220
"LOC102634072",2477,2387,90
"Klf3",29379,5264,24115
"Gm31684",2913,2154,759
"Gm31889",8722,2200,6522
"Gm21011",1610,1610,0
"Tlr1",8910,3550,5360
"Tlr6",19144,4498,14646
"Fam114a1",71827,2949,68878
"Mir574",78,78,0
"Tmem156",112230,4405,107825
"Gm32374",28321,2975,25346
"Klhl5",60660,9495,51165
"Wdr19",60758,6326,54432
"Rfc1",74625,5560,69065
"Klb",35610,3456,32154
"Rpl9",3068,725,2343
"Lias",17712,1673,16039
"Ugdh",22636,2517,20119
"Smim14",90336,6228,84108
"Ube2k",61752,4889,56863
"LOC105244756",457,249,208
"Pds5a",90040,8895,81145
"N4bp2",68382,11118,57264
"LOC102634968",21014,1384,19630
"Rhoh",35302,5638,29664
"Gm32474",2361,2174,187
"Gm32556",5714,1738,3976
"Chrna9",42797,4490,38307
"LOC102635219",1013,667,346
"9130230L23Rik",16358,1454,14904
"LOC105244757",2053,1336,717
"Rbm47",135406,8600,126806
"LOC102635521",63115,723,62392
"1700126H18Rik",24729,404,24325
"LOC105244758",1527,1319,208
"Gm15794",7912,636,7276
"Nsun7",40106,8475,31631
"Apbb2",320093,9964,310129
"Gm32964",7087,5607,1480
"Uchl1os",50003,1684,48319
"Uchl1",11114,1147,9967
"LOC105244760",5121,3341,1780
"Limch1",311320,10352,300968
"Gm6517",7528,7528,0
"Gm21047",1246,1246,0
"Gm33040",2396,1935,461
"Phox2b",4730,2840,1890
"Gm33167",42542,3365,39177
"Gm33293",11017,1735,9282
"LOC105244761",6433,989,5444
"Tmem33",30897,6404,24493
"Slc30a9",49898,4120,45778
"Bend4",36104,8216,27888
"Gm33345",12503,662,11841
"Gm26756",3576,2047,1529
"LOC105244762",6816,555,6261
"LOC102636357",462,462,0
"C330024D21Rik",14002,3739,10263
"Shisa3",6105,3754,2351
"Atp8a1",229349,8970,220379
"4930425K10Rik",9470,741,8729
"Gm5108",35402,543,34859
"Grxcr1",134564,1071,133493
"Gm35703",16607,1360,15247
"Kctd8",232425,2889,229536
"Gm5867",751,751,0
"Yipf7",25978,1219,24759
"Guf1",16723,4076,12647
"Gnpda2",17335,4552,12783
"Gabrg1",92462,8589,83873
"Gabra2",134813,2958,131855
"Cox7b2",105383,543,104840
"Gabra4",88580,4128,84452
"Gabrb1",491517,14346,477171
"LOC102641529",20819,768,20051
"Gm15617",810,810,0
"Gm15616",999,999,0
"Commd8",11608,4168,7440
"Atp10d",95443,6048,89395
"Corin",204593,5259,199334
"LOC102637094",597,597,0
"Nfxl1",46407,3735,42672
"Zar1",4249,2928,1321
"Gm5868",5912,1380,4532
"Cnga1",39057,2818,36239
"Gm5297",1280,1280,0
"Nipal1",23283,4205,19078
"Txk",57015,2658,54357
"Tec",113023,3126,109897
"Slain2",64480,4873,59607
"Slc10a4",6052,2085,3967
"Zar1",3088,2928,160
"Fryl",236455,12859,223596
"1700071G01Rik",2362,1858,504
"Gm35871",8287,4647,3640
"1700025M24Rik",15605,770,14835
"LOC105244764",3352,372,2980
"Ociad1",21306,4506,16800
"Ociad2",17157,2917,14240
"Gm34496",15073,660,14413
"Gm34583",21861,6651,15210
"Gm35960",9566,725,8841
"Cwh43",47385,2981,44404
"LOC100862249",5174,1170,4004
"Dcun1d4",79768,7258,72510
"Lrrc66",25780,3929,21851
"Sgcb",14983,3727,11256
"Gm34902",856,552,304
"Spata18",28105,2239,25866
"Gm34960",7150,2325,4825
"1700019F05Rik",7529,536,6993
"Usp46",69686,6073,63613
"LOC102634340",2676,1929,747
"Dancr",1254,1036,218
"Snora26",121,121,0
"Gm32002",4602,3801,801
"Rasl11b",4152,1768,2384
"Scfd2",326927,6048,320879
"Gm32064",50335,9102,41233
"Fip1l1",63435,4943,58492
"Lnx1",110596,3947,106649
"Gm32304",10694,4855,5839
"Gm15984",26147,2788,23359
"Gm17906",778,778,0
"Gm6116",17175,1433,15742
"Chic2",38203,1115,37088
"Gm18593",1547,1547,0
"Gsx2",2293,1665,628
"Gm2040",417,417,0
"Gm19583",36787,1366,35421
"Olfr1401-ps1",210,210,0
"Pdgfra",46811,7957,38854
"Mir7025",74,74,0
"Gm18345",1449,1449,0
"Kit",81736,5182,76554
"Gm32558",12948,3082,9866
"Kdr",46248,5913,40335
"Gm32727",38711,3874,34837
"Gm32780",15266,528,14738
"Gm6051",566,566,0
"Srd5a3",15231,1884,13347
"Gm33832",5844,2984,2860
"Gm33938",13996,9560,4436
"Tmem165",25365,1896,23469
"Apc-ps1",1240,1240,0
"Clock",95140,10246,84894
"Ube2n-ps1",1213,1213,0
"Gm7467",651,651,0
"Pdcl2",19046,1197,17849
"4930432L08Rik",9334,1957,7377
"Nmu",30283,817,29466
"Gm34175",5144,630,4514
"Gm7271",32552,817,31735
"Exoc1",40988,3396,37592
"Cep135",59218,8094,51124
"A730089K16Rik",3755,3755,0
"C530008M17Rik",215778,8529,207249
"LOC105246906",4431,868,3563
"Gm34369",4238,2013,2225
"Aasdh",31860,6956,24904
"Ppat",38330,4008,34322
"LOC105246905",10170,1184,8986
"LOC105246904",8780,5494,3286
"Paics",16193,2476,13717
"Srp72",25235,3605,21630
"Arl9",8155,1132,7023
"1700112J05Rik",12422,800,11622
"1700023E05Rik",45519,2111,43408
"Hopx",28138,1510,26628
"Hopxos",3484,391,3093
"LOC105246907",6924,1901,5023
"LOC105246908",3688,2042,1646
"Gm34598",13077,1423,11654
"Spink2",11155,930,10225
"Gm19060",669,669,0
"Rest",20939,7537,13402
"Mir5098",82,82,0
"Noa1",15990,2500,13490
"Polr2b",38845,3812,35033
"Igfbp7",58806,1213,57593
"Gm34648",18002,11289,6713
"1700017L05Rik",3402,298,3104
"Pea15b",965,965,0
"Gm31049",8116,1478,6638
"Gm34912",15236,823,14413
"Mthfr-ps1",1260,1260,0
"Gm18452",1088,1088,0
"Gm2199",1020,1020,0
"Gm18634",647,647,0
"Lphn3",806627,15712,790915
"LOC105246909",10642,6359,4283
"1700031L13Rik",2019,538,1481
"Rpl7-ps7",871,871,0
"Mir1187",122,122,0
"Tecrl",77074,2373,74701
"Gm2337",564,564,0
"Gm4866",590,590,0
"Epha5",363058,8876,354182
"Hmgn2-ps1",1174,1174,0
"LOC105246975",50181,874,49307
"Gm20104",1011,1011,0
"Gm21006",5003,5003,0
"Gm35251",4674,407,4267
"Gm35313",4293,718,3575
"Cenpc1",54002,3663,50339
"Stap1",33200,3714,29486
"Uba6",62024,5097,56927
"Gnrhr",15903,1237,14666
"Tmprss11c",57828,1615,56213
"Tmprss11d",70534,2046,68488
"Gm35367",52763,274,52489
"Tmprss11a",58766,2826,55940
"Tmprss11g",32724,2872,29852
"Tmprss11f",111199,5337,105862
"Tmprss11b",16777,2216,14561
"Tmprss11e",40622,3408,37214
"Ythdc1",32680,4992,27688
"Gm21461",3171,883,2288
"Ugt2b34",17168,3048,14120
"Ugt2b1",9865,2545,7320
"Gm20121",2430,2430,0
"Gm7631",15004,15004,0
"Gm5869",1324,1324,0
"Ugt2b35",12415,3358,9057
"Gm18635",779,779,0
"Ugt2b36",26629,1888,24741
"Gm31230",3791,949,2842
"Ugt2b5",15395,1894,13501
"Gm5717",13002,13002,0
"Gm19418",26444,1875,24569
"Ugt2b37",14297,1879,12418
"Gm7646",21756,1689,20067
"Ugt2a3",12224,2117,10107
"LOC102639104",13996,1846,12150
"Gm35570",2295,2295,0
"Gm21049",3763,3763,0
"Gm2439",8314,1610,6704
"Ugt2b38",14265,1894,12371
"Ugt2a1",31382,2570,28812
"Ugt2a2",22766,2536,20230
"Sult1b1",24857,2827,22030
"Sult1d1",14357,2394,11963
"Sult1e1",15644,1260,14384
"Mir3969",92,92,0
"Gm21043",1398,1398,0
"Csn1s1",16371,1436,14935
"Csn2",6811,1148,5663
"Csn1s2a",14231,920,13311
"Csn1s2b",16301,766,15535
"Prr27",20690,1325,19365
"Gm7337",2654,2654,0
"Odam",9150,1419,7731
"1700066N21Rik",70764,774,69990
"BC037156",5393,430,4963
"Csn3",6971,1842,5129
"BC051076",8731,3368,5363
"Smr3a",39031,860,38171
"Cabs1",2091,1490,601
"Gm7709",1851,1851,0
"Smr2",22498,813,21685
"LOC105246976",49080,452,48628
"Gm7048",2096,2096,0
"Gm7714",13917,685,13232
"1700041A01Rik",9663,369,9294
"Prol1",11506,1166,10340
"Amtn",9809,1022,8787
"Gm7721",546,546,0
"Ambn",12541,1919,10622
"Enam",18075,5493,12582
"Igj",8089,2102,5987
"Utp3",1601,1601,0
"LOC105246910",1422,365,1057
"Rufy3",86638,7762,78876
"Grsf1",16939,2839,14100
"Mob1b",37585,3171,34414
"Dck",18265,3057,15208
"Mkrn1-ps1",1601,1601,0
"Slc4a4",352410,7620,344790
"Gm35855",2659,733,1926
"LOC105246911",163573,1064,162509
"Gc",40388,1812,38576
"Gm6366",906,906,0
"Npffr2",57338,2418,54920
"Gm7056",6176,3093,3083
"Adamts3",209829,8059,201770
"LOC105246974",1007,1007,0
"Eif5al3-ps",1132,1132,0
"Gm35936",7056,166,6890
"Cox18",9273,1335,7938
"Ankrd17",140680,13636,127044
"Gm9958",1492,1492,0
"Gm35999",24299,1176,23123
"Alb",15715,2043,13672
"Afp",18194,2086,16108
"Afm",34596,2022,32574
"Gm2602",576,576,0
"5830473C10Rik",37385,3216,34169
"LOC105246912",10828,1592,9236
"Rassf6",38863,3609,35254
"Gm36084",14310,1021,13289
"Cxcl5",2328,1656,672
"Ppbp",1543,1080,463
"Pf4",949,588,361
"Cxcl3",1993,1018,975
"Cxcl15",8534,2127,6407
"Cxcl1",1877,955,922
"Cxcl2",2040,1083,957
"Mthfd2l",90173,2480,87693
"Epgn",7696,1704,5992
"LOC102639958",35593,1325,34268
"Ereg",19033,4136,14897
"Areg",8818,1199,7619
"Gm19619",25506,2856,22650
"Btc",45734,2876,42858
"LOC105246913",25578,1064,24514
"Parm1",106312,2100,104212
"Gm36222",24905,2385,22520
"Trmt112-ps1",584,584,0
"Gm7832",1462,1462,0
"1700063O14Rik",1059,492,567
"Gm19649",1243,1243,0
"Gm5558",740,740,0
"Gm36303",19572,1433,18139
"Gm36357",48052,2112,45940
"4930570G05Rik",2409,715,1694
"Rchy1",14383,2616,11767
"Thap6",9256,3673,5583
"Gm1045",7845,759,7086
"Cdkl2",37833,8276,29557
"G3bp2",85591,4933,80658
"LOC105246915",257,190,67
"LOC105246914",3576,2430,1146
"Uso1",64892,3953,60939
"Gm15710",732,732,0
"U90926",5514,522,4992
"LOC105246917",2581,925,1656
"LOC105246916",7446,337,7109
"Ppef2",30210,4060,26150
"Naaa",20522,2424,18098
"Sdad1",26015,5020,20995
"Cxcl9",6749,2905,3844
"Art3",82830,2354,80476
"Cxcl10",2252,1101,1151
"Cxcl11",3753,1605,2148
"Gm2673",1599,1599,0
"Nup54",19726,2911,16815
"LOC105246918",1177,567,610
"Scarb2",61736,2110,59626
"Mir6415",100,100,0
"Fam47e",36335,2292,34043
"Stbd1",3529,1985,1544
"Ccdc158",67027,3810,63217
"Shroom3",282325,8181,274144
"Mir1961",112,112,0
"LOC105246919",2745,2615,130
"Gm36764",20441,1848,18593
"Gm6450",715,715,0
"Sowahb",3900,3900,0
"Sept11",87176,9951,77225
"Ccni",24563,2900,21663
"LOC105246920",8463,8463,0
"2010109A12Rik",6957,548,6409
"LOC105246921",33545,645,32900
"Ccng2",8659,2494,6165
"LOC102634314",3856,1422,2434
"Kat2b-ps",10863,4295,6568
"Gm18118",1232,1232,0
"Gm16427",54229,1725,52504
"LOC105246977",19491,5333,14158
"C87414",36279,2739,33540
"Gm7792",60696,1694,59002
"Gm16429",4183,1755,2428
"Gm6346",2527,1239,1288
"Gm3089",36941,897,36044
"Gm6351",60364,2109,58255
"BC061212",4092,1594,2498
"Gm3106",60692,1600,59092
"A430089I19Rik",4278,1848,2430
"Gm6502",2527,1239,1288
"AA792892",44572,1364,43208
"Gm31009",22556,725,21831
"BC080696",2810,1459,1351
"Gm7682",2734,1446,1288
"Gm3139",60350,2165,58185
"LOC105246922",20967,393,20574
"Gm3147",4154,1728,2426
"Gm6205",37042,1688,35354
"Gm7663",2724,1524,1200
"Gm3183",64890,1843,63047
"LOC105246923",20966,393,20573
"Gm3176",2837,1488,1349
"Gm6367",37911,2464,35447
"Gm7939",2724,1524,1200
"Gm16513",56065,2940,53125
"Gm10424",4156,1728,2428
"Gm6468",1720,897,823
"Gm3259",37653,2299,35354
"Gm32072",2734,1460,1274
"Gm7961",2724,1521,1203
"D5Ertd577e",32578,2654,29924
"Gm3286",11661,2041,9620
"Gm7971",4184,1755,2429
"Gm6348",2527,1239,1288
"Gm3302",36940,897,36043
"Gm7982",60150,2109,58041
"Gm7978",4082,1594,2488
"E330014E10Rik",28361,2198,26163
"Gm5559",1199,1199,0
"Cxcl13",4130,1162,2968
"Gm7993",1384,1384,0
"Cnot6l",93981,9162,84819
"Mrpl1",57230,4406,52824
"LOC105242564",5460,2309,3151
"Fras1",410908,15982,394926
"Gm33050",3604,2108,1496
"Gm32995",4823,1807,3016
"Anxa3",52584,1597,50987
"LOC105246924",1797,1702,95
"Gm33100",11861,1571,10290
"Gm33370",44177,8031,36146
"Gm8013",23104,1494,21610
"Bmp2k",93360,9042,84318
"Paqr3",29420,3960,25460
"Gm33609",18076,3266,14810
"Gm33911",15335,1338,13997
"Gm5560",1236,1236,0
"Gm33969",22536,388,22148
"Naa11",10122,3364,6758
"4930467D21Rik",195710,2995,192715
"Gk2",1848,1848,0
"Gm34029",6625,1373,5252
"Gm34097",24436,842,23594
"Antxr2",146275,3751,142524
"LOC105246925",3970,2248,1722
"Gm34226",11621,936,10685
"Gm8041",643,643,0
"Gm8044",1374,1374,0
"LOC105246926",3942,2517,1425
"Gm8048",1216,1216,0
"Prdm8",20257,3447,16810
"Gm34285",1901,736,1165
"Fgf5",22850,2504,20346
"1700007G11Rik",473009,1563,471446
"Mir703",109,109,0
"Gm34475",33367,1456,31911
"1700010H22Rik",4278,1169,3109
"LOC105246927",6088,641,5447
"Gm34563",21722,1464,20258
"Bmp3",29621,6284,23337
"LOC105246928",16629,4209,12420
"Prkg2",108946,6335,102611
"Gm3470",764,764,0
"LOC105246929",4191,2823,1368
"Gm19873",2268,852,1416
"Rasgef1b",35508,2996,32512
"Gm35394",5863,4512,1351
"A930011G23Rik",431817,3354,428463
"Gm35314",13425,6760,6665
"LOC105246931",7790,7753,37
"Gm35253",10669,5752,4917
"Gm35172",10550,9461,1089
"LOC105246930",739,563,176
"Gm16228",4357,4357,0
"LOC102638465",11664,5240,6424
"Gm34913",2929,2866,63
"LOC105242419",9024,1869,7155
"Gm16226",16825,2198,14627
"LOC330133",23463,8540,14923
"LOC105246932",2781,436,2345
"Gm35911",28879,2216,26663
"Hnrnpd",23081,7056,16025
"LOC105246933",8624,6014,2610
"Hnrnpdl",6374,4599,1775
"Enoph1",28932,2041,26891
"Tmem150c",87733,4866,82867
"Tmem150cos",17312,1340,15972
"Gm36167",4216,3431,785
"2310034O05Rik",7358,1107,6251
"Gm36304",2145,670,1475
"Gm8091",75098,75098,0
"LOC105246935",10315,1324,8991
"LOC105246934",483,230,253
"Sec31a",54586,4529,50057
"5430416N02Rik",8694,626,8068
"Lin54",58617,5264,53353
"Gm19620",479,479,0
"Cops4",29494,2005,27489
"LOC105246936",2231,2185,46
"Plac8",18480,1642,16838
"Coq2",19563,1744,17819
"Hpse",40198,3082,37116
"Gm36619",27187,1147,26040
"Helq",36520,4022,32498
"Mrps18c",5709,502,5207
"Fam175a",40415,2746,37669
"Agpat9",53393,3305,50088
"Gm36793",3705,920,2785
"Gm36740",7977,606,7371
"Gm36851",13663,4470,9193
"Gm3032",3916,1312,2604
"Cycs-ps2",458,458,0
"LOC105246937",3004,264,2740
"Gm29982",12827,559,12268
"LOC105246938",6885,2521,4364
"Nkx6-1",5528,1808,3720
"LOC105246939",1942,905,1037
"9430085M18Rik",33368,2077,31291
"LOC105246940",19858,1147,18711
"Gm32430",2300,1493,807
"Cds1",58729,3924,54805
"Wdfy3",239172,16058,223114
"LOC105246941",8909,814,8095
"Gm29707",3750,2681,1069
"LOC105246942",2174,277,1897
"Gm17978",763,763,0
"Arhgap24",690740,5395,685345
"Gm6622",8982,808,8174
"Gm30396",15223,4120,11103
"LOC105246943",10072,6750,3322
"Mapk10",303392,7962,295430
"4930429D17Rik",68655,1624,67031
"Gm18702",624,624,0
"1700021F02Rik",1768,412,1356
"Gm30443",778,358,420
"Ptpn13",173175,8302,164873
"Slc10a6",23697,2128,21569
"1700016H13Rik",7281,1298,5983
"LOC105246944",10491,624,9867
"Aff1",162989,8822,154167
"Klhl8",49224,3294,45930
"LOC105246945",532,499,33
"Hsd17b13",21947,2129,19818
"Hsd17b11",32032,1699,30333
"Nudt9",18856,1797,17059
"Mir5619",61,61,0
"Gm17660",7549,524,7025
"Sparcl1",34981,3295,31686
"LOC330143",5754,5093,661
"LOC105246946",6130,5336,794
"Gm3157",1747,1747,0
"Dspp",9416,4431,4985
"Dmp1",16552,3118,13434
"Gm31048",7596,1267,6329
"Ibsp",12186,1955,10231
"Mepe",13283,1682,11601
"Spp1",5943,1658,4285
"Pkd2",48596,7445,41151
"BC005561",14032,5181,8851
"D930016D06Rik",28477,3809,24668
"Zfp33b",13748,3555,10193
"Gm31255",38540,11126,27414
"LOC105243594",1452,1452,0
"Gm20385",30514,3095,27419
"LOC102633893",48112,1310,46802
"Gm31526",4021,2210,1811
"Gm19949",333,333,0
"Gm8258",3628,3628,0
"LOC102642451",7482,5805,1677
"Zfp951",46901,2903,43998
"LOC105246947",1583,1531,52
"Gm29714",802,732,70
"Gm29716",52376,2447,49929
"Abcg3",47746,3187,44559
"Gm5870",519,519,0
"Gbp8",41097,4396,36701
"Gbp9",33888,5622,28266
"Gbp4",23864,5282,18582
"Gm9640",24445,1675,22770
"Gm31785",19938,833,19105
"Gbp10",23835,3528,20307
"Gbp6",25169,5592,19577
"Gbp11",23447,2708,20739
"Gm26519",5739,2262,3477
"Gm32051",4575,1011,3564
"4930542N06Rik",2022,1255,767
"Lrrc8b",74297,6949,67348
"LOC105246948",1508,926,582
"LOC105246951",2917,916,2001
"LOC105246950",483,259,224
"LOC105246949",5243,3545,1698
"Lrrc8c",93633,7069,86564
"Gm32230",3688,697,2991
"Gm32276",11234,2376,8858
"LOC105246978",7061,3936,3125
"Lrrc8d",115247,6576,108671
"Rps15a-ps5",473,473,0
"D830014E11Rik",5343,2245,3098
"Gm10359",1199,1199,0
"Zfp326",39251,4471,34780
"LOC105246979",5751,2608,3143
"Gm19566",1214,1214,0
"Gm32736",17179,2797,14382
"Gm5987",1759,1623,136
"LOC101055736",634,634,0
"Gm32973",27156,2082,25074
"Gm32921",1882,814,1068
"4930458A03Rik",20310,721,19589
"Gm33101",2879,2377,502
"Barhl2",5644,2314,3330
"Gm33151",1155,601,554
"Gm28050",15075,923,14152
"Gm33283",8944,3942,5002
"Gm8350",21175,4644,16531
"LOC105246952",20138,7262,12876
"Gm17937",705,705,0
"Zfp644",80092,14665,65427
"Gm8365",851,851,0
"Gm33327",12753,1331,11422
"Hfm1",86379,6131,80248
"Olfr719-ps",213,213,0
"Cdc7",20126,3249,16877
"Gm33371",3892,2871,1021
"Gm33474",30146,4136,26010
"LOC105246953",8751,1158,7593
"Tgfbr3",183026,6053,176973
"Gm33692",23975,3168,20807
"Brdt",55971,6936,49035
"Gm17202",61549,3403,58146
"Ephx4",26523,1538,24985
"Lpcat2b",3491,2782,709
"Btbd8",53600,1134,52466
"Gm33885",10531,1492,9039
"Gm9727",807,807,0
"A830010M20Rik",14812,6756,8056
"1700028K03Rik",16832,3253,13579
"Glmn",48922,2211,46711
"Rpap2",64481,4140,60341
"A930041C12Rik",3601,537,3064
"4930428O21Rik",5269,1740,3529
"Gfi1",9377,3681,5696
"A430072P03Rik",3607,1191,2416
"LOC105246954",3636,3589,47
"Evi5",130313,8981,121332
"Ube2d2b",1616,1616,0
"LOC105246956",2954,356,2598
"LOC105246955",837,837,0
"Rpl5",8478,2019,6459
"Fam69a",79036,2724,76312
"Gm34001",25436,4060,21376
"LOC105246957",11385,1473,9912
"Rps19-ps8",477,477,0
"Mtf2",43551,7041,36510
"Tmed5",10999,3894,7105
"Ccdc18",100333,6245,94088
"Gm7118",1903,1224,679
"Gm8190",1320,1320,0
"Dr1",11625,3080,8545
"Pigg",36577,4403,32174
"LOC105246958",6070,2843,3227
"Gm10419",6554,5536,1018
"Pde6b",43371,2817,40554
"Gm34254",3541,1661,1880
"Gm34204",4961,300,4661
"Atp5k",1126,292,834
"Gm34319",6889,1113,5776
"Mfsd7a",9209,3879,5330
"Pcgf3",41885,4408,37477
"Gm10086",462,462,0
"Cplx1",31474,2192,29282
"Gak",60671,5449,55222
"Tmem175",17970,3548,14422
"Dgkq",13785,5095,8690
"Idua",25116,5070,20046
"Slc26a1",8128,5044,3084
"LOC105246959",10260,952,9308
"Fgfrl1",12722,2656,10066
"Rnf212",47006,2370,44636
"1700047L14Rik",5077,515,4562
"Tmed11",18129,763,17366
"Vmn2r8",11562,2547,9015
"Gm18594",1403,1403,0
"Vmn2r9",9564,2547,7017
"Vmn2r-ps21",19139,19139,0
"Gm18971",503,503,0
"Gm18595",3090,3090,0
"Vmn2r10",10898,2544,8354
"Gm5871",771,771,0
"Vmn2r11",12580,2586,9994
"Vmn2r12",12016,2496,9520
"Vmn2r13",36040,2496,33544
"Vmn2r14",9121,2547,6574
"Gm8473",1654,1654,0
"Vmn2r15",11288,2568,8720
"Vmn2r16",34101,2553,31548
"Gm7171",1434,1434,0
"Vmn2r17",33375,2550,30825
"Gm18555",578,578,0
"Gm8488",1769,1769,0
"Gm34707",788,593,195
"Gm8493",4044,2371,1673
"Crlf2",4309,1615,2694
"Vmn2r-ps22",7040,7040,0
"Vmn2r-ps23",153426,153426,0
"4930522L14Rik",119221,7790,111431
"LOC102638322",1916,1916,0
"LOC105246960",3553,2220,1333
"Gm10416",642,642,0
"Gm35089",7210,1666,5544
"LOC105246961",18412,3778,14634
"Gm26779",5232,876,4356
"Gm26808",642,220,422
"Gm15446",8148,1551,6597
"Zfp932",13885,2075,11810
"Gm17655",1410,1410,0
"Gm35315",17386,3669,13717
"Plcxd1",6729,4135,2594
"Gtpbp6",4222,2250,1972
"Zfp605",20488,4327,16161
"LOC102639044",1280,1280,0
"Chfr",36215,3771,32444
"Gm15787",8997,1395,7602
"Golga3",49812,8444,41368
"LOC105246962",3126,265,2861
"Ankle2",25648,5259,20389
"Pgam5",10765,2079,8686
"Pxmp2",11883,1041,10842
"Pole",51135,7129,44006
"P2rx2",3635,2436,1199
"Lrcol1",11588,1074,10514
"Fbrsl1",87483,8163,79320
"Gm29766",2081,2081,0
"Gm32996",4779,1348,3431
"A630023P12Rik",11058,646,10412
"Galnt9",77034,3030,74004
"Noc4l",4964,2039,2925
"Ddx51",7063,4863,2200
"Ep400",106377,11685,94692
"Mir7026",67,67,0
"Pus1",7390,2328,5062
"Gm26515",1173,823,350
"Ulk1",25630,5748,19882
"Hscb",10733,834,9899
"Chek2",34350,3273,31077
"Ttc28",409997,11802,398195
"Gm35973",13778,487,13291
"LOC105246963",1607,1559,48
"Mir701",109,109,0
"Gm35684",4844,4694,150
"Gm35628",774,482,292
"Pitpnb",57665,2829,54836
"Gm36027",5861,4598,1263
"Mn1",38860,6128,32732
"LOC105246965",2898,940,1958
"LOC105246964",3475,3016,459
"Gm36149",1742,867,875
"Gm36223",2996,1875,1121
"Gm36274",4913,1388,3525
"C130026L21Rik",5593,1838,3755
"Gm36386",4794,2037,2757
"Gm36434",2914,2218,696
"Gm36481",3805,483,3322
"E130006D01Rik",27445,931,26514
"Gm36535",13933,4523,9410
"Gm29935",5967,1940,4027
"Gm36794",52179,3614,48565
"Gm36880",8882,3017,5865
"LOC105246966",3098,316,2782
"Gm30032",18847,3411,15436
"1700016B01Rik",9045,307,8738
"1700028D13Rik",3240,716,2524
"Miat",15721,8760,6961
"Cryba4",17064,1164,15900
"Crybb1",15106,1962,13144
"Tpst2",38675,2230,36445
"LOC105246967",4827,2543,2284
"Tfip11",11705,3549,8156
"Srrd",5725,1281,4444
"Hps4",35369,3382,31987
"Gm6583",2261,2261,0
"LOC105246968",644,532,112
"LOC105246969",5497,5041,456
"Asphd2",11026,5153,5873
"Sez6l",158892,6927,151965
"Gm6588",2313,2313,0
"LOC105246971",2506,784,1722
"LOC105246970",15716,5781,9935
"1700034G24Rik",7061,1081,5980
"Gm30529",36709,2498,34211
"Myo18b",207584,8460,199124
"1700095B10Rik",8410,1047,7363
"Adrbk2",105474,7267,98207
"Crybb2",11854,1074,10780
"Crybb3",6395,1604,4791
"2900026A02Rik",134965,11870,123095
"LOC105246973",2440,1859,581
"LOC105246972",5102,3689,1413
"Tmem211",13315,3996,9319
"Sgsm1",67568,6652,60916
"Mir7229",53,53,0
"Mir7230",56,56,0
"1700016C19Rik",7244,4908,2336
"Aym1",528,528,0
"Gm30812",13935,2065,11870
"Wscd2",99279,496,98783
"LOC105246760",7771,1537,6234
"Cmklr1",38096,3387,34709
"Gm15736",2652,2023,629
"1700069L16Rik",32349,704,31645
"LOC105246761",5920,596,5324
"Ficd",4931,3422,1509
"Sart3",30062,4622,25440
"Gm3511",315,315,0
"Iscu",5471,887,4584
"Tmem119",6630,2172,4458
"LOC105246762",14394,1813,12581
"Gm19931",707,707,0
"Selplg",14841,2817,12024
"Coro1c",66268,3436,62832
"LOC105246763",1183,1091,92
"Ssh1",56662,9078,47584
"Dao",26040,2190,23850
"Svop",64511,3396,61115
"Gm16108",25619,2252,23367
"Usp30",23183,3534,19649
"Gm17833",994,994,0
"Alkbh2",6621,1536,5085
"Ung",8962,2813,6149
"Acacb",104444,10117,94327
"Foxn4",20435,3839,16596
"Myo1h",75678,5153,70525
"Kctd10",16961,3623,13338
"Ube3b",40560,5224,35336
"Mir7027",72,72,0
"Mmab",13040,3033,10007
"Mvk",16335,1783,14552
"Gm34722",1234,742,492
"Gm13790",7680,1773,5907
"Fam222a",44970,3297,41673
"Gm34844",6710,1559,5151
"Trpv4",36284,3294,32990
"Gltp",21446,1621,19825
"Gm34931",10837,1094,9743
"Tchp",14563,3380,11183
"Mir7028",64,64,0
"Git2",46113,5215,40898
"4930515G01Rik",1251,1251,0
"Ankrd13a",31109,3683,27426
"1500011B03Rik",5781,1739,4042
"LOC105246764",1941,1941,0
"2610524H06Rik",1532,945,587
"Ywhaq-ps2",710,710,0
"LOC105246765",9683,9683,0
"Mir6240",117,117,0
"4930519G04Rik",31470,4828,26642
"Gm9936",4347,4347,0
"Oasl2",15312,3136,12176
"LOC105246766",4975,514,4461
"Oasl1",14723,2252,12471
"2210016L21Rik",6382,1372,5010
"Hnf1a",22083,3255,18828
"Hnf1aos1",29282,2121,27161
"Sppl3",87267,2817,84450
"Gm35015",1012,918,94
"Rpl37rt",7347,753,6594
"Acads",9048,1870,7178
"Unc119b",12410,3643,8767
"Mlec",15196,5952,9244
"Gm35465",9402,5080,4322
"Cabp1",25686,4048,21638
"Gm35515",10796,1284,9512
"Pop5",5122,991,4131
"Rnf10",31126,3168,27958
"Coq5",17309,2039,15270
"Dynll1",3881,2021,1860
"LOC105246767",1336,1092,244
"Gm13830",10382,5811,4571
"Srsf9",5924,1272,4652
"Gatc",7920,1777,6143
"Triap1",2306,1049,1257
"Cox6a1",3302,533,2769
"4930401G09Rik",11035,2071,8964
"Msi1",96616,3945,92671
"LOC102639568",8959,875,8084
"Pla2g1b",8477,577,7900
"Sirt4",12045,2695,9350
"LOC105246768",2220,741,1479
"LOC102639758",3523,681,2842
"Pxn",49314,5539,43775
"Gm13840",4459,4030,429
"Rplp0",4263,1360,2903
"Gcn1l1",57436,8590,48846
"Mir7029",61,61,0
"1110006O24Rik",768,768,0
"Rab35",15277,2268,13009
"Mir7030",60,60,0
"Ccdc64",83470,4900,78570
"Gm36103",2994,2865,129
"Gm13841",647,647,0
"Cit",163363,12099,151264
"LOC105246769",5801,1929,3872
"Gm36185",5006,2662,2344
"Prkab1",10918,2130,8788
"Tmem233",42715,702,42013
"C330018A13Rik",5275,1377,3898
"Ccdc60",163418,2646,160772
"Gm36552",13988,3066,10922
"Gm36502",6004,2952,3052
"B230112J18Rik",5916,596,5320
"Hspb8",14370,1812,12558
"Gm36841",6339,2535,3804
"LOC105246770",2910,609,2301
"Srrm4os",26766,3358,23408
"Srrm4",153291,9131,144160
"Gstm2-ps1",1125,1125,0
"Gm29843",1596,1184,412
"Gm29926",5405,1956,3449
"LOC105246771",4340,372,3968
"Gm29972",16500,218,16282
"Gm30028",19944,2174,17770
"Gm7478",15886,1005,14881
"LOC105246772",11566,271,11295
"Suds3",24316,2422,21894
"Taok3",155108,6805,148303
"Pebp1",4914,1182,3732
"Gm3786",380,380,0
"Vsig10",36411,4724,31687
"LOC105246773",1667,814,853
"Wsb2",21285,2408,18877
"Rfc5",9879,1730,8149
"LOC102632031",2354,1486,868
"Ksr2",361235,14793,346442
"LOC105246774",3754,2920,834
"Nos1",177844,10957,166887
"Gm30360",22121,2843,19278
"Gm26995",1465,516,949
"Fbxo21",33467,3954,29513
"Tesc",34131,1031,33100
"LOC105246775",1755,848,907
"Fbxw8",90478,4978,85500
"Gm30466",3839,3752,87
"Gm30522",3886,1046,2840
"Hrk",19715,5366,14349
"Rnft2",54378,8684,45694
"2410131K14Rik",17888,2670,15218
"Gm30604",7765,3454,4311
"Gm30657",17186,2746,14440
"Gm30746",1036,279,757
"Gm15754",4057,1892,2165
"Med13l",204733,9336,195397
"LOC105246776",18937,2449,16488
"4930413E15Rik",8923,1290,7633
"Gm30895",21668,1972,19696
"Gm31034",11173,1356,9817
"1700081H04Rik",6308,1126,5182
"Gm31129",4758,1398,3360
"Gm7538",5706,1519,4187
"Gm31190",20174,1050,19124
"LOC105246777",4528,3368,1160
"Gm31314",55834,2214,53620
"AW549542",10230,1769,8461
"Tbx3os1",73355,1370,71985
"LOC105242420",684,464,220
"Gm16063",8521,1699,6822
"LOC105246778",13298,633,12665
"Tbx3",14565,5539,9026
"Tbx3os2",6131,1352,4779
"LOC105246779",2499,223,2276
"Tbx5",88706,5638,83068
"Gm5563",29353,11942,17411
"Gm31773",519,269,250
"LOC102641385",4204,923,3281
"LOC105246780",2791,673,2118
"LOC105246781",3734,3241,493
"Rbm19",82459,3952,78507
"Gm10390",18168,3977,14191
"Gm31836",13204,2589,10615
"Gm27199",12117,631,11486
"Gm31976",7887,1306,6581
"Lhx5",9572,2736,6836
"Sdsl",14699,1573,13126
"Sds",8389,2471,5918
"Plbd2",19731,3595,16136
"Slc8b1",22857,2905,19952
"Tpcn1",54543,4854,49689
"Iqcd",21184,3841,17343
"LOC105242431",5717,1442,4275
"LOC102634462",4546,1583,2963
"Rita1",3532,1668,1864
"Ddx54",15486,3954,11532
"Ccdc42b",5901,921,4980
"Rasal1",31571,4156,27415
"Dtx1",31467,4044,27423
"Oas2",19552,5233,14319
"Oas3",24562,4718,19844
"Oas1e",9219,1715,7504
"Oas1c",12347,2317,10030
"Oas1b",11529,1840,9689
"Oas1f",10620,1480,9140
"Oas1h",12085,2653,9432
"Oas1g",11472,2069,9403
"Oas1a",11288,1949,9339
"Gm7573",18685,18685,0
"Oas1d",6831,1735,5096
"Rph3a",69604,4796,64808
"Gm32185",2375,462,1913
"Ptpn11",60865,5611,55254
"Rpl6",4741,1269,3472
"Gm15800",149239,16566,132673
"Trafd1",14756,3598,11158
"LOC105246782",8233,1631,6602
"Naa25",44609,5812,38797
"Erp29",7722,1243,6479
"Tmem116",42713,1451,41262
"Adam1b",2884,2884,0
"Adam1a",3092,3092,0
"Mapkapk5",20842,2208,18634
"Aldh2",26138,2207,23931
"Acad12",20662,2420,18242
"Acad10",39485,3825,35660
"Brap",26687,4205,22482
"Atxn2",103342,5640,97702
"Sh2b3",22175,5931,16244
"Mir7031",65,65,0
"Gm32422",1132,1007,125
"Fam109a",5607,2370,3237
"LOC105246783",4345,709,3636
"Cux2",192601,9763,182838
"Gm32530",27777,3698,24079
"Gm32672",6141,2774,3367
"Myl2",12493,957,11536
"Ccdc63",30029,3047,26982
"Ppp1cc",17019,2407,14612
"Hvcn1",35491,3990,31501
"Tctn1",24995,4148,20847
"1700112N08Rik",4397,890,3507
"Pptc7",39884,4611,35273
"Rad9b",31050,3912,27138
"Vps29",10605,2717,7888
"Fam216a",7380,983,6397
"Gpn3",10264,1404,8860
"Gm32853",14032,1769,12263
"Arpc3",14251,848,13403
"Anapc7",22469,2751,19718
"Atp2a2",48713,5725,42988
"LOC102635658",3093,818,2275
"Ift81",74282,3484,70798
"Gm18941",739,739,0
"Gm32988",3153,327,2826
"P2rx7",47522,5516,42006
"Mir8115",119,119,0
"Gm10064",1770,633,1137
"P2rx4",22236,2743,19493
"Camkk2",60897,8214,52683
"LOC105246784",9718,4393,5325
"Anapc5",33884,2763,31121
"Gm33044",14027,977,13050
"Rnf34",18784,1980,16804
"Kdm2b",118466,6840,111626
"Gm33118",10088,3422,6666
"A930024E05Rik",8992,1896,7096
"Gm2479",7640,1755,5885
"Orai1",15379,2315,13064
"Morn3",13645,1547,12098
"LOC105246785",3342,543,2799
"Gm6444",578,578,0
"Tmem120b",41181,2103,39078
"Rhof",14450,2143,12307
"Setd1b",27848,10271,17577
"LOC105246786",519,383,136
"LOC102636463",1897,1712,185
"Hpd",10880,1363,9517
"Psmd9",21937,2592,19345
"LOC105246787",1720,253,1467
"Wdr66",72925,3999,68926
"Rpl35a-ps6",420,420,0
"Bcl7a",29636,3896,25740
"Mlxip",63135,8118,55017
"Rpl31-ps6",430,430,0
"Il31",2486,1253,1233
"Lrrc43",18942,2107,16835
"B3gnt4",3811,2138,1673
"Diablo",12835,1939,10896
"Mir7647",59,59,0
"Vps33a",45740,5843,39897
"Clip1",106734,8852,97882
"Zcchc8",22743,4374,18369
"LOC102238518",443,443,0
"Rsrc2",20994,2548,18446
"Kntc1",71905,7616,64289
"Hcar2",1947,1947,0
"Hcar1",3285,3285,0
"Denr",21564,2401,19163
"Ccdc62",39570,4824,34746
"Hip1r",29609,4522,25087
"Gm33932",1251,1215,36
"Mir7032",79,79,0
"Vps37b",27620,2512,25108
"Gm34086",13680,304,13376
"Abcb9",34110,3524,30586
"Ogfod2",3423,2204,1219
"Arl6ip4",2088,1182,906
"Pitpnm2",131072,8343,122729
"LOC105246789",1329,800,529
"LOC105246788",8673,4921,3752
"Pitpnm2os1",7413,1618,5795
"Mphosph9",79801,9552,70249
"2810006K23Rik",13764,2880,10884
"Cdk2ap1",9190,1250,7940
"Sbno1",57310,10473,46837
"Setd8",22379,4422,17957
"Rilpl2",14971,1260,13711
"Gm15621",562,562,0
"Snrnp35",8244,1702,6542
"Rilpl1",38312,2618,35694
"Gm6046",479,479,0
"Tmed2",9713,1975,7738
"Ddx55",17117,3386,13731
"Eif2b1",8844,2362,6482
"Gtf2h3",18533,2664,15869
"Tctn2",28990,2733,26257
"Atp6v0a2",95404,1160,94244
"Dnah10",109810,14744,95066
"Ccdc92",27790,2470,25320
"Zfp664",25926,4078,21848
"Gm32449",6552,3466,3086
"LOC105244768",1849,904,945
"LOC105244769",23671,1774,21897
"Gm32529",2024,1398,626
"Fam101a",9073,1650,7423
"Ncor2",162067,10778,151289
"LOC105244770",9282,9041,241
"Gm32585",14088,818,13270
"Scarb1",64025,3350,60675
"Gm32701",17919,9189,8730
"LOC105244771",10251,1232,9019
"LOC105244772",4954,1444,3510
"Ubc",4053,2408,1645
"Dhx37",20393,5001,15392
"Bri3bp",19348,7116,12232
"LOC105244773",2361,1853,508
"Aacs",41531,3173,38358
"Tmem132b",260166,7964,252202
"LOC105244774",1649,1207,442
"Gm32811",7805,7210,595
"LOC105244775",21370,736,20634
"Gm4868",2093,1100,993
"LOC105244776",1873,826,1047
"Gm32986",14959,1731,13228
"1700048F04Rik",23872,1075,22797
"Gm7774",965,965,0
"LOC105244777",2821,986,1835
"LOC105244778",10784,1904,8880
"Gm33239",12359,4745,7614
"1700081B01Rik",42727,1231,41496
"Gm33347",5537,1197,4340
"LOC105244779",116811,7784,109027
"4933438B17Rik",57741,1163,56578
"Gm33491",37344,640,36704
"4930572K03Rik",13792,931,12861
"LOC102636581",28173,1069,27104
"Tmem132c",323965,5113,318852
"Tmem132cos",24764,869,23895
"Slc15a4",37244,3041,34203
"Glt1d1",76621,3112,73509
"Tmem132d",651449,6894,644555
"Gm33738",6304,3128,3176
"LOC102642489",6344,1332,5012
"5930412G12Rik",21558,2405,19153
"Fzd10",2988,2988,0
"Gm33931",12667,1541,11126
"LOC105242566",607,481,126
"Gm33995",3980,989,2991
"Piwil1",19405,3995,15410
"Rimbp2",195857,9140,186717
"Gm34057",3775,1113,2662
"Stx2",24044,3495,20549
"Ran",4166,2307,1859
"LOC102642556",5331,3628,1703
"Gpr133",107934,5334,102600
"Rps16-ps2",552,552,0
"Gm34145",1418,456,962
"Gm34468",4187,1271,2916
"LOC105244781",507,270,237
"LOC105244780",914,196,718
"Sfswap",70154,5842,64312
"Hpvc-ps",245,245,0
"Mmp17",24038,3529,20509
"Gm18390",6038,6038,0
"Zfp11",15494,3916,11578
"Sept14",26246,2853,23393
"Mrps17",3251,1927,1324
"Gbas",33284,2262,31022
"Psph",21696,1814,19882
"Cct6a",59088,1297,57791
"Snora15",116,116,0
"Sumf2",16962,2161,14801
"Phkg1",15649,2360,13289
"Chchd2",6310,910,5400
"Zbed5",7901,2492,5409
"Nupr1l",5250,901,4349
"Vkorc1l1",44584,4919,39665
"Gusb",14034,2682,11352
"Asl",12837,1623,11214
"LOC105244784",2981,764,2217
"Crcp",31482,1474,30008
"LOC105244785",7944,3819,4125
"Tpst1",62409,2164,60245
"Kctd7",12060,5482,6578
"Rabgef1",42552,3300,39252
"Tmem248",24022,4260,19762
"LOC102640199",2984,1279,1705
"Sbds",9732,1480,8252
"Tyw1",85996,7455,78541
"Caln1",476970,9743,467227
"LOC105244786",8865,6153,2712
"A330070K13Rik",5781,633,5148
"LOC105244787",1117,598,519
"Wbscr17",432572,4888,427684
"LOC105244788",4131,1913,2218
"Gm29681",23167,4892,18275
"Auts2",1104662,6059,1098603
"LOC102642770",1990,1943,47
"4930563F08Rik",3500,515,2985
"Gm36528",5845,533,5312
"Gm10051",492,492,0
"Gm17979",535,535,0
"Gm36667",63903,1124,62779
"Gm7902",1103,1103,0
"Gm2404",847,847,0
"LOC105244789",16750,1390,15360
"LOC105244790",3526,588,2938
"LOC105244791",26810,681,26129
"Gm15627",1182,822,360
"Gatsl2",42035,4769,37266
"Wbscr16",29244,2852,26392
"Gtf2ird2",34932,4521,30411
"Ncf1",9573,2969,6604
"Gtf2i",76929,6253,70676
"Mir3965",69,69,0
"Gm7033",1922,1922,0
"Gtf2ird1",99056,5600,93456
"Gm16020",325,325,0
"Clip2",63086,5032,58054
"Syna",19804,4181,15623
"Mir7228",39,39,0
"Rfc2",15639,1518,14121
"Lat2",19681,3807,15874
"Eif4h",19619,2575,17044
"Limk1",32617,5083,27534
"Gm10369",5611,3103,2508
"Eln",44772,4209,40563
"Gm30003",75805,2162,73643
"Wbscr28",5141,933,4208
"Cldn13",1281,1070,211
"LOC105244793",2450,1855,595
"Wbscr27",10328,3161,7167
"Cldn4",1812,1812,0
"Cldn3",1263,1263,0
"Wbscr25",13918,2075,11843
"Abhd11",3024,1772,1252
"Abhd11os",1036,500,536
"Stx1a",27618,2562,25056
"Wbscr22",11710,1914,9796
"Dnajc30",1160,1160,0
"Vps37d",5368,1807,3561
"Mlxipl",48492,4204,44288
"Tbl2",14451,5985,8466
"Bcl7b",13481,1666,11815
"Baz1b",58807,6456,52351
"LOC105244794",896,816,80
"Fzd9",2110,2110,0
"LOC105242567",8341,1254,7087
"Fkbp6",60104,2001,58103
"Trim50",16032,1907,14125
"Nsun5",6876,2396,4480
"Pom121",28594,5651,22943
"Mir7033",81,81,0
"Hip1",138802,8580,130222
"LOC105244796",10595,246,10349
"LOC105244795",4000,2129,1871
"Ccl26",3122,282,2840
"Ccl24",3186,1368,1818
"Rhbdd2",13723,4634,9089
"Gm15607",595,595,0
"Por",65287,2607,62680
"LOC105244797",1832,623,1209
"LOC102641305",890,890,0
"Tmem120a",8683,1278,7405
"Mir7034",84,84,0
"Styxl1",31191,3059,28132
"LOC105244798",3993,2612,1381
"Mdh2",11738,1282,10456
"Srrm3",67913,5649,62264
"Hspb1",1645,903,742
"Ywhag",26263,3592,22671
"LOC105244799",3644,2077,1567
"Ssc4d",14316,2843,11473
"Zp3",8520,1317,7203
"Dtx2",38082,3520,34562
"Upk3b",6498,2036,4462
"Upk3bl",19443,1769,17674
"LOC105244800",2311,499,1812
"Rasa4",27945,3230,24715
"Mir7035",82,82,0
"Polr2j",6257,586,5671
"Lrwd1",13009,2199,10810
"Alkbh4",5658,2280,3378
"Orai2",23198,4428,18770
"Prkrip1",18598,1654,16944
"Gm5050",854,854,0
"Sh2b2",28466,3534,24932
"Gm30408",5830,1302,4528
"Cux1",319356,16633,302723
"Mir721",88,88,0
"LOC105244801",24882,2118,22764
"LOC105242531",17772,10469,7303
"LOC105242534",41395,651,40744
"Myl10",7949,1018,6931
"Col26a1",141618,3677,137941
"Gm30654",9725,2727,6998
"LOC105242535",7734,2114,5620
"Ift22",6360,2865,3495
"4933404O12Rik",17964,3970,13994
"Fis1",12971,1113,11858
"Cldn15",7977,1851,6126
"Znhit1",5689,1294,4395
"Plod3",9628,3419,6209
"Mir702",109,109,0
"LOC102632711",1491,827,664
"Gm7284",5582,1008,4574
"Vgf",8050,3459,4591
"Ap1s1",11068,2275,8793
"Serpine1",10769,3024,7745
"Trim56",5181,3872,1309
"Muc3",31125,5976,25149
"LOC105244802",11614,2416,9198
"Gm31160",12273,2777,9496
"Gm31248",1989,1989,0
"LOC105244804",4909,991,3918
"LOC105244803",1809,1561,248
"A630081J09Rik",3738,2042,1696
"Gm35872",25809,5473,20336
"Ache",8618,4878,3740
"Mir8116",97,97,0
"Ufsp1",996,996,0
"Srrt",12011,4874,7137
"Mir7036",65,65,0
"LOC105242537",2354,2121,233
"Trip6",4589,2058,2531
"Slc12a9",21131,5421,15710
"LOC102641355",4362,2182,2180
"Ephb4",24414,4361,20053
"LOC105242538",2453,2412,41
"Zan",98428,16606,81822
"Rpl36-ps9",365,365,0
"LOC105242540",2113,695,1418
"Gm36056",2610,369,2241
"Epo",2797,715,2082
"Pop7",991,792,199
"Gigyf1",17678,6580,11098
"Gnb2",5103,2866,2237
"Mir6418",115,115,0
"Actl6b",16058,1735,14323
"Tfr2",18260,3935,14325
"Mospd3",4439,1777,2662
"Gm7285",991,991,0
"Pcolce",6795,2111,4684
"LOC105244805",274,136,138
"Fbxo24",13080,2374,10706
"Gm16089",450,450,0
"Gm20605",13774,4513,9261
"Lrch4",11977,3081,8896
"Sap25",1430,1065,365
"Irs3",2719,2373,346
"Agfg2",34344,3006,31338
"Gm36403",12507,1073,11434
"Gm15753",2721,2402,319
"Nyap1",10733,4697,6036
"Tsc22d4",22485,3175,19310
"Ppp1r35",3298,3047,251
"Mepce",4796,3166,1630
"Zcwpw1",35227,2459,32768
"Pilra",14327,2588,11739
"Pilrb1",6387,2322,4065
"Pilrb2",6094,1971,4123
"Gm3103",3677,1447,2230
"Cyp3a13",28687,2955,25732
"Gm8099",939,939,0
"Gjc3",9151,4932,4219
"Azgp1",8713,1315,7398
"Gm4963",437,437,0
"Smok3a",13390,2728,10662
"Smok3b",13410,2331,11079
"Smok3c",13183,2169,11014
"Zkscan1",22747,8356,14391
"Zscan21",17367,2407,14960
"Zfp113",16043,6470,9573
"Cops6",2883,1094,1789
"Mcm7",7274,2611,4663
"Mir25",84,84,0
"Mir93",88,88,0
"Mir106b",82,82,0
"Ap4m1",6667,1760,4907
"Taf6",8830,2753,6077
"Cnpy4",6360,1781,4579
"Mblac1",1308,1308,0
"Gm454",4635,2807,1828
"Nxpe5",44378,2520,41858
"Lamtor4",3914,877,3037
"BC037034",4395,2805,1590
"6330418K02Rik",2617,741,1876
"Gal3st4",8121,3453,4668
"Stag3",39809,4671,35138
"Gpc2",6302,3667,2635
"Gm36869",18129,5382,12747
"Pvrig-ps",14746,14746,0
"Got2-ps1",2337,2337,0
"Cyp3a61-ps1",7805,7805,0
"Zfp157",19228,8382,10846
"Gm5564",1740,1740,0
"Vmn2r-ps24",13553,13553,0
"1700123K08Rik",5789,4361,1428
"Zfp68",16092,4731,11361
"LOC102631527",1366,1366,0
"A430033K04Rik",26059,3154,22905
"Fam20c",55767,3863,51904
"Gm5294",2109,1148,961
"Gm30206",1416,434,982
"Gm31891",47559,1170,46389
"LOC105242542",10576,1129,9447
"Pdgfa",23536,6359,17177
"Prkar1b",113112,2958,110154
"LOC105242543",3192,2131,1061
"Dnaaf5",36283,3445,32838
"Sun1",49282,4746,44536
"Get4",17727,3027,14700
"Adap1",53589,2399,51190
"Cox19",7345,761,6584
"Cyp2w1",6991,4203,2788
"3110082I17Rik",100796,1739,99057
"Mir339",96,96,0
"D830046C22Rik",2357,2357,0
"Gpr146",18718,5031,13687
"C130050O18Rik",12496,5770,6726
"Gper1",4829,2716,2113
"Zfand2a",13276,3106,10170
"4930500L23Rik",17589,745,16844
"Uncx",4282,2241,2041
"Micall2",29642,3434,26208
"Ints1",24420,7152,17268
"Mir7037",65,65,0
"Mafk",11117,4444,6673
"Tmem184a",15019,2432,12587
"Psmg3",3410,999,2411
"LOC105242544",1849,435,1414
"Elfn1",67086,5307,61779
"Mad1l1",312903,3101,309802
"Gm30492",5468,1839,3629
"LOC105242545",2525,1768,757
"Nudt1",16511,1183,15328
"Ftsj2",4225,1443,2782
"Snx8",48950,4082,44868
"Gm30550",4022,358,3664
"Eif3b",24054,2966,21088
"Mir7038",71,71,0
"LOC105244806",1258,1192,66
"LOC101055939",50240,3768,46472
"LOC105242546",15184,2963,12221
"Chst12",19659,1846,17813
"Gm32158",529,488,41
"Grifin",4512,3321,1191
"Gm30603",7496,624,6872
"Lfng",8205,2284,5921
"Ttyh3",28454,4951,23503
"Iqce",39884,6048,33836
"Brat1",14594,3882,10712
"Amz1",29186,2685,26501
"Gm30745",1396,745,651
"Gna12",70488,1880,68608
"Gm30804",27776,978,26798
"Card11",127598,4112,123486
"LOC105242547",8486,578,7908
"LOC105242548",10451,838,9613
"Gm30866",19682,1178,18504
"Sdk1",974090,10345,963745
"LOC105242550",31363,11397,19966
"Gm16035",12583,12062,521
"LOC105242549",13070,2523,10547
"Gm26970",64283,873,63410
"Gm30998",9545,696,8849
"Gm31068",2179,994,1185
"Gm31127",8122,3152,4970
"Foxk1",60519,7469,53050
"Gm31189",5657,5599,58
"Ap5z1",15512,4672,10840
"Radil",66260,4310,61950
"LOC105242552",4171,941,3230
"Papolb",2337,2337,0
"Mmd2",45341,2871,42470
"Gm31274",1143,946,197
"LOC105242553",947,842,105
"Wipi2",40119,4243,35876
"LOC105244807",21563,1466,20097
"Slc29a4",30015,2898,27117
"Tnrc18",98100,13385,84715
"Gm31365",5518,5046,472
"Gm15770",1777,884,893
"Gm31543",5407,752,4655
"Fbxl18",23857,3238,20619
"D430018E03Rik",4569,4569,0
"LOC105242554",2535,335,2200
"Actb",3609,1889,1720
"Fscn1",12835,2667,10168
"Rnf216",122169,4716,117453
"LOC102633883",3812,3578,234
"LOC105242555",772,498,274
"Olfr718-ps1",966,966,0
"Gm7291",2495,418,2077
"Rbakdn",973,636,337
"Rbak",8661,3551,5110
"4933411G11Rik",24146,3188,20958
"Spdyb",10587,2261,8326
"4930448H16Rik",7757,604,7153
"LOC105242556",6470,1077,5393
"Zfp12",13672,5346,8326
"Zfp316",23289,9880,13409
"Zfp853",7767,6681,1086
"E130309D02Rik",14289,2392,11897
"Zdhhc4",12764,1944,10820
"0610040B10Rik",3397,440,2957
"Grid2ip",34461,4407,30054
"LOC105242558",1249,495,754
"LOC105242557",11907,745,11162
"Kdelr2",18085,1850,16235
"Gm4870",1471,1471,0
"Gm9497",744,744,0
"Daglb",39956,3248,36708
"Rac1",22636,2449,20187
"Fam220a",15820,2331,13489
"Cyth3",87804,4375,83429
"Usp42",49484,6387,43097
"LOC105242559",2245,1194,1051
"D130017N08Rik",6589,1705,4884
"Eif2ak1",30856,2571,28285
"Ankrd61",4412,2157,2255
"Aimp2",7136,1185,5951
"Pms2",75746,7616,68130
"Ccz1",26945,1769,25176
"Gm33427",2003,1285,718
"Ocm",30834,1370,29464
"Lmtk2",87839,8184,79655
"LOC105242561",5812,5812,0
"LOC105242560",6030,5934,96
"Bhlha15",4221,3559,662
"Tecpr1",29167,5099,24068
"2900089D17Rik",20832,7443,13389
"Bri3",202321,1662,200659
"LOC105242391",5339,449,4890
"Baiap2l1",93588,3248,90340
"Gm15708",3454,1766,1688
"Gm33606",1085,984,101
"Dmr",3083,777,2306
"Gm33552",4229,582,3647
"Gm33714",13886,919,12967
"Gm33765",25040,1161,23879
"Nptx2",11592,2551,9041
"Tmem130",25664,2734,22930
"LOC105242562",2436,1245,1191
"Trrap",91682,14043,77639
"Smurf1",89336,5477,83859
"Mir7039",85,85,0
"Gm33821",5797,3529,2268
"Kpna7",25910,2328,23582
"Gm33904",12306,463,11843
"Gm4871",3165,1129,2036
"1700018F24Rik",2689,1119,1570
"Arpc1a",24888,1588,23300
"Arpc1b",13931,1551,12380
"Pdap1",11320,2203,9117
"Bud31",7737,1008,6729
"Ptcd1",19742,3478,16264
"Cpsf4",14829,1791,13038
"Atp5j2",7887,477,7410
"Zkscan14",9219,2238,6981
"Zkscan5",17290,4112,13178
"Zfp655",15879,5889,9990
"Gm9710",1880,725,1155
"LOC105242563",1118,316,802
"Zscan25",11028,2186,8842
"Cyp3a57",45782,2147,43635
"Gm2314",586,586,0
"Cyp3a16",33429,1821,31608
"Gm21016",1554,1554,0
"Cyp3a58-ps",40018,40018,0
"Cyp3a41b",26067,2064,24003
"Gm20159",721,721,0
"Cyp3a63-ps",23813,23813,0
"Cyp3a41a",26088,2060,24028
"Gm17763",715,715,0
"Cyp3a44",31909,2069,29840
"Gm19089",4331,4331,0
"LOC105242570",3665,285,3380
"Cyp3a11",25248,2053,23195
"Cyp3a25",32446,2176,30270
"Gm8454",1207,1153,54
"Gm8458",819,819,0
"Cyp3a59",34583,2732,31851
"Gm5565",2663,1087,1576
"Gm6309",2736,1144,1592
"1700001J03Rik",2855,778,2077
"Gm34248",4978,3844,1134
"Cyp3a60-ps",820,820,0
"Rnf6",12999,4361,8638
"LOC105242571",5319,2059,3260
"Cdk8",72139,3525,68614
"LOC105242572",3859,3829,30
"LOC105242573",8967,1864,7103
"Wasf3",86793,4678,82115
"Gm6408",2760,1191,1569
"Gm6370",2826,1210,1616
"4930449I24Rik",2841,1224,1617
"Gm3402",2836,1222,1614
"Gm3404",2771,1160,1611
"Gm3409",2804,1190,1614
"Gm3415",2804,1190,1614
"Gm8494",1233,1233,0
"Gpr12",4338,3667,671
"Gm34333",13518,1126,12392
"LOC102643175",52648,3165,49483
"Gm34700",960,205,755
"4930573C15Rik",3836,2071,1765
"Usp12",60145,4487,55658
"LOC102638199",21740,646,21094
"Rpl21",4143,2414,1729
"Rasl11a",2656,1126,1530
"LOC105242574",22056,1331,20725
"Gtf3a",6958,1298,5660
"Mtif3",12233,5107,7126
"LOC105242575",6807,568,6239
"Lnx2",59918,4623,55295
"Polr1d",34016,1689,32327
"Rps10-ps4",696,600,96
"Gm34994",9324,804,8520
"Gsx1",2252,1773,479
"LOC105242577",4042,429,3613
"2210019I11Rik",42924,1442,41482
"LOC105242576",1703,841,862
"Pdx1",5019,1287,3732
"Mir7k",110,110,0
"Gm35112",7795,913,6882
"Cdx2",6350,2145,4205
"Urad",7457,766,6691
"Gm29778",481,481,0
"Flt3",69749,6167,63582
"Gm6054",690,690,0
"Gm29793",1180,901,279
"D5Ertd605e",4425,1062,3363
"Pan3",118341,8111,110230
"Flt1",164249,7551,156698
"Gm35383",10101,9083,1018
"Gm35541",11015,1519,9496
"Gm35592",4026,482,3544
"Pomp",15151,734,14417
"Gm35648",1406,1406,0
"Slc46a3",17019,3078,13941
"Mtus2",359079,8659,350420
"LOC100534385",1643,1643,0
"Slc7a1",72495,7379,65116
"Ubl3",48158,2667,45491
"Gm35735",6855,1534,5321
"Gm35994",9673,719,8954
"Gm35929",4737,533,4204
"Gm29815",465,465,0
"Gm36078",9073,1927,7146
"Gm36140",6483,1762,4721
"Gm36186",6932,2052,4880
"2210417A02Rik",1300,550,750
"4930505K14Rik",5735,618,5117
"Gm36405",14970,722,14248
"Katnal1",57551,6683,50868
"Gm36446",811,582,229
"8430423G03Rik",1409,639,770
"Gm15411",62073,16575,45498
"5930430L01Rik",5160,3986,1174
"Gm15408",5815,1379,4436
"Hmgb1",5816,3046,2770
"Gm30078",1893,1203,690
"LOC105242578",12246,2725,9521
"5730422E09Rik",62472,1715,60757
"Gm8615",2065,2065,0
"Uspl1",30875,3934,26941
"Gm30130",1488,1452,36
"2310047D07Rik",9145,2367,6778
"Gm24105",11833,2047,9786
"Alox5ap",22990,854,22136
"Gm35620",6913,3502,3411
"Gm35704",1661,800,861
"LOC105242580",6665,1838,4827
"LOC105242581",25670,3096,22574
"Medag",26361,5235,21126
"Tex26",31104,2606,28498
"LOC102641829",31294,2816,28478
"Gm15997",48975,1491,47484
"Wdr95",83216,2482,80734
"Gm35763",14225,205,14020
"Hsph1",20313,4422,15891
"Gm20005",8321,3595,4726
"Gm5566",587,587,0
"B3glct",84495,6849,77646
"Gm36141",27235,433,26802
"LOC102641964",5886,982,4904
"Gm21221",9762,1073,8689
"Gm36187",9225,2672,6553
"4930500F04Rik",16534,576,15958
"Gm36241",1956,1043,913
"LOC105242582",15488,809,14679
"Gm21048",1530,1530,0
"Rxfp2",64770,5802,58968
"LOC105242583",2129,1676,453
"LOC105242586",23210,5869,17341
"Fry",379118,11893,367225
"LOC105242585",21241,8721,12520
"LOC105242584",4146,4146,0
"Gm36299",2058,1918,140
"Gm18753",763,763,0
"Gm5",2473,469,2004
"Zar1l",16157,2128,14029
"Brca2",48127,11759,36368
"N4bp2l1",22883,2136,20747
"LOC105242587",10336,6224,4112
"N4bp2l2",29640,8981,20659
"LOC105244808",25753,957,24796
"Pds5b",136926,7597,129329
"Gm36447",44721,2956,41765
"Kl",41211,5590,35621
"Gm8675",1937,1937,0
"Stard13",390742,7853,382889
"5430435K18Rik",9257,2958,6299
"Gm7041",523,523,0
"1700028E10Rik",45409,2718,42691
"Gm36579",7029,6194,835
"Gm3704",8141,6237,1904
"Vmn2r-ps25",25936,25936,0
"Vmn2r-ps26",36164,36164,0
"Vmn2r18",25264,2385,22879
"Vmn2r-ps27",2228,2228,0
"Vmn2r-ps28",299,299,0
"Rfc3",8385,1215,7170
"Vmn1r-ps5",894,894,0
"Vmn1r-ps6",984,984,0
"Vmn1r-ps7",921,921,0
"Gm19064",724,724,0
"Gm2651",836,836,0
"Gm8579",28501,733,27768
"Gm18222",1417,1417,0
"Samd9l",27315,5480,21835
"Hepacam2",41101,2732,38369
"Ccdc132",105139,5862,99277
"Calcr",79013,3954,75059
"Mir653",85,85,0
"Mir489",107,107,0
"Gm33576",43627,985,42642
"Tfpi2",26387,1789,24598
"Gngt1",8365,1957,6408
"Gng11",4459,836,3623
"4930528H21Rik",15770,520,15250
"LOC105242590",2426,346,2080
"Bet1",10092,2946,7146
"Gm8602",869,869,0
"LOC102634226",3577,411,3166
"Gm33788",24198,5214,18984
"Col1a2",35847,5143,30704
"Gm18289",850,850,0
"Gm33959",2748,1412,1336
"Casd1",42819,4263,38556
"LOC105242591",7156,1202,5954
"Sgce",72855,2542,70313
"Peg10",13212,6667,6545
"Gm20714",21135,1613,19522
"Gm9835",626,626,0
"Ppp1r9a",262915,11576,251339
"Pon1",25898,2142,23756
"Pon3",35399,2023,33376
"Pon2",33754,1948,31806
"LOC105242592",10674,284,10390
"Asb4",49637,3286,46351
"Pdk4",12928,3453,9475
"Gm34470",6656,714,5942
"Dync1i1",302407,2808,299599
"Gm34527",3303,1374,1929
"1700019G24Rik",13497,515,12982
"Slc25a13",176016,4438,171578
"Gm32040",375,375,0
"Gm20619",150922,4806,146116
"Gm34749",11427,1391,10036
"Gm8649",513,513,0
"Gm8652",1095,1095,0
"Shfm1",20384,491,19893
"LOC105242593",49555,1339,48216
"Gm18006",1947,1947,0
"Gm5873",1181,1181,0
"LOC105242594",3820,1840,1980
"LOC105242595",9440,5976,3464
"Dlx6os1",48988,4247,44741
"Dlx6",4637,1071,3566
"Dlx6os2",1354,1354,0
"Dlx5",4268,2145,2123
"Acn9",83203,550,82653
"Gm8669",1009,1009,0
"Gm19272",77620,1051,76569
"Tac1",8203,1611,6592
"Gm35051",47385,4085,43300
"Gm8676",746,746,0
"Asns",18018,2280,15738
"1700012J15Rik",11652,532,11120
"Gm35194",8683,830,7853
"Gm8686",667,667,0
"C1galt1",26819,2065,24754
"Gm35246",44261,1096,43165
"Gm35446",55741,1512,54229
"Gm9825",1625,1625,0
"Col28a1",197124,5863,191261
"Gm35384",676,570,106
"Mios",27271,3928,23343
"Rpa3",3206,638,2568
"Umad1",169480,2252,167228
"Gm8428",1967,1967,0
"LOC105242596",3813,2254,1559
"A430035B10Rik",2103,1936,167
"Glcci1",87950,6248,81702
"Gm16042",1736,1736,0
"Gm35621",2042,1019,1023
"Ica1",148011,2549,145462
"LOC105242597",7856,148,7708
"Gm35674",19368,566,18802
"Nxph1",311250,13771,297479
"Gm35736",7131,7131,0
"Gm5110",1107,1107,0
"Gm18421",673,673,0
"Gm2691",713,713,0
"Gm18481",603,603,0
"Gm8744",6165,6165,0
"Gm35822",74630,716,73914
"AA545190",2911,1035,1876
"Ndufa4",7074,492,6582
"Phf14",192261,9984,182277
"Gm6578",10063,981,9082
"Gm32222",461,461,0
"Gm35961",44893,759,44134
"Thsd7a",437646,11002,426644
"LOC102641901",43319,2323,40996
"Gm16123",1427,1427,0
"Gm18221",65535,65535,0
"Gm15529",1292,1292,0
"Gm5300",1221,1221,0
"Tmem106b",19524,6138,13386
"Vwde",39356,3979,35377
"Gm725",912,912,0
"1700016P04Rik",2660,429,2231
"Gm2796",590,590,0
"Tmem168",27534,5041,22493
"B630005N14Rik",52292,4353,47939
"LOC105244809",27238,621,26617
"LOC105242598",7885,2815,5070
"Gpr85",5484,4051,1433
"2610001J05Rik",2410,1803,607
"1110019D14Rik",24853,1498,23355
"LOC105242599",25709,2084,23625
"Gm19252",629,629,0
"Gm8820",564,564,0
"LOC105242600",3194,292,2902
"Ppp1r3a",41453,7120,34333
"Gm36300",34530,1027,33503
"Foxp2",540752,7270,533482
"Gm2845",624,624,0
"Gm36352",3628,2718,910
"Mdfic",81586,3512,78074
"Gm3148",614,614,0
"Gm36406",25910,1481,24429
"Gm36503",149611,1409,148202
"Gm36669",10989,3342,7647
"Tfec",67626,4589,63037
"Gm5721",1689,1689,0
"Gm15473",17146,966,16180
"Tes",40677,2442,38235
"Gm4876",95136,5355,89781
"LOC102640738",28423,702,27721
"D830026I12Rik",7945,1649,6296
"Gm15581",178901,5759,173142
"Cav2",7946,3350,4596
"Cav1",34994,2915,32079
"Met",110632,6948,103684
"LOC105244810",6869,2576,4293
"Capza2",29437,1984,27453
"St7",250084,4318,245766
"Gm13898",616,616,0
"Gm13899",1038,1038,0
"LOC105242602",12584,9982,2602
"LOC105242601",16912,5609,11303
"Gm30079",8398,8020,378
"Wnt2",47278,5713,41565
"Asz1",58098,1852,56246
"Gm15593",1230,1230,0
"Gm15596",781,781,0
"Cftr",152513,6749,145764
"Gm15595",949,949,0
"Cttnbp2",148437,6190,142247
"LOC105244811",11122,2627,8495
"Gm5874",1065,1065,0
"Lsm8",5418,750,4668
"Ankrd7",17953,3604,14349
"Gm6655",1725,1725,0
"4930524B17Rik",30945,1870,29075
"Eif3s6-ps4",1380,1380,0
"Mir6370",120,120,0
"Gm18482",3577,3577,0
"Gm29798",5271,362,4909
"LOC105242603",34043,463,33580
"LOC105242604",20232,939,19293
"Gm19102",907,907,0
"Kcnd2",513697,4546,509151
"Gm30207",5587,3416,2171
"Tspan12",81959,2589,79370
"Gm30270",1366,828,538
"Ing3",26821,4356,22465
"Cped1",270703,6556,264147
"LOC105244812",2642,2642,0
"Wnt16",10358,5215,5143
"Fam3c",49562,3361,46201
"LOC105242605",1458,499,959
"LOC105242606",90985,291,90694
"Gm8927",1203,1203,0
"Gm8930",859,859,0
"Gm18861",1975,1975,0
"Ptprz1",177459,8130,169329
"Gm30493",7906,3125,4781
"Aass",60814,3701,57113
"Gm8945",688,688,0
"Gm5989",2073,2073,0
"Gm8950",724,724,0
"Gm5301",2073,2073,0
"LOC102632493",1047,897,150
"Gm17933",1647,1647,0
"Fezf1",10325,7475,2850
"Cadps2",576649,6220,570429
"LOC105242607",9907,2543,7364
"Rnf133",1437,1308,129
"Rnf148",1242,1242,0
"Gm18966",1632,1632,0
"Tas2r118",900,900,0
"Slc13a1",79837,2752,77085
"Gm20706",3404,2171,1233
"Gm3136",1339,1339,0
"Iqub",73694,7475,66219
"Ndufa5",9026,553,8473
"Asb15",45021,4731,40290
"Lmod2",7644,1967,5677
"Wasl",51186,4858,46328
"Hyal6",12208,3452,8756
"Hyal4",18153,2088,16065
"LOC105242608",8974,1362,7612
"Spam1",9861,2263,7598
"Gm18327",1125,1125,0
"Hyal5",33997,2105,31892
"Tmem229a",4985,4985,0
"LOC105242609",24328,362,23966
"Gm5302",854,854,0
"Gm30658",57003,963,56040
"Gpr37",21458,3205,18253
"Pot1a",65543,3204,62339
"LOC102632714",565,201,364
"Gm20756",45802,1565,44237
"Gm6719",536,536,0
"Gm30779",27094,1196,25898
"LOC105242610",13458,494,12964
"Grm8",860717,5808,854909
"Mir592",96,96,0
"Zfp800",187506,10359,177147
"Gm5303",1463,1463,0
"Gcc1",5122,4138,984
"Arf5",2860,933,1927
"Fscn3",11529,2597,8932
"Pax4",7007,1357,5650
"Snd1",454848,5311,449537
"Lrrc4",3622,3622,0
"LOC105242611",8654,644,8010
"LOC105244813",1624,348,1276
"Mir129-1",73,73,0
"Gm30838",8574,1850,6724
"Lep",13683,3284,10399
"Rbm28",41152,4186,36966
"Prrt4",10355,4425,5930
"Impdh1",15928,2774,13154
"LOC105244814",14676,361,14315
"Hilpda",2962,1106,1856
"Fam71f2",13146,1640,11506
"Fam71f1",22541,2264,20277
"Calu",28570,3423,25147
"Opn1sw",12059,4783,7276
"Ccdc136",30427,4710,25717
"Flnc",28762,9192,19570
"Atp6v1f",2727,635,2092
"Gm9047",1993,646,1347
"Kcp",34850,7438,27412
"LOC105242612",16848,2303,14545
"Irf5",15722,3113,12609
"Tnpo3",69284,4651,64633
"Gm30896",5098,1817,3281
"LOC105242613",1824,562,1262
"Tspan33",24345,2001,22344
"Smo",25870,4084,21786
"Gm13717",1662,1662,0
"Ahcyl2",143932,6199,137733
"Strip2",42706,6551,36155
"Gm13724",813,813,0
"Gm31103",3315,699,2616
"1700023L04Rik",8203,662,7541
"1700080G18Rik",1738,1314,424
"Nrf1",105471,6312,99159
"Gm31162",1856,1776,80
"Mirc35hg",15486,1965,13521
"Mir182",75,75,0
"Mir96",106,106,0
"Mir183",70,70,0
"BB283400",1424,1424,0
"Gm31221",3676,572,3104
"Ube2h",93251,4780,88471
"LOC102633456",4533,1530,3003
"Zc3hc1",24657,1881,22776
"Klhdc10",53663,6298,47365
"1700012C14Rik",2334,503,1831
"Tmem209",28752,4189,24563
"Ssmem1",10405,1790,8615
"Cpa2",22835,1449,21386
"Cpa4",23372,2061,21311
"LOC105242615",5592,2044,3548
"Gm31453",21259,1577,19682
"Cpa5",20736,2718,18018
"Cpa1",6141,1578,4563
"Cep41",57058,4473,52585
"Gm13782",16405,4997,11408
"Mest",14961,2777,12184
"Mir335",98,98,0
"Copg2",149241,1773,147468
"LOC105242616",8835,2745,6090
"Tsga13",28175,1333,26842
"LOC102633576",8766,244,8522
"Klf14",2970,2970,0
"LOC105244822",5500,1445,4055
"Mir29a",88,88,0
"Mir29b-1",71,71,0
"Lincpint",124912,1808,123104
"LOC105242620",3732,2044,1688
"Gm13835",660,660,0
"LOC105242619",12862,12759,103
"2210408F21Rik",117045,1042,116003
"LOC105242618",3385,974,2411
"Gm14532",19820,2809,17011
"Mkln1os",31889,964,30925
"Mkln1",112968,6641,106327
"Podxl",44445,5330,39115
"LOC105242621",1161,895,266
"Gm31486",30632,2887,27745
"LOC105242622",10623,522,10101
"Gm13848",7959,3046,4913
"Gm13847",14323,2027,12296
"Gm31660",2215,1174,1041
"LOC102633813",11874,3849,8025
"Gm31894",22933,1223,21710
"1700012A03Rik",8631,918,7713
"LOC105242623",5424,719,4705
"Plxna4",443650,12602,431048
"Plxna4os1",4436,1909,2527
"Gm32007",58970,2759,56211
"Chchd3",268060,1602,266458
"LOC105244823",11273,10580,693
"LOC102634733",847,847,0
"Exoc4",723854,5180,718674
"Gm13854",1511,1511,0
"LOC105242624",10716,10580,136
"Gm13853",10670,2389,8281
"LOC105242625",7311,1135,6176
"Lrguk",105041,12482,92559
"Slc35b4",21335,3984,17351
"LOC105242626",2208,310,1898
"Gm32533",29909,5307,24602
"LOC105242627",35915,2594,33321
"Akr1b3",13560,1402,12158
"Akr1b8",14291,1304,12987
"Gm13858",17993,3243,14750
"Gm13859",1048,1048,0
"Akr1b10",12749,1387,11362
"Akr1b7",10776,1248,9528
"Gm13857",4202,2262,1940
"Bpgm",29357,2170,27187
"Gm32942",2843,313,2530
"Cald1",176970,5119,171851
"Gm13861",2971,925,2046
"LOC105242628",866,593,273
"Agbl3",81753,6213,75540
"Gm13864",843,843,0
"Tmem140",11841,3061,8780
"3110062M04Rik",7249,4760,2489
"Wdr91",31820,5391,26429
"Stra8",19182,1803,17379
"2010107G12Rik",43200,3466,39734
"Cnot4",111673,7298,104375
"Gm33046",18530,1982,16548
"Nup205",70192,7636,62556
"1810058I24Rik",9361,1302,8059
"Slc13a4",40174,3426,36748
"Fam180a",13396,1528,11868
"LOC105242629",9166,1216,7950
"1700065J11Rik",5986,430,5556
"LOC105242630",6211,450,5761
"Mtpn",31065,4042,27023
"LOC105242631",33817,558,33259
"9330158H04Rik",55097,3103,51994
"Chrm2",140689,6093,134596
"Mir490",84,84,0
"Gm2189",456,456,0
"Ptn",96453,2793,93660
"Dgki",462680,17638,445042
"Gm7452",3777,3777,0
"Creb3l2",114932,7122,107810
"Gm33275",3676,2727,949
"Gm33318",4910,1714,3196
"Gm33429",4975,1657,3318
"Akr1d1",38838,5501,33337
"Gm7463",576,576,0
"Ybx1-ps2",1669,1669,0
"LOC105242632",19727,868,18859
"Atp6v0c-ps2",1133,1133,0
"Gm7492",727,727,0
"Trim24",98566,7366,91200
"Svopl",63276,4178,59098
"Gm18401",652,652,0
"Gm33494",2851,1508,1343
"Atp6v0a4",76104,3285,72819
"Tmem213",6454,530,5924
"D630045J12Rik",130836,10970,119866
"Gm33553",2483,2329,154
"Gm7504",566,566,0
"Zc3hav1l",11866,6538,5328
"Zc3hav1",50555,8342,42213
"Rpl30-ps1",457,457,0
"Ttc26",46174,4235,41939
"LOC105242633",3198,1943,1255
"Ubn2",78839,14669,64170
"Mir7670",69,69,0
"1110001J03Rik",4589,441,4148
"Gm15697",3802,3802,0
"Luc7l2",58133,10357,47776
"Klrg2",16293,3489,12804
"Clec2l",17797,1429,16368
"Hipk2",188679,15314,173365
"LOC102637181",24233,4989,19244
"4930502C15Rik",16467,12692,3775
"Tbxas1",166124,3051,163073
"Gm33767",5693,2113,3580
"LOC105242634",28315,3006,25309
"LOC105242415",17602,1905,15697
"LOC102636584",24632,1279,23353
"1700025N23Rik",3708,902,2806
"Parp12",31938,3229,28709
"4930599N23Rik",29840,880,28960
"Kdm7a",70154,9553,60601
"LOC105242635",17781,3873,13908
"Gm34147",19459,1943,17516
"Gm26008",32687,3721,28966
"Slc37a3",42956,4868,38088
"Rab19",9239,1758,7481
"Mkrn1",22549,3981,18568
"Gm10244",917,830,87
"Dennd2a",95491,5952,89539
"8030453O22Rik",16958,3597,13361
"Adck2",14935,3590,11345
"Ndufb2",6922,488,6434
"Braf",122426,12438,109988
"Gm34389",5943,1068,4875
"Fth-ps2",490,490,0
"Mrps33",9133,1055,8078
"Gm7554",680,680,0
"Gm7556",1464,1464,0
"Tmem178b",375814,8374,367440
"Agk",72408,5852,66556
"E330009J07Rik",35117,7869,27248
"Wee2",40117,11932,28185
"Ssbp1",10411,2648,7763
"Tas2r137",1002,1002,0
"Tas2r108",894,894,0
"Prss37",4723,1161,3562
"Olfr461",942,942,0
"Olfr460",3353,1866,1487
"Clec5a",10908,3820,7088
"Tas2r138",996,996,0
"Mgam",140299,12068,128231
"Gm7254",57767,57767,0
"Moxd2",8701,1860,6841
"Tcrb",667076,667076,0
"Trbv1",590,350,240
"Prss58",5126,987,4139
"1700074P13Rik",20537,2286,18251
"Gm4744",5891,5891,0
"1810009J06Rik",3656,856,2800
"Gm2663",3658,870,2788
"2210010C04Rik",5242,2142,3100
"Trbv2",440,344,96
"Trbv3",431,347,84
"Trbv4",444,344,100
"Trbv5",445,341,104
"Trbv6",284,284,0
"Trbv7",402,347,55
"Trbv8",439,344,95
"Trbv9",298,298,0
"Trbv10",294,294,0
"Trbv11",499,322,177
"Trbv12-1",501,372,129
"Trbv13-1",433,337,96
"Trbv12-2",501,372,129
"Trbv13-2",437,340,97
"Trbv12-3",485,372,113
"Trbv13-3",439,340,99
"Trbv14",450,346,104
"Trbv15",448,347,101
"Trbv16",440,347,93
"Trbv17",465,344,121
"Trbv18",472,346,126
"Trbv19",460,352,108
"Trbv20",705,335,370
"Trbv21",458,346,112
"Trbv22",460,352,108
"Trbv23",454,347,107
"Trbv24",467,347,120
"Trbv25",537,321,216
"Trbv26",389,267,122
"Gm2719",1100,1100,0
"Trbv27",459,334,125
"Trbv28",454,321,133
"Trbv29",479,344,135
"Trbv30",615,335,280
"Try4",3262,799,2463
"Gm18964",545,545,0
"Try5",3479,801,2678
"Try10",3840,890,2950
"Prss3",3855,812,3043
"Gm5771",4901,824,4077
"Gm5409",4287,745,3542
"Gm10334",3884,830,3054
"Prss1",4857,807,4050
"Gm29813",1772,1772,0
"Prss2",3304,826,2478
"Trbd1",12,12,0
"Trbj1-1",48,48,0
"Trbj1-2",48,48,0
"Trbj1-3",50,50,0
"Trbj1-4",51,51,0
"Trbj1-5",50,50,0
"Trbj1-6",53,53,0
"Trbj1-7",46,46,0
"Trbc1",1447,519,928
"Trbd2",14,14,0
"Trbj2-1",50,50,0
"Trbj2-2",51,51,0
"Trbj2-3",49,49,0
"Trbj2-4",49,49,0
"Trbj2-5",49,49,0
"Trbj2-6",48,48,0
"Trbj2-7",47,47,0
"Trbc2",1452,520,932
"Trbv31",679,679,0
"LOC102641876",44896,3093,41803
"Ephb6",15468,4311,11157
"Trpv6",15862,3066,12796
"LOC105242636",2283,592,1691
"Gm34642",19610,2803,16807
"Trpv5",30733,5979,24754
"1700034O15Rik",1372,826,546
"Kel",18006,2755,15251
"LOC105242637",3954,1169,2785
"Olfr459",945,945,0
"Pip",4514,571,3943
"Sval2",3984,435,3549
"Sval1",4471,617,3854
"Sval3",4951,550,4401
"Sva",4458,651,3807
"Gm34701",8734,969,7765
"Tas2r139",960,960,0
"Tas2r144",960,960,0
"Gstk1",4507,930,3577
"Tmem139",2616,1654,962
"Casp2",17718,3842,13876
"Clcn1",33167,8994,24173
"LOC105242638",1078,280,798
"Fam131b",9336,4497,4839
"Zyx",10593,4061,6532
"Epha1",14824,3341,11483
"2010310C07Rik",9888,845,9043
"Tas2r143",882,882,0
"Tas2r135",966,966,0
"Tas2r126",927,927,0
"Gm34818",671,671,0
"Olfr458",942,942,0
"Olfr457",942,942,0
"Olfr456",1052,1052,0
"Gm34752",11834,1050,10784
"Gm4877",859,859,0
"Olfr455",954,954,0
"LOC105242639",3595,641,2954
"Tcaf3",10160,3110,7050
"Tcaf2",21999,4257,17742
"Tcaf1",42112,6385,35727
"Olfr454-ps1",901,901,0
"Olfr453",954,954,0
"Olfr38",954,954,0
"Olfr452",954,954,0
"Olfr451-ps1",933,933,0
"Olfr450",933,933,0
"Olfr449",4499,1287,3212
"Olfr448",933,933,0
"Olfr447",933,933,0
"Olfr446",927,927,0
"Olrf445-ps1",870,870,0
"Olfr444",933,933,0
"Gm34905",52742,1355,51387
"LOC105242640",23184,396,22788
"Olfr443-ps1",912,912,0
"Olfr442-ps1",588,588,0
"Olfr441",933,933,0
"Olfr440-ps1",910,910,0
"Olfr439-ps1",593,593,0
"Olfr237-ps1",933,933,0
"1700024N05Rik",12405,985,11420
"Olfr437",933,933,0
"Olfr13",933,933,0
"Olfr436-ps1",800,800,0
"Olfr435",942,942,0
"Olfr434",966,966,0
"Olfr47",966,966,0
"Arhgef5",23677,5466,18211
"Nobox",13705,2350,11355
"Tpk1",321486,2879,318607
"Gm15550",1745,1745,0
"Gm35113",16438,7106,9332
"LOC105242642",11997,5189,6808
"9430018G01Rik",31890,4095,27795
"Gm5990",751,751,0
"Gm35163",13124,842,12282
"Gm7783",842,842,0
"Gm35216",2895,733,2162
"Cntnap2",2241328,7257,2234071
"Gm18483",556,556,0
"Rbpsuh-rs3",1444,1444,0
"Gm18484",1049,1049,0
"LOC105242644",8925,8925,0
"LOC105242643",5853,2469,3384
"Gm35875",34255,1760,32495
"Gm6352",1131,1131,0
"Gm35798",5641,2654,2987
"Gm35280",66646,15786,50860
"Gm35565",3909,1279,2630
"Gm18584",698,698,0
"Cul1",73867,5157,68710
"Ezh2",65067,3113,61954
"LOC105244835",7520,3945,3575
"LOC105244834",4725,478,4247
"Rn4.5s",174,174,0
"LOC105244833",1048,1006,42
"LOC105244832",1033,1003,30
"LOC105244831",1054,1009,45
"Gm36504",1048,1003,45
"LOC105244830",4799,478,4321
"LOC105244829",1066,988,78
"Gm36327",2728,1112,1616
"LOC105244828",1051,1006,45
"LOC105244826",1048,1006,42
"Gm29847",1356,749,607
"Gm36761",4480,1809,2671
"Gm36872",1873,610,1263
"Gm36673",3210,1617,1593
"Rny3",101,101,0
"Rpl31-ps7",417,417,0
"Rny1",111,111,0
"Pdia4",17372,2954,14418
"Mir704",77,77,0
"Rpl35a-ps7",438,438,0
"Zfp786",16658,4363,12295
"Zfp398",37877,9204,28673
"Zfp282",31277,5568,25709
"Zfp212",12072,2709,9363
"Zfp783",11375,4415,6960
"Zfp956",11911,2761,9150
"Gm6443",906,906,0
"Zfp777",32577,6371,26206
"Zfp746",24610,4125,20485
"Gm16630",266751,5395,261356
"Gm30435",15605,508,15097
"LOC105242646",25208,813,24395
"Gm30362",62918,1682,61236
"Gm7880",910,910,0
"Krba1",24270,8777,15493
"LOC105242647",5205,1106,4099
"Zfp467",18307,4870,13437
"Sspo",55020,18021,36999
"Zfp862-ps",30494,6289,24205
"Gm10243",429,429,0
"Gm7887",1209,1209,0
"1700026J14Rik",3415,3316,99
"Atp6v0e2",4233,1835,2398
"Lrrc61",15944,2998,12946
"Rarres2",3149,879,2270
"Gm5111",2033,1761,272
"Repin1",5200,3146,2054
"Zfp775",21227,4362,16865
"LOC105242648",1993,337,1656
"Gm30661",4134,4053,81
"AI854703",5522,3573,1949
"Gimap8",13690,3748,9942
"Gimap9",2996,1657,1339
"Gimap4",7576,1901,5675
"Gimap6",6662,1612,5050
"Gimap7",6016,1269,4747
"Gimap1",4749,1590,3159
"Gimap1os",3129,1295,1834
"Gimap5",9099,2899,6200
"Gimap3",6388,2145,4243
"Gm30714",2781,2641,140
"Gm30781",759,206,553
"Gm17834",579,579,0
"Tmem176b",12140,2074,10066
"Tmem176a",3882,1119,2763
"Gm7932",5173,1612,3561
"Aoc1",13934,2993,10941
"1600015I10Rik",3792,2484,1308
"Gm10242",4303,460,3843
"Gm18538",647,647,0
"Gm19172",1389,1389,0
"Doxl2",4930,2714,2216
"Gm18539",1111,1111,0
"4930563H07Rik",13001,628,12373
"Svs1",4865,2778,2087
"Gm19173",2440,2440,0
"Gpnmb",21665,3798,17867
"Gm19253",550,550,0
"Malsu1",65350,4848,60502
"Gm7890",1224,1224,0
"Igf2bp3",129792,5908,123884
"Gm18010",852,852,0
"LOC102642435",6670,4907,1763
"Tra2a",20328,2698,17630
"Gm18011",739,739,0
"Ccdc126",22322,2522,19800
"Fam221a",23322,2780,20542
"Stk31",74024,3560,70464
"Gm17060",1219,1219,0
"LOC102633308",19976,892,19084
"Rpl19-ps8",3524,3524,0
"Gm31226",44825,709,44116
"Npy",6779,547,6232
"Gm18007",847,847,0
"LOC105242649",2503,1934,569
"Mpp6",88358,2222,86136
"Dfna5",55460,3261,52199
"Osbpl3",163030,7572,155458
"LOC105244836",6176,285,5891
"Gm31279",37224,4715,32509
"LOC105242651",2219,440,1779
"Cycs",3912,3059,853
"5430402O13Rik",28223,1007,27216
"Mir6371",111,111,0
"4921507P07Rik",23611,2758,20853
"LOC105242652",3740,2079,1661
"Gm4782",2058,2058,0
"Gm8035",690,690,0
"Gm8038",2046,2046,0
"Gm8039",714,714,0
"Gm18765",660,660,0
"Npvf",3523,567,2956
"LOC105242653",19633,441,19192
"Gm3017",1135,1135,0
"C530044C16Rik",38780,1239,37541
"Gm31455",18027,2738,15289
"Gm31631",8527,297,8230
"Gm31579",4334,2173,2161
"Gm31686",9380,1565,7815
"LOC105242654",17024,1071,15953
"Gm31746",28323,3554,24769
"Gm32190",4158,1810,2348
"Gm32328",41700,1810,39890
"Gm32246",4077,1698,2379
"LOC105242655",650,463,187
"Gm32403",7906,2168,5738
"LOC105242668",57616,1573,56043
"Mir148a",99,99,0
"Gm32479",22821,494,22327
"Gm6559",13082,1694,11388
"Nfe2l3",26099,2544,23555
"Hnrnpa2b1",10059,4287,5772
"Cbx3",13089,1803,11286
"Snx10",66778,2874,63904
"LOC105242656",11394,7690,3704
"Skap2",153385,1639,151746
"Halr1",10736,556,10180
"Rps8-ps3",715,715,0
"Hoxa1",5044,3742,1302
"LOC105242658",3936,692,3244
"Hoxa2",2415,1775,640
"LOC105242657",3574,1363,2211
"Hoxa3",44006,2630,41376
"Hoxa4",2017,1528,489
"Hoxaas3",12474,835,11639
"Hoxa5",2834,1877,957
"Hoxa6",2260,699,1561
"Hoxa7",7362,5686,1676
"Mira",798,798,0
"Hoxa9",4274,3229,1045
"LOC105242659",4791,3215,1576
"Mir196b",85,85,0
"Hoxa10",9658,3142,6516
"Hoxa11",3706,2288,1418
"Hoxa11os",4527,1839,2688
"Hoxa13",2028,1313,715
"Hottip",4829,2879,1950
"5730457N03Rik",6444,2916,3528
"Evx1",4892,2888,2004
"Gm8129",314,314,0
"1700094M24Rik",7635,664,6971
"Hibadh",94071,1734,92337
"Gm33047",13859,13442,417
"Tax1bp1",53206,4183,49023
"Jazf1",300560,3461,297099
"Gm15572",5865,5865,0
"LOC105242660",3285,3136,149
"Gm33219",11399,11352,47
"LOC102635931",3617,3617,0
"Gm33097",5860,5767,93
"Gm8143",1189,1189,0
"Gm4872",5436,1881,3555
"Gm33348",5759,366,5393
"9430076C15Rik",109922,3029,106893
"Gm33580",5299,5251,48
"LOC105242662",2242,1923,319
"LOC105242661",4742,4704,38
"Creb5",124477,5757,118720
"Gm33392",11531,3997,7534
"Gm5306",820,820,0
"Tril",5358,5358,0
"Gm16499",22242,1386,20856
"Cpvl",105395,2289,103106
"Gm33716",2339,619,1720
"4921529L05Rik",38693,1518,37175
"Chn2",261881,4223,257658
"LOC105242663",10798,9380,1418
"9530036M11Rik",16546,14756,1790
"Gm15527",22073,22073,0
"9130019P16Rik",160541,4486,156055
"LOC105242664",1519,1279,240
"Prr15",3189,1381,1808
"Gm34169",13801,1600,12201
"Wipf3",74551,4679,69872
"Scrn1",94200,4194,90006
"Fkbp14",16094,3349,12745
"Plekha8",50713,6989,43724
"LOC105242665",6946,5527,1419
"Gm34249",3124,1962,1162
"Mturn",22232,5307,16925
"Znrf2",73309,2610,70699
"Nod1",48731,4496,44235
"Ggct",7871,1460,6411
"LOC102641179",1879,728,1151
"Gars",41504,2390,39114
"Gm34311",2019,1866,153
"Crhr2",42969,3095,39874
"Gm34358",12766,679,12087
"Inmt",4364,1023,3341
"Fam188b",116876,4821,112055
"LOC105242666",5207,4202,1005
"Aqp1",12257,2760,9497
"Ghrhr",12236,1598,10638
"6430584L05Rik",15399,3151,12248
"Adcyap1r1",49955,7065,42890
"Gm34441",114743,5608,109135
"Gm3729",529,529,0
"Neurod6",3446,2154,1292
"Gm3279",10004,1092,8912
"Gm34676",4470,2815,1655
"LOC105242667",15081,4577,10504
"Ccdc129",174116,6691,167425
"Ppp1r17",15174,1738,13436
"Gm18099",541,541,0
"Pde1c",582719,13986,568733
"Lsm5",3643,767,2876
"Avl9",47008,6723,40285
"Kbtbd2",20762,5023,15739
"Fkbp9",47302,3011,44291
"Nt5c3",41533,1969,39564
"Vmn1r4",33551,3302,30249
"Vmn1r5",948,948,0
"Vmn1r6",912,912,0
"Vmn1r7",936,936,0
"Vmn1r8",4785,1241,3544
"Vmn1r9",1051,1051,0
"Vmn1r10",936,936,0
"Vmn1r11",900,900,0
"Vmn1r12",924,924,0
"Vmn1r-ps8",954,954,0
"Vmn1r13",7463,1188,6275
"Vmn1r14",912,912,0
"Vmn1r15",900,900,0
"Vmn1r-ps9",647,647,0
"Vmn1r-ps10",719,719,0
"Vmn1r16",912,912,0
"Vmn1r17",912,912,0
"Vmn1r18",900,900,0
"Vmn1r19",4658,1117,3541
"Vmn1r20",912,912,0
"Vmn1r-ps11",963,963,0
"4930533I22Rik",42879,3468,39411
"Ppm1k",29015,6976,22039
"Herc6",84145,5279,78866
"Gm19244",337,337,0
"Pyurf",7340,5410,1930
"Lancl2",36995,3657,33338
"Vopp1",72862,3060,69802
"Vmn1r21",894,894,0
"Vmn1r-ps12",501,501,0
"Vmn1r22",909,909,0
"Vmn1r23",909,909,0
"Gm3382",395,395,0
"Vmn1r24",891,891,0
"Vmn1r25",909,909,0
"Vmn1r-ps13",595,595,0
"Vmn1r26",1020,1020,0
"Rps15-ps2",281,281,0
"Vmn1r-ps14",909,909,0
"Vmn1r-ps15",910,910,0
"Gm6695",1503,1503,0
"Vmn1r-ps16",234,234,0
"Vmn1r-ps17",902,902,0
"Vmn1r-ps18",951,951,0
"Vmn1r27",912,912,0
"Vmn1r-ps19",905,905,0
"Vmn1r28",3789,1078,2711
"Vmn1r29",6901,1064,5837
"Vmn1r-ps20",937,937,0
"Vmn1r30",86881,1655,85226
"Vmn1r-ps21",897,897,0
"Vmn1r31",912,912,0
"Vmn1r-ps22",908,908,0
"Gm35077",86300,3372,82928
"Vmn1r-ps23",213,213,0
"Abcg2",107961,2945,105016
"LOC105242670",54840,1032,53808
"Herc3",88922,8269,80653
"Nap1l5",1894,1894,0
"Fam13a",90967,4293,86674
"8430415O14Rik",33518,8690,24828
"Gm19165",2492,2492,0
"Tigd2",3164,3007,157
"Gprin3",81788,11247,70541
"Gm35195",7737,283,7454
"Gm18012",3205,3205,0
"Gm5570",72016,2516,69500
"A530053G22Rik",124665,1448,123217
"Gm35335",34464,3617,30847
"LOC105242671",38490,411,38079
"Gm35386",4789,1006,3783
"Snca",98283,1471,96812
"Mageb16-ps2",1662,1662,0
"Mmrn1",45062,4636,40426
"Gm18838",885,885,0
"A730020E08Rik",5207,1661,3546
"Ccser1",1202539,8702,1193837
"Gm19237",1082,1082,0
"Gm18540",530,530,0
"Gm5001",355,355,0
"Gm19131",606,606,0
"Nasp-ps1",803,803,0
"LOC102639456",3807,3807,0
"Grid2",1447491,6960,1440531
"Gm35705",5998,3807,2191
"LOC102639204",1726,1726,0
"Gm35851",24526,1832,22694
"Atoh1",2098,2098,0
"Gm18839",684,684,0
"Lt1",2489,2489,0
"Gm15534",563,563,0
"Smarcad1",73474,6658,66816
"Hpgds",27732,3772,23960
"Gm35906",4858,2647,2211
"Gm17147",2651,1481,1170
"Gm3549",800,800,0
"Gm20177",415,415,0
"Gm8479",1030,1030,0
"C130060K24Rik",76857,2953,73904
"Gm18716",845,845,0
"Gm18913",1951,1951,0
"Tnip3",108706,4016,104690
"Gm36144",9199,2432,6767
"Ndnf",40719,10983,29736
"Prdm5",158385,4221,154164
"Gm20445",2287,2287,0
"4930544G11Rik",1444,1444,0
"Gm5876",899,899,0
"Gm36408",123926,358,123568
"Gm31520",1170,1170,0
"LOC105242673",4669,848,3821
"2610300M13Rik",14541,2837,11704
"Gm19764",21299,734,20565
"Tpm3-rs3",1840,1840,0
"Gm6786",1913,1913,0
"Mad2l1",5861,2062,3799
"Vmn1r32",7526,2442,5084
"Gm5307",1976,1976,0
"Vmn1r33",918,918,0
"Vmn1r34",930,930,0
"Vmn1r35",891,891,0
"Gm6794",517,517,0
"Vmn1r36",918,918,0
"Vmn1r37",909,909,0
"Gm4045",446,446,0
"Vmn1r-ps24",899,899,0
"Vmn1r38",909,909,0
"Vmn1r39",918,918,0
"Gm36610",7059,423,6636
"Gm9794",503,503,0
"Gng12",124965,4700,120265
"Gm36816",27688,5273,22415
"Gm29848",3060,3060,0
"Gadd45a",2312,1224,1088
"E230016M11Rik",44054,1762,42292
"Gm29928",11332,3390,7942
"A430010J10Rik",11210,5052,6158
"LOC105242674",8036,2160,5876
"Gm8566",653,653,0
"Serbp1",22324,6685,15639
"Il12rb2",91001,9961,81040
"Gm8574",925,925,0
"Gm4761",582,582,0
"Il23r",68924,2488,66436
"Tacstd2",1764,1764,0
"Igk",3171119,3171119,0
"Igkv2-137",581,362,219
"4930515G16Rik",466,466,0
"Igkv1-136",433,354,79
"Igkv1-135",764,362,402
"Gm9728",1221,1221,0
"Rpl18a-ps2",200,200,0
"Igkv14-134-1",455,335,120
"LOC102641749",3695,385,3310
"Igkv17-134",497,342,155
"Igkv1-133",748,362,386
"Gm5308",1511,1511,0
"Rpl18a-ps3",200,200,0
"Igkv1-132",714,362,352
"Igkv1-131",737,362,375
"Gm18980",1079,1079,0
"Igkv14-130",466,466,0
"Igkv9-129",474,353,121
"Igkv9-128",466,353,113
"Igkv17-127",501,344,157
"Igkv14-126-1",467,346,121
"Gm9729",2915,2915,0
"Igkv14-126",466,353,113
"Igkv11-125",480,353,127
"Igkv9-124",465,351,114
"Igkv9-123",461,351,110
"Igkv1-122",747,359,388
"Igkv17-121",501,353,148
"Igkv9-120",472,348,124
"Igkv9-119",466,353,113
"Igkv14-118-2",460,339,121
"Igkv14-118-1",599,391,208
"Gm5309",345,345,0
"Igkv11-118",467,345,122
"Igkv1-117",735,357,378
"Igkv2-116",733,269,464
"Igkv1-115",920,362,558
"Igkv11-114",465,344,121
"Igkv2-113",764,362,402
"Gm4873",4447,4447,0
"Igkv2-112",725,360,365
"Igkv14-111",466,353,113
"Igkv1-110",739,357,382
"Igkv2-109",720,362,358
"Igkv1-108",306,306,0
"Igkv2-107",655,313,342
"Igkv11-106",469,347,122
"Igkv2-105",781,363,418
"Gm5310",2849,2849,0
"Igkv16-104",468,348,120
"Igkv15-103",458,347,111
"Igkv15-102",465,326,139
"Igkv20-101-2",211,211,0
"Igkv15-101-1",492,315,177
"Igkv15-101",298,298,0
"Igkv14-100",466,353,113
"Igkv1-99",765,362,403
"Igkv12-98",473,347,126
"Igkv15-97",453,333,120
"Igkv10-96",466,345,121
"Igkv2-95-2",533,172,361
"Igkv2-95-1",584,223,361
"Igkv10-95",470,347,123
"Igkv10-94",471,347,124
"Igkv2-93-1",584,223,361
"LOC105244886",1616,519,1097
"Igkv19-93",468,347,121
"Igkv4-92",556,351,205
"Igkv4-91",549,358,191
"Igkv4-90",529,351,178
"Igkv13-89-1",49,49,0
"Igkv12-89",462,338,124
"Igkv1-88",767,362,405
"Igkv13-87",466,346,120
"Igkv4-86",528,343,185
"Igkv13-85",466,347,119
"Igkv13-84",466,347,119
"Igkv4-83",642,346,296
"Igkv13-82",466,346,120
"Igkv4-81",537,358,179
"Igkv13-80-1",371,256,115
"Igkv4-80",523,348,175
"Igkv4-79",534,358,176
"Igkv13-78-1",351,225,126
"Igkv4-78",535,358,177
"Igkv4-77",529,352,177
"Igkv13-76",467,347,120
"Igkv4-75",542,359,183
"Igkv13-74-1",372,256,116
"Igkv4-74",536,358,178
"Igkv13-73-1",210,210,0
"Igkv4-73",534,358,176
"Igkv4-72",530,352,178
"Igkv13-71-1",232,232,0
"Igkv4-71",529,352,177
"Igkv4-70",525,438,87
"Igkv4-69",526,348,178
"Igkv4-68",530,352,178
"Igkv12-67",470,348,122
"Rprl1",238,238,0
"Igkv12-66",473,349,124
"Igkv4-65",533,358,175
"Igkv13-64",466,346,120
"Igkv4-63",529,352,177
"Igkv13-62-1",377,260,117
"Igkv4-62",533,352,181
"Igkv13-61-1",377,260,117
"Igkv4-61",533,352,181
"Igkv4-59",524,352,172
"Igkv4-60",438,264,174
"Igkv4-58",505,330,175
"Igkv13-57-2",278,278,0
"Igkv4-57-1",525,332,193
"Igkv13-57-1",373,256,117
"Igkv4-57",526,352,174
"Igkv13-56-1",209,209,0
"Igkv4-56",516,349,167
"Igkv13-55-1",377,260,117
"Igkv4-55",527,352,175
"Igkv13-54-1",376,250,126
"Igkv4-54",531,352,179
"Igkv4-53",531,358,173
"Igkv4-51",534,358,176
"Igkv4-50",521,352,169
"Igkv12-49",459,342,117
"Igkv5-48",553,347,206
"Igkv12-47",457,335,122
"Igkv12-46",470,347,123
"Igkv5-45",557,347,210
"Igkv12-44",470,347,123
"Igkv5-43",557,347,210
"Igkv12-42",454,331,123
"Igkv12-41",465,347,118
"Igkv5-40-1",599,391,208
"Igkv12-40",470,347,123
"Igkv5-39",554,347,207
"Igkv12-38",463,347,116
"Igkv5-37",550,347,203
"Igkv18-36",513,347,166
"Igkv1-35",725,362,363
"Igkv8-34",567,365,202
"Igkv7-33",568,365,203
"Igkv6-32",561,347,214
"Igkv8-31",320,320,0
"Igkv8-30",557,365,192
"Amd-ps2",1830,1830,0
"Igkv6-29",621,347,274
"Igkv8-28",569,569,0
"Igkv8-27",462,360,102
"Igkv8-26",570,371,199
"Gm8828",5633,5633,0
"Igkv6-25",525,347,178
"Igkv8-24",564,365,199
"Igkv8-23-1",284,284,0
"Igkv6-23",525,347,178
"Gm8836",1982,1982,0
"Igkv8-22",566,367,199
"Igkv8-21",558,362,196
"Amd-ps5",3347,3347,0
"Igkv6-20",639,347,292
"Igkv8-19",573,365,208
"Igkv8-18",569,370,199
"Gm8848",1361,1361,0
"Igkv6-17",525,347,178
"Igkv8-16",567,365,202
"Igkv6-15",524,347,177
"Gm8853",1380,1380,0
"Gm6157",2293,2293,0
"Igkv6-14",525,347,178
"Gm8862",1364,1364,0
"Igkv6-13",534,357,177
"Gm8872",1359,1359,0
"Igkv3-12-1",681,681,0
"Igkv3-12",600,359,241
"Igkv3-11",1167,928,239
"Igkv3-10",598,359,239
"Igkv3-9",589,359,230
"Igkv3-8",582,343,239
"Igkv3-7",600,359,241
"Igkv3-6",1161,928,233
"Igkv3-5",598,359,239
"Igkv3-4",589,359,230
"Igkv3-3",589,359,230
"Igkv3-2",600,359,241
"Igkv3-1",600,359,241
"Igkj1",38,38,0
"Igkj2",39,39,0
"Igkj3",38,38,0
"Igkj4",38,38,0
"Igkj5",38,38,0
"Igkc",320,320,0
"Gm30211",20030,1143,18887
"Rpia",26456,1772,24684
"Gm30331",7801,2079,5722
"Eif2ak3",60757,4539,56218
"Tex37",38062,1152,36910
"Foxi3",4461,1206,3255
"LOC105242675",18857,2195,16662
"Rpl34-ps1",413,413,0
"Thnsl2",16215,2086,14129
"Gm30391",5100,284,4816
"LOC105242676",3864,516,3348
"Fabp1",5136,492,4644
"Smyd1",48342,3361,44981
"Krcc1",13751,2021,11730
"Mir8112",131,131,0
"Gm1070",9392,3150,6242
"LOC105242677",10364,1158,9206
"Cd8b1",14640,1416,13224
"Cd8a",26400,3676,22724
"LOC105242678",8483,6260,2223
"Rmnd5a",52004,6165,45839
"Gm30582",21089,3044,18045
"Rnf103",16988,3343,13645
"LOC105242679",4243,3689,554
"Chmp3",38808,3125,35683
"Kdm3a",44328,5790,38538
"Gm6063",726,726,0
"Rpl19-ps9",708,708,0
"Reep1",103030,3804,99226
"Mrpl35",10788,3695,7093
"Immt",46321,3153,43168
"Gm17825",855,855,0
"Ptcd3",28135,3332,24803
"Polr1a",70383,6343,64040
"Gm19078",944,944,0
"LOC105242680",2309,867,1442
"9130221F21Rik",28633,2631,26002
"Gm8952",1099,1099,0
"St3gal5",57017,2743,54274
"4933431G14Rik",2985,1670,1315
"LOC105242681",4541,4451,90
"LOC105242682",5476,1017,4459
"Atoh8",29607,2713,26894
"Gm30782",4894,1789,3105
"Sftpb",9764,1564,8200
"Usp39",26542,2283,24259
"0610030E20Rik",6140,5007,1133
"Tmem150a",4280,1510,2770
"Rnf181",7254,1742,5512
"Vamp5",12420,1744,10676
"Gm30872",7917,2878,5039
"Vamp8",5447,786,4661
"Ggcx",16811,4161,12650
"Mat2a",6813,3201,3612
"4930414L22Rik",1933,1933,0
"Sh2d6",20556,2620,17936
"Capg",18593,1917,16676
"Elmod3",32492,2933,29559
"Retsat",8861,1937,6924
"Tgoln1",8581,5025,3556
"Tcf7l1",162675,3478,159197
"Gm15401",8430,1529,6901
"Gm31391",41448,6983,34465
"LOC105244842",11490,11490,0
"Gm31249",8231,3935,4296
"LOC105242683",3083,2877,206
"Kcmf1",58866,3251,55615
"Tmsb10",1402,943,459
"Gm18402",534,534,0
"Gm31547",3686,1384,2302
"Gm20560",6932,2080,4852
"Dnah6",204795,14016,190779
"LOC105244843",3103,871,2232
"Suclg1",28403,1392,27011
"LOC105242685",5474,2576,2898
"LOC105244844",2234,1064,1170
"Olfr210-ps1",902,902,0
"1700065L07Rik",34057,635,33422
"4931417E11Rik",1095,1095,0
"Gm4374",428,327,101
"Gm31747",22565,3086,19479
"Gm8992",1103,1103,0
"Gm8993",769,769,0
"Gm6210",2103,2103,0
"Gm8999",958,958,0
"LOC105242686",47535,193,47342
"Gm9001",619,619,0
"Gm31806",2221,589,1632
"Gm5995",1268,1268,0
"Gm9008",2289,2289,0
"LOC105242687",16126,273,15853
"Gm31860",5214,2262,2952
"Ctnna2",1098058,4164,1093894
"Lrrtm1",17436,5366,12070
"6330415B21Rik",2219,2219,0
"LOC105242688",6436,5749,687
"Gm21045",1020,1020,0
"Gm5576",1292,1292,0
"Reg3b",2582,759,1823
"Reg3d",2992,782,2210
"Reg3a",3131,837,2294
"Reg2",2943,692,2251
"Reg1",8442,792,7650
"Reg3g",2607,774,1833
"Gm21392",3040,806,2234
"Gm6072",707,707,0
"Gm20362",3828,2088,1740
"Gm5311",700,700,0
"Gm6261",864,864,0
"Gm20594",334,334,0
"Lrrtm4",791304,7262,784042
"LOC105244845",1613,1515,98
"Gm32091",19642,6393,13249
"LOC105242690",17261,399,16862
"LOC105242691",8984,1223,7761
"Gm32223",10867,812,10055
"Gm4874",629,629,0
"LOC105242692",11672,976,10696
"Mir7232",74,74,0
"Mir468",78,78,0
"1700009C05Rik",10336,787,9549
"LOC105242693",6841,2387,4454
"Gcfc2",35463,3484,31979
"Mrpl19",8124,5016,3108
"LOC105242694",1359,1271,88
"Gm20383",2501,2059,442
"Gm32378",7839,707,7132
"Eva1a",52052,1988,50064
"LOC105244846",3345,3177,168
"LOC105244847",6305,645,5660
"Gm31861",13025,914,12111
"Tacr1",158100,5602,152498
"Pole4",34012,2248,31764
"Gm32425",26612,964,25648
"Gm32534",4065,652,3413
"Gm32480",1585,1137,448
"Hk2",49430,5513,43917
"LOC105242696",1325,373,952
"Gm32591",10127,2926,7201
"2310069B03Rik",3988,1831,2157
"Gm6312",1458,1458,0
"Sema4f",27878,5945,21933
"M1ap",83402,2308,81094
"LOC102635339",371,371,0
"Gm32644",14718,764,13954
"Dok1",2540,1809,731
"Loxl3",18341,4049,14292
"Mir7040",63,63,0
"Htra2",3306,1725,1581
"Aup1",3162,1705,1457
"Dqx1",9489,3512,5977
"Tlx2",1901,1434,467
"Pcgf1",2466,874,1592
"Lbx2",1877,817,1060
"Mir3470a",77,77,0
"Ccdc142",7606,3129,4477
"Ccdc142os",1357,805,552
"Mrpl53",825,620,205
"Mogs",3397,2774,623
"Wbp1",2620,1550,1070
"Ino80b",3202,1038,2164
"Rtkn",18141,7375,10766
"Wdr54",3697,1398,2299
"1700003E16Rik",6572,2050,4522
"Dctn1",34204,8136,26068
"Gm15624",9375,7221,2154
"Slc4a5",97366,6179,91187
"Mthfd2",20244,2369,17875
"Mob1a",17664,4315,13349
"Bola3",8909,530,8379
"Tet3",94941,12623,82318
"Mir6374",107,107,0
"B230319C09Rik",6568,1689,4879
"Dguok",26756,1924,24832
"Actg2",23343,1315,22028
"LOC105242698",19736,2733,17003
"Stambp",32565,3057,29508
"Gm18537",984,984,0
"Gm21284",20088,3739,16349
"Gm7424",994,994,0
"Clec4f",11575,2400,9175
"Cd207",6651,1530,5121
"Vax2os",19396,3461,15935
"Vax2",27966,4507,23459
"Gm32943",1884,811,1073
"Atp6v1b1",15794,1927,13867
"1700124L16Rik",750,346,404
"Ankrd53",5681,1737,3944
"Tex261",6934,3105,3829
"Gm7443",2279,2279,0
"Nagk",7526,1610,5916
"Paip2b",25684,3574,22110
"Gm5312",623,623,0
"Gm6342",687,687,0
"Zfml",120014,6874,113140
"Gm5138",1200,1200,0
"Dysf",202745,8156,194589
"Gm33024",3563,1779,1784
"Gm7498",901,901,0
"Gm10445",10897,762,10135
"LOC105242699",42112,912,41200
"Cyp26b1",22495,7877,14618
"Exoc6b",451774,6249,445525
"Gm7507",1229,1229,0
"Npm3-ps1",986,986,0
"Gm5878",14679,4643,10036
"Spr",4085,1226,2859
"Gm10444",5715,1081,4634
"Spr-ps1",989,989,0
"Gm33200",1530,1203,327
"LOC105242700",12367,3730,8637
"Emx1",16533,1173,15360
"Sfxn5",120435,3825,116610
"Rab11fip5",39687,6138,33549
"Mir705",82,82,0
"LOC105242701",12307,849,11458
"Noto",4992,1602,3390
"Smyd5",14454,2493,11961
"Pradc1",5186,1490,3696
"Cct7",16973,2452,14521
"Fbxo41",33455,6714,26741
"Egr4",2421,2100,321
"Alms1",139113,11603,127510
"Gm4477",6493,2316,4177
"Alms1-ps1",34717,34717,0
"Cml3",5155,1880,3275
"Mir6375",95,95,0
"Alms1-ps2",11941,1170,10771
"Gm11128",1834,1380,454
"Cml5",3755,986,2769
"Nat8",6250,1352,4898
"Gm9769",1570,1570,0
"LOC105242703",4824,2508,2316
"Cml2",3716,3280,436
"1700019G17Rik",10375,9449,926
"Cml1",5524,1099,4425
"Tprkb",15007,2742,12265
"Gm18290",752,752,0
"Nat8b",826,826,0
"Gm7542",775,775,0
"Dusp11",19778,6845,12933
"Gm33319",18855,9609,9246
"4930553P18Rik",4970,1653,3317
"Figla",10677,1409,9268
"Add2",95729,9756,85973
"Gm19596",22175,741,21434
"Tgfa",80199,4229,75970
"Gm7545",1227,1227,0
"Gm10443",310,310,0
"Gm18862",1145,1145,0
"Fam136a",4611,1686,2925
"Snrpg",7363,393,6970
"Pcyox1",11153,4299,6854
"Tia1",29187,5872,23315
"LOC105242704",410,354,56
"C87436",33061,4283,28778
"A430078I02Rik",11567,7192,4375
"LOC105242705",604,509,95
"2310040G24Rik",4852,775,4077
"Pcbp1",1678,1678,0
"1600020E01Rik",37120,681,36439
"LOC105242392",2446,1395,1051
"Asprv1",1537,1537,0
"Mxd1",24399,6945,17454
"LOC105242706",9111,8965,146
"Snrnp27",9323,836,8487
"Gmcl1",41611,3073,38538
"Anxa4",56754,2718,54036
"2610306M01Rik",1034,1034,0
"Aak1",153746,20209,133537
"LOC102637099",8251,7476,775
"Nfu1",19171,1359,17812
"Gfpt1",49362,6248,43114
"D6Ertd527e",12539,4549,7990
"LOC105244848",5696,3053,2643
"Antxr1",201957,5331,196626
"LOC105242708",46198,7760,38438
"Gm34170",2680,674,2006
"Gm34090",9338,9278,60
"Gkn1",5263,1220,4043
"Gkn2",6130,777,5353
"Gkn3",5617,793,4824
"Bmp10",5511,1317,4194
"Arhgap25",74716,5555,69161
"Prokr1",12186,4263,7923
"Gm34222",5944,3755,2189
"Gm34312",1355,1006,349
"Aplf",43740,3950,39790
"LOC105242709",2612,2555,57
"E230015B07Rik",7551,2375,5176
"1810020O05Rik",15255,1047,14208
"LOC105242710",11900,3815,8085
"Efcc1",25093,2806,22287
"Gm34414",8088,5003,3085
"LOC105242711",5301,3884,1417
"Gm5879",1355,1355,0
"Gp9",3665,2057,1608
"Rab43",23312,4954,18358
"Isy1",20313,1620,18693
"Cnbp",8492,2178,6314
"Copg1",25777,4656,21121
"Hmces",22708,1601,21107
"Gm19038",1412,1412,0
"Rps19-ps9",1005,486,519
"H1fx",1062,1062,0
"Gm5577",2498,1423,1075
"Rab7",46165,2622,43543
"Gm34872",4861,3216,1645
"LOC105242712",5708,507,5201
"Rpn1",20832,3642,17190
"Mir6376",131,131,0
"LOC105242713",2505,224,2281
"Gm35114",8531,405,8126
"Gata2",14455,4666,9789
"LOC105242443",3195,1965,1230
"LOC105242714",6508,2588,3920
"Dnajb8",989,989,0
"Eefsec",189227,2700,186527
"Ruvbl1",32144,1655,30489
"LOC105242715",3494,1458,2036
"Sec61a1",15194,3039,12155
"Kbtbd12",79727,2042,77685
"Gm26588",10923,3279,7644
"Mgll",103949,4681,99268
"LOC105242716",6851,6756,95
"Abtb1",6473,2300,4173
"Podxl2",32497,3142,29355
"Gm15612",4421,3118,1303
"Gm36189",2995,2995,0
"Mcm2",15307,3371,11936
"Tpra1",9990,4959,5031
"Gm36268",2312,1675,637
"Gm36354",6560,3141,3419
"Gm36505",45827,3193,42634
"Gm36409",9140,7817,1323
"Gm36581",2167,1119,1048
"Gm36639",2077,609,1468
"4933427D06Rik",13923,2856,11067
"Gm1965",6377,2433,3944
"LOC101056056",1446,744,702
"Gm839",3983,753,3230
"4930512J16Rik",17429,1782,15647
"Gm36735",3037,2165,872
"Plxna1",46301,9028,37273
"LOC105244887",1846,978,868
"Chchd6",212507,1126,211381
"Gm19896",369,369,0
"Txnrd3",31542,2836,28706
"Vmn1r-ps25",830,830,0
"Vmn1r40",3872,1378,2494
"Vmn1r41",6527,1025,5502
"Vmn1r-ps26",954,954,0
"Vmn1r-ps27",937,937,0
"Vmn1r42",1098,1098,0
"Vmn1r43",1069,1069,0
"Vmn1r44",2046,1006,1040
"Vmn1r-ps28",942,942,0
"Vmn1r45",8858,3249,5609
"Vmn1r46",7797,1158,6639
"Vmn1r-ps29",6980,6980,0
"Vmn1r47",933,933,0
"Vmn1r48",909,909,0
"Vmn1r-ps31",279,279,0
"Vmn1r49",6289,1031,5258
"Vmn1r50",933,933,0
"Vmn1r51",8003,2359,5644
"Vmn1r-ps32",956,956,0
"Vmn1r52",930,930,0
"V1ra8",840,840,0
"Vmn1r53",1122,1122,0
"Gm4287",582,582,0
"Vmn1r-ps34",926,926,0
"Vmn1r54",948,948,0
"BC048671",4180,1485,2695
"Chst13",16835,1651,15184
"Uroc1",31313,3537,27776
"Zxdc",34008,6926,27082
"Ccdc37",26516,3760,22756
"Klf15",16545,5352,11193
"Aldh1l1",48405,3165,45240
"LOC102631993",10244,4284,5960
"Slc41a3",41684,3322,38362
"Iqsec1",328865,9938,318927
"Rpl21-ps12",576,576,0
"Ppp1r2-ps2",1567,1567,0
"LOC105242717",696,561,135
"Nup210",103937,7212,96725
"Gm30364",9694,2692,7002
"Hdac11",17878,2543,15335
"Fbln2",59777,4655,55122
"Wnt7a",47387,3176,44211
"Gm30437",1189,1095,94
"Vmn1r-ps35",535,535,0
"Gm4575",1201,1201,0
"Vmn1r-ps36",402,402,0
"4930471M09Rik",10395,1112,9283
"1810044D09Rik",769,486,283
"Chchd4",9148,1245,7903
"Tmem43",14708,2850,11858
"Xpc",26584,3634,22950
"Lsm3",6586,631,5955
"LOC105244853",18941,440,18501
"Gm30628",16210,771,15439
"Slc6a6",75020,6323,68697
"Grip2",82447,6253,76194
"Ccdc174",22196,2310,19886
"4930590J08Rik",49045,6772,42273
"Fgd5",97185,6156,91029
"Nr2c2",82691,10327,72364
"Mrps25",14512,6076,8436
"Rbsn",28190,5739,22451
"Trh",2590,1384,1206
"Gm30688",46590,1634,44956
"Prickle2",335445,8992,326453
"LOC105242720",18743,3055,15688
"LOC105242719",2212,2083,129
"Gm17797",1206,1206,0
"Gm5880",1549,1549,0
"Adamts9",171349,8571,162778
"A730049H05Rik",30599,10758,19841
"9530026P05Rik",171168,995,170173
"Gm5313",1205,1205,0
"LOC105242721",43064,5152,37912
"Gm21052",1673,1673,0
"Gm7812",876,876,0
"Magi1",608468,13223,595245
"Gm31721",3149,2323,826
"4930511A08Rik",113110,8982,104128
"Gm31661",8037,1540,6497
"Gm19908",12659,626,12033
"Gm7825",446,446,0
"Gm19079",536,536,0
"Slc25a26",104516,4056,100460
"Lrig1",95725,5122,90603
"Mir7041",52,52,0
"Gm6638",635,635,0
"Gm7833",1208,1208,0
"4930511E03Rik",7712,2232,5480
"LOC102634268",3648,601,3047
"Kbtbd8",11914,4732,7182
"Gm17822",685,685,0
"Gm5723",4215,4215,0
"AY512915",43420,3653,39767
"Suclg2",245838,3804,242034
"Gm32009",50516,1416,49100
"LOC105242722",17745,4583,13162
"Gm7838",1144,1144,0
"LOC102634502",99272,11433,87839
"Gm5881",374,374,0
"Fam19a1",544430,3709,540721
"1700123L14Rik",1703,1703,0
"Fam19a4",248919,2766,246153
"Eogt",39688,5488,34200
"Tmf1",27175,6781,20394
"Uba3",22016,3571,18445
"Arl6ip5",22524,1339,21185
"Lmod3",14570,2305,12265
"Gm32191",17406,737,16669
"Frmd4b",330791,7898,322893
"Gm32380",3784,3560,224
"Gm19653",796,796,0
"Gm32247",78444,4620,73824
"Gm32481",16478,545,15933
"Mitf",214358,6486,207872
"Gm15531",345,345,0
"Gm32592",26791,5689,21102
"Gm765",104741,826,103915
"Gm32535",3654,922,2732
"Gm7892",578,578,0
"Gm32646",20360,548,19812
"Gm32705",2414,554,1860
"Gm32783",4315,449,3866
"4930595L18Rik",20799,746,20053
"Gm32308",2710,249,2461
"Gm32381",534,534,0
"Foxp1",597683,11850,585833
"Gm19665",10648,10648,0
"LOC105242725",7459,7426,33
"LOC105244858",2999,2802,197
"Gm32882",5105,4908,197
"Eif4e3",41635,2513,39122
"Gpr27",1140,1140,0
"Prok2",15094,1513,13581
"Gm26748",7105,3319,3786
"Gm5314",8750,1282,7468
"Gm6681",686,686,0
"Gm33143",1701,312,1389
"Tpt1-ps3",823,823,0
"Gm33201",21025,1785,19240
"Gm33243",25347,1954,23393
"LOC105242726",4590,2126,2464
"Gm33297",1797,1213,584
"Gm33448",26593,1349,25244
"Gm33554",5226,1054,4172
"LOC105242727",3814,1976,1838
"Rybp",58794,4376,54418
"Gm18422",1033,1033,0
"Gm33688",9955,6358,3597
"LOC105242728",2181,187,1994
"Gm33741",5982,660,5322
"1700049E22Rik",6027,507,5520
"LOC105242729",7872,7787,85
"Shq1",98632,2546,96086
"Gm6565",1850,1850,0
"Gxylt2",101394,2872,98522
"Gm15576",847,847,0
"Ppp4r2",36312,4873,31439
"Gm26911",162488,23760,138728
"LOC102636828",3401,3401,0
"Pdzrn3",228291,4512,223779
"Gm33934",24729,5647,19082
"Gm33878",3814,3765,49
"Gm34335",22771,5711,17060
"Gm32453",2414,472,1942
"Gm9871",27734,1560,26174
"Gm7924",845,845,0
"Cntn3",401317,8094,393223
"4930587E11Rik",71537,2098,69439
"LOC105242731",20371,4539,15832
"Mir6373",102,102,0
"Chl1",222457,8964,213493
"Gm7946",958,958,0
"Gm34587",16661,793,15868
"Gm21054",657,657,0
"Gm18100",550,550,0
"Cntn6",370703,4156,366547
"LOC105242732",8792,4321,4471
"LOC105244860",10669,5112,5557
"Gm5315",2033,2033,0
"Gm19757",11403,2946,8457
"Gm4602",461,461,0
"Gm15631",8209,5826,2383
"Cntn4",1022491,7620,1014871
"Il5ra",38663,3557,35106
"Trnt1",13345,3996,9349
"Crbn",21844,4054,17790
"Gm34873",22401,181,22220
"Gm6064",762,762,0
"Gm34933",13580,1598,11982
"Lrrn1",40503,3756,36747
"Gm35017",12360,1169,11191
"Vmn1r-ps37",439,439,0
"Vmn1r-ps38",822,822,0
"Gm19177",582,582,0
"Setmar",12083,1770,10313
"Sumf1",78571,3424,75147
"Gm4604",403,403,0
"LOC105242735",707,542,165
"Itpr1",338034,10414,327620
"Gm35165",22778,7581,15197
"Mir7661",61,61,0
"Gm16433",2245,2245,0
"0610040F04Rik",83899,2393,81506
"4833447P13Rik",2008,2008,0
"Bhlhe40",6297,3113,3184
"Gm35359",13851,671,13180
"Arl8b",40665,2928,37737
"Gm35417",25876,2241,23635
"Edem1",30716,5943,24773
"LOC105242736",8694,836,7858
"Gm29781",739,739,0
"Gm32858",10881,725,10156
"Gm4605",627,627,0
"Gm35467",10517,777,9740
"Gm19039",549,549,0
"Gm20387",6165,1974,4191
"Grm7",921773,7578,914195
"1700054K19Rik",1812,452,1360
"Lmcd1",56668,1730,54938
"5031434C07Rik",3526,2116,1410
"Ssu2",28878,2598,26280
"LOC105242737",5090,748,4342
"LOC105244863",1779,1129,650
"Gm35649",11090,2873,8217
"Cav3",13368,1157,12211
"Oxtr",17625,5533,12092
"Gm35706",4502,301,4201
"Gm15519",2729,2729,0
"Gm5578",3393,3393,0
"Gm35764",1264,1165,99
"Rad18",76839,2720,74119
"Gm35824",323,209,114
"LOC105242738",1975,1024,951
"Srgap3",229474,9366,220108
"Gm19021",654,654,0
"Gm6134",288,288,0
"Gm8083",479,479,0
"Thumpd3",22027,2930,19097
"Gt(ROSA)26Sor",9817,1606,8211
"Setd5",75803,7226,68577
"Lhfpl4",27298,4765,22533
"Mtmr14",43758,2884,40874
"Cpne9",23306,4687,18619
"Brpf1",18814,5989,12825
"Ogg1",7213,1628,5585
"Camk1",9799,1434,8365
"Gm20589",1405,1405,0
"Tada3",11307,2350,8957
"Arpc4",12335,2271,10064
"Ttll3",25324,3972,21352
"Rpusd3",4141,1388,2753
"Cidec",11127,1809,9318
"Jagn1",5713,1260,4453
"Il17re",12275,3071,9204
"Il17rc",11709,2507,9202
"Creld1",10042,2306,7736
"Prrt3",8598,4254,4344
"Emc3",16752,1958,14794
"Fancd2",65358,5534,59824
"LOC105242740",7819,502,7317
"Fancd2os",3955,1564,2391
"Brk1",12180,1095,11085
"Vhl",7613,2730,4883
"Irak2",56560,3394,53166
"Tatdn2",13572,2929,10643
"Mir7042",58,58,0
"Ghrl",11367,10010,1357
"Sec13",12630,1301,11329
"Atp2b2",298772,10253,288519
"Gm15083",48807,5708,43099
"Gm36023",4638,1042,3596
"Slc6a11",118646,4066,114580
"Gm8132",590,590,0
"Slc6a1",34891,4295,30596
"LOC105242741",41594,461,41133
"Hrh1",85372,5073,80299
"Atg7",217518,4574,212944
"Gm19040",3243,3243,0
"Vgll4",109369,4118,105251
"LOC105242742",3334,3225,109
"Tamm41",33528,1295,32233
"Gm36190",3087,1780,1307
"Gm17733",7236,1048,6188
"Syn2",147725,5773,141952
"Gm18325",876,876,0
"Timp4",6252,1434,4818
"LOC105242743",10864,462,10402
"LOC105242744",4456,1918,2538
"Pparg",129526,3287,126239
"Gm36301",13640,1608,12032
"Gm36355",19213,5068,14145
"Tsen2",33637,1778,31859
"Mkrn2os",9030,2539,6491
"Mkrn2",16733,2240,14493
"Raf1",58557,3891,54666
"Gm14335",1203,1203,0
"LOC105242745",4390,668,3722
"Tmem40",33336,2245,31091
"Cand2",30999,5555,25444
"Mir7660",63,63,0
"Rpl32",3230,504,2726
"Snora7a",129,129,0
"Efcab12",28063,2930,25133
"Mbd4",12742,4663,8079
"Ift122",73240,4312,68928
"Rho",13283,6043,7240
"H1foo",5949,1772,4177
"Plxnd1",40195,6962,33233
"Tmcc1",174769,11529,163240
"Gm8203",896,896,0
"Gm8213",12642,752,11890
"9530062K07Rik",7849,4019,3830
"Fam21",54646,4525,50121
"Zfand4",66171,5638,60533
"March8",71657,6574,65083
"Alox5",51142,2861,48281
"LOC105242748",27881,1665,26216
"Olfr211",5424,1173,4251
"Olfr212",11767,3015,8752
"Olfr213",984,984,0
"Gm5580",2432,1571,861
"Olfr214",963,963,0
"Olfr215",933,933,0
"Gm18485",1057,1057,0
"Zfp422",4984,3631,1353
"Rassf4",40843,7090,33753
"Mir7043",70,70,0
"8430408G22Rik",2164,1317,847
"LOC105242749",1347,893,454
"Tmem72",37876,10755,27121
"Gm36788",3627,2785,842
"Gm36873",66058,803,65255
"LOC102631679",7371,1500,5871
"Cxcl12",12834,7161,5673
"Rpl28-ps4",474,474,0
"Gm6227",445,445,0
"6820426E19Rik",5412,2539,2873
"Gm18965",1892,1892,0
"Gm9946",9410,5814,3596
"1700030F04Rik",72563,418,72145
"Gm6253",891,891,0
"Zfp637",4801,1603,3198
"Zfp239",10686,3723,6963
"LOC105242750",6049,2227,3822
"LOC105242751",2601,2515,86
"Hnrnpf",25283,3423,21860
"Fxyd4",4952,2577,2375
"LOC105242752",23949,1562,22387
"Gm4875",1087,1087,0
"Rasgef1a",80081,4334,75747
"Mir7044",72,72,0
"Csgalnact2",31689,4252,27437
"Ret",45997,7341,38656
"1700069P05Rik",1760,787,973
"Gm30557",17836,1969,15867
"Gm30498",8553,632,7921
"Bms1",36638,4889,31749
"Zfp248",28188,3661,24527
"LOC105242753",1466,1354,112
"Zfp9",17578,4175,13403
"Gm18223",822,822,0
"Ankrd26",60962,7144,53818
"Cacna1c",611682,19247,592435
"LOC105242756",2678,1137,1541
"Gm18981",1599,1599,0
"Gm30629",12840,12079,761
"Gm18008",547,547,0
"LOC105242755",7260,1302,5958
"4931430N09Rik",5386,2166,3220
"LOC105242754",6242,6080,162
"Dcp1b",47487,4871,42616
"Cacna2d4",116919,6840,110079
"Lrtm2",17138,3997,13141
"Adipor2",64334,4233,60101
"Wnt5b",112294,2939,109355
"LOC105244866",8007,3572,4435
"Fbxl14",4219,4219,0
"LOC105244865",3499,3441,58
"Gm30690",13083,12652,431
"Erc1",278944,11630,267314
"3110021A11Rik",837,837,0
"Gm15532",881,881,0
"Rad52",20617,4874,15743
"Wnk1",114687,12340,102347
"Mir706",84,84,0
"Gm33244",2861,2600,261
"Ninj2",106960,1874,105086
"B4galnt3",94253,6734,87519
"Ccdc77",40048,3641,36407
"Kdm5a",80476,11506,68970
"Il17ra",20551,3990,16561
"Cecr6",4869,4869,0
"LOC105242758",12304,1054,11250
"Cecr5",21871,3663,18208
"1700072O05Rik",19409,668,18741
"Cecr2",104875,9401,95474
"Slc25a18",20660,2467,18193
"Atp6v1e1",27442,1204,26238
"Gm19245",330,330,0
"LOC105242759",13102,1084,12018
"Bcl2l13",56622,6942,49680
"Bid",24024,2302,21722
"Gm17812",988,988,0
"Mical3",242212,12246,229966
"Gm4651",7897,7682,215
"Minpp1-ps",1118,1118,0
"Gm30842",17661,2018,15643
"Pex26",14250,4486,9764
"LOC102643040",2330,809,1521
"Tuba8",15328,1432,13896
"Usp18",25012,1771,23241
"Slc6a13",37429,2383,35046
"Slc6a12",23175,2996,20179
"Iqsec3",100777,9718,91059
"LOC105242760",13136,12008,1128
"A2m",43073,6249,36824
"Gm7298",50145,3907,46238
"Mug1",50561,5001,45560
"Mug4-ps",43380,3651,39729
"Mug2",79250,5014,74236
"Gm10319",14331,1350,12981
"Mug-ps1",72514,4683,67831
"Klrg1",12238,1365,10873
"Gm6637",3236,1361,1875
"M6pr",8668,2222,6446
"Phc1",22497,4029,18468
"Gm31457",11811,3417,8394
"LOC105242761",2814,422,2392
"1700063H04Rik",1929,992,937
"Gm19254",601,601,0
"Rimklb",39237,7544,31693
"Gm8430",620,620,0
"Mfap5",15911,1709,14202
"Aicda",10372,2397,7975
"Gm8459",769,769,0
"Apobec1",25250,3429,21821
"Gdf3",4669,2380,2289
"Dppa3",3848,818,3030
"Gm8460",508,508,0
"Gm10224",725,725,0
"Nanog",8151,3078,5073
"Slc2a3",74462,4722,69740
"Gm4482",1871,1871,0
"Foxj2",25183,5013,20170
"Mir7231",61,61,0
"C3ar1",9018,4299,4719
"Necap1",14385,2393,11992
"LOC102634348",568,568,0
"Clec4a1",12772,1558,11214
"Clec4a3",17364,1330,16034
"Clec4a4",34055,1092,32963
"Clec4b1",21594,849,20745
"Clec4a2",21310,2811,18499
"Clec4b2",31727,1710,30017
"Gm5883",735,735,0
"Clec4n",17182,1245,15937
"Clec4d",13162,1336,11826
"Clec4e",8083,3054,5029
"LOC105242762",3577,331,3246
"Vmn2r19",28205,2565,25640
"Gm18375",65535,65535,0
"Vmn2r20",32800,2562,30238
"Vmn2r-ps31",911,911,0
"Vmn2r21",40899,2562,38337
"Vmn2r-ps32",911,911,0
"Vmn2r22",40878,2562,38316
"Gm18374",11175,11175,0
"Vmn2r23",39419,2550,36869
"Vmn2r24",37310,2565,34745
"Gm18608",837,837,0
"Vmn2r25",30377,2568,27809
"Gm5317",860,860,0
"LOC100417034",7206,7206,0
"Gm21023",18259,18259,0
"Vmn2r26",37278,2568,34710
"Vmn2r-ps33",41696,41696,0
"Vmn2r-ps34",34416,2564,31852
"Vmn2r27",40189,2574,37615
"Gm6423",951,951,0
"Gm6308",986,986,0
"Cd163",25899,4514,21385
"1700013D24Rik",9494,535,8959
"1700027F06Rik",1206,404,802
"1700060L04Rik",2801,553,2248
"Pex5",19222,3489,15733
"LOC102634873",6139,853,5286
"Clstn3",34029,4065,29964
"LOC105242763",3841,3661,180
"C1rl",17531,3010,14521
"C1ra",10820,2762,8058
"C1s1",12047,3112,8935
"Gm18840",2624,2624,0
"C1rb",10615,2166,8449
"C1s2",11461,2662,8799
"Lpcat3",41613,2558,39055
"Emg1",7809,1045,6764
"Phb2",4657,1360,3297
"Mir141",72,72,0
"Mir200c",69,69,0
"Ptpn6",18003,2430,15573
"Grcc10",1897,568,1329
"Rnu7",62,62,0
"Atn1",13944,4396,9548
"Eno2",9621,3368,6253
"Lrrc23",10473,1777,8696
"LOC105242766",977,889,88
"LOC105242765",7360,614,6746
"Spsb2",2790,2269,521
"Tpi1",3705,1601,2104
"Usp5",14469,3341,11128
"Cdca3",4107,2123,1984
"Gnb3",6036,1846,4190
"P3h3",16652,3104,13548
"Gm32404",622,536,86
"Gpr162",5776,3591,2185
"Cd4",23556,3471,20085
"Lag3",8077,2744,5333
"Ptms",4272,1155,3117
"A230083G16Rik",9964,1973,7991
"LOC105242768",697,167,530
"Mlf2",4762,1544,3218
"Gm32536",487,487,0
"Cops7a",7119,2386,4733
"LOC105244867",16079,343,15736
"Pianp",6377,2848,3529
"Zfp384",28761,3843,24918
"4930557K07Rik",39678,362,39316
"Ing4",9417,1617,7800
"Acrbp",13339,2154,11185
"Lpar5",18288,5341,12947
"Gm32616",8404,3626,4778
"Chd4",34606,6800,27806
"Mir7045",63,63,0
"Nop2",12871,2623,10248
"Iffo1",16581,4115,12466
"Gapdh",5174,2259,2915
"Ncapd2",23662,5042,18620
"Scarna10",71,71,0
"Mrpl51",2193,1515,678
"Mir3098",87,87,0
"Vamp1",6726,3154,3572
"Tapbpl",7939,2518,5421
"E130112N10Rik",8659,1353,7306
"Cd27",4459,1839,2620
"Mir8113",129,129,0
"LOC105242769",4992,1769,3223
"4930417O13Rik",8253,1093,7160
"Tuba3a",7769,1509,6260
"Ltbr",7300,2092,5208
"LOC105242770",5826,2324,3502
"Scnn1a",23604,3499,20105
"Tnfrsf1a",12761,2155,10606
"Plekhg6",18301,3466,14835
"Gm32673",29534,3044,26490
"Cd9",34490,1192,33298
"LOC102641346",6203,885,5318
"Gm26728",10133,1810,8323
"Gm33144",3962,537,3425
"Vwf",133745,9010,124735
"Ano2",349747,4570,345177
"LOC105242771",3967,225,3742
"Gm33202",8733,1410,7323
"Ntf3",65380,2074,63306
"Gm10415",42038,2825,39213
"Gm33276",35743,537,35206
"LOC105242773",28415,1694,26721
"Kcna5",3005,3005,0
"Gm33320",9271,5104,4167
"Gm33449",16296,15374,922
"Gm33496",24403,16986,7417
"Kcna1",9339,8970,369
"Kcna6",34781,8492,26289
"Gm33581",41485,2239,39246
"LOC102636795",15951,6754,9197
"Gm29788",18196,18196,0
"1700018A23Rik",13976,834,13142
"Ndufa9",27282,1322,25960
"Akap3",21211,3153,18058
"Dyrk4",45845,3589,42256
"LOC102641700",1799,983,816
"Rad51ap1",16207,1957,14250
"Gm17808",1033,1033,0
"D6Wsu163e",35739,2515,33224
"Fgf6",12641,4696,7945
"Fgf23",9395,2702,6693
"9630033F20Rik",24437,3688,20749
"Ccnd2",27027,6359,20668
"9330179D12Rik",63031,1494,61537
"Gm18995",529,529,0
"Tpi-rs11",867,867,0
"Gm4968",932,932,0
"Gm7308",1104,1104,0
"D130058E03",11782,2496,9286
"LOC105244869",3898,1491,2407
"Gm34091",12943,3461,9482
"Parp11",66064,4609,61455
"Gm34148",1514,1188,326
"Cracr2a",109098,9857,99241
"Prmt8",80151,4287,75864
"LOC105242774",3352,2645,707
"LOC105244871",74769,11097,63672
"4921513H07Rik",9543,7687,1856
"Mir7233",60,60,0
"LOC105242778",48113,4370,43743
"LOC105244870",9213,3142,6071
"LOC105242776",1080,619,461
"Tspan11",65410,4209,61201
"LOC105242780",8815,7258,1557
"Gm15870",15098,5858,9240
"Tspan9",182203,5135,177068
"Gm34416",4555,1879,2676
"9330102E08Rik",14104,3847,10257
"Gm18609",3420,3420,0
"Gm4691",1284,1200,84
"Gm19065",1019,1019,0
"Gm8703",1491,1491,0
"Tead4",73671,3076,70595
"Rpl18-ps2",625,625,0
"Tulp3",34712,3493,31219
"Rhno1",5898,1957,3941
"Foxm1",12893,4365,8528
"4933413G19Rik",9635,1092,8543
"Nrip2",12160,3436,8724
"Itfg2",15503,2335,13168
"Fkbp4",8525,2167,6358
"Gm10069",64525,4598,59927
"Gm18009",1247,1247,0
"Gm8719",759,759,0
"Pzp",43154,4681,38473
"LOC105242781",1183,1088,95
"LOC102636284",1110,1110,0
"Gm8724",511,511,0
"BC048546",41785,4698,37087
"Klrb1a",13759,1325,12434
"Gm5884",2257,2257,0
"Gm34617",10388,1176,9212
"Clec2j",2167,728,1439
"Clec2h",14990,2160,12830
"Klrb1",58469,1378,57091
"Klrb1c",10157,2632,7525
"Gm34755",6919,2082,4837
"Klrb1b",12670,2272,10398
"BC035044",43081,2742,40339
"Gm34849",3065,386,2679
"Gm8774",689,689,0
"Clec2i",10595,2420,8175
"LOC105242784",7449,1256,6193
"Clec2g",50327,2664,47663
"Gm15987",22677,1082,21595
"Mir7649",56,56,0
"Gm8778",1104,1104,0
"BC064078",13628,838,12790
"Clec2f",12540,1511,11029
"Klrb1f",22823,4422,18401
"Clec2e",9088,2271,6817
"Klrb1-ps1",12929,549,12380
"Clec2d",5921,1511,4410
"LOC105242785",34126,2142,31984
"2310001H17Rik",5860,769,5091
"Cd69",8046,2453,5593
"4922502D21Rik",9644,1820,7824
"Clec12a",15525,2302,13223
"Clec12b",52122,2683,49439
"Clec1b",8117,1170,6947
"Clec9a",92840,4051,88789
"Clec1a",28643,6594,22049
"Clec7a",11187,2277,8910
"Olr1",21919,3569,18350
"Tmem52b",6682,2886,3796
"1700101I11Rik",1101,806,295
"Gabarapl1",9140,1773,7367
"Klre1",26796,2409,24387
"Klrd1",10684,1257,9427
"Klrk1",13542,3411,10131
"Klrc3",7249,2910,4339
"Klrc2",11136,1572,9564
"Klrc1",16838,2742,14096
"Gm7309",581,581,0
"Mir680-1",109,109,0
"Klri1",24493,2139,22354
"Klri2",11444,3913,7531
"Gm156",17703,2000,15703
"Klra17",45519,1192,44327
"Klra5",15473,1426,14047
"LOC105244873",18011,303,17708
"Gm15854",20465,804,19661
"Klra6",13928,1128,12800
"Klra4",23542,1258,22284
"Klra21",13889,1135,12754
"Klra8",14673,1178,13495
"Klra14-ps",11643,802,10841
"Klra9",15749,1555,14194
"Klra7",14718,1238,13480
"Klra10",18504,1227,17277
"Klra13-ps",15272,815,14457
"Klra3",14338,1324,13014
"Klra1",22957,1667,21290
"Gm6584",21595,764,20831
"Gm6590",24743,693,24050
"LOC105242439",37900,1818,36082
"Gm8816",2132,2132,0
"Gm20997",14027,2415,11612
"Gm26919",1623,1538,85
"Gm6600",71039,2913,68126
"Gm18423",2110,2110,0
"LOC102636949",1741,1459,282
"Gm33962",20381,2459,17922
"Gm6608",65535,65535,0
"LOC102632952",2643,1303,1340
"Klra2",48748,3369,45379
"Gm5582",2324,2324,0
"Magohb",8857,967,7890
"Styk1",17877,4249,13628
"Ybx3",23593,1862,21731
"Gm18688",1796,1796,0
"LOC102638913",5070,584,4486
"5430401F13Rik",9996,602,9394
"Hmgb1l",2638,2246,392
"Tas2r130",939,939,0
"Tas2r107",927,927,0
"Tas2r106",927,927,0
"Tas2r104",909,909,0
"Tas2r105",903,903,0
"Tas2r114",930,930,0
"Prb3-ps",1122,1122,0
"LOC100502592",3087,1003,2084
"Gm18912",65535,65535,0
"Prb1",3727,1621,2106
"Prpmp5",3154,1284,1870
"Gm20951",50438,50438,0
"Gm8882",3030,916,2114
"Gm5154",3194,891,2303
"Gm18326",11252,11252,0
"Prh1",2560,870,1690
"Prp2",4757,951,3806
"A630073D07Rik",2401,484,1917
"Tas2r120",888,888,0
"Tas2r121",918,918,0
"Tas2r122",930,930,0
"Tas2r115",933,933,0
"Tas2r124",930,930,0
"Tas2r102",1044,1044,0
"Tas2r136",984,984,0
"Tas2r145-ps3",965,965,0
"Tas2r117",993,993,0
"Tas2r111-ps2",911,911,0
"Tas2r123",1002,1002,0
"Tas2r116",918,918,0
"Tas2r110",1002,1002,0
"Tas2r113",930,930,0
"Tas2r142-ps5",966,966,0
"Tas2r125",936,936,0
"Tas2r146-ps1",970,970,0
"Tas2r129",963,963,0
"Tas2r131",933,933,0
"LOC105244874",1752,372,1380
"Tas2r109",951,951,0
"Gm18689",911,911,0
"Gm18690",985,985,0
"Tas2r103",939,939,0
"Tas2r140",939,939,0
"Gm35765",22269,549,21720
"Gm18691",741,741,0
"Gm8921",667,667,0
"Tas2r141-ps4",866,866,0
"2700089E24Rik",5986,3131,2855
"Gm7039",478,478,0
"5530400C23Rik",3575,647,2928
"Gm34149",2268,492,1776
"Gm5885",3574,648,2926
"Gm34224",2074,417,1657
"Gm34314",2136,540,1596
"Gm6375",1628,1628,0
"Gm5886",3411,647,2764
"Kap",3813,608,3205
"Gm8956",838,561,277
"Etv6",235576,6979,228597
"LOC105242795",18669,14799,3870
"LOC105242794",8382,6818,1564
"LOC105244876",15140,1032,14108
"LOC102639979",145467,5702,139765
"Bcl2l14",42413,2542,39871
"Lrp6",120485,9415,111070
"LOC105242797",2772,2639,133
"Mansc1",23282,2376,20906
"Loh12cr1",71673,1937,69736
"Dusp16",77161,6710,70451
"Gm36328",1542,1027,515
"LOC105242798",25047,2343,22704
"Crebl2",30246,5223,25023
"LOC105244878",19988,5340,14648
"Gpr19",31972,6060,25912
"LOC105244877",2833,812,2021
"2810454H06Rik",2825,2825,0
"Cdkn1b",5125,2405,2720
"1190002F15Rik",22627,607,22020
"Apold1",4836,3284,1552
"Gm36428",1440,697,743
"Ddx47",12165,1764,10401
"Gprc5a",19048,2219,16829
"Gprc5d",31453,2444,29009
"Gm29803",377,377,0
"Hebp1",30697,1421,29276
"Gm34391",1640,1640,0
"Gm19434",6480,2572,3908
"Gm36533",4389,896,3493
"8430419L09Rik",38260,4349,33911
"Gsg1",17008,1487,15521
"Gm36640",34440,590,33850
"Pbp2",1256,1256,0
"Gm36582",8361,3473,4888
"Dynlt1-ps1",707,707,0
"Emp1",20624,3231,17393
"4930425L21Rik",24479,871,23608
"LOC105242799",12477,630,11847
"Grin2b",458548,23276,435272
"LOC105244879",19872,785,19087
"Gm26653",2683,1417,1266
"Tubb3-ps1",1328,1328,0
"Gm18224",1185,1185,0
"Gm8994",2445,1573,872
"Gm15476",1250,1250,0
"Gm19444",1701,1701,0
"E330021D16Rik",19557,3443,16114
"Gm36844",5834,922,4912
"Gm36897",8179,3539,4640
"Gm6728",1062,1062,0
"Rpl36a-ps3",466,466,0
"Atf7ip",92062,11003,81059
"Plbd1",50199,2681,47518
"LOC105244881",14377,6354,8023
"LOC105242802",1445,1445,0
"Gucy2c",84459,3936,80523
"LOC105244882",1638,1571,67
"LOC105244883",686,571,115
"Hist4h4",439,439,0
"H2afj",1827,1827,0
"Wbp11",14563,2722,11841
"BC049715",13761,4583,9178
"Smco3",5520,2052,3468
"Art4",9150,2384,6766
"Mgp",3371,599,2772
"Erp27",15148,1859,13289
"Arhgdib",18245,1484,16761
"Pde6h",11265,1325,9940
"Gm30055",6476,2286,4190
"Rerg",115680,2403,113277
"LOC105242804",7635,5755,1880
"Ptpro",212336,6749,205587
"LOC105244885",4564,4455,109
"Eps8",172153,5077,167076
"LOC105242805",14286,297,13989
"Strap",16849,2834,14015
"Dera",83296,1688,81608
"LOC105242806",9910,9865,45
"LOC102641369",11965,1029,10936
"Slc15a5",96327,2461,93866
"Mgst1",16219,1235,14984
"Gm30213",11103,993,10110
"Lmo3",219051,6162,212889
"A830011K09Rik",6488,2547,3941
"Gm30332",17643,2345,15298
"B230110G15Rik",21135,2336,18799
"Igbp1b",1356,1356,0
"Gm9038",612,612,0
"Gm30583",19172,788,18384
"4922502N22Rik",6980,1149,5831
"Rergl",8728,682,8046
"4930404I20Rik",2523,968,1555
"Pik3c2g",355213,5179,350034
"Gm29930",6242,2070,4172
"Plcz1",53146,4001,49145
"Capza3",1265,1265,0
"Gm30056",45352,4638,40714
"LOC105242808",13326,613,12713
"Gm5051",533,533,0
"Plekha5",173472,8977,164495
"Aebp2",55181,7393,47788
"LOC105242809",3905,2605,1300
"Gm30215",146613,4017,142596
"Rpl38-ps2",316,316,0
"Gm30524",90413,4316,86097
"Gm7384",584,584,0
"Gm28523",2349,847,1502
"Pde3a",257595,13731,243864
"Gm10400",3835,3835,0
"Slco1c1",45800,3186,42614
"Slco1b2",57195,3373,53822
"Gm5724",70407,3019,67388
"Slco1a4",50846,4653,46193
"Gm30784",9265,2151,7114
"Gm30843",32933,256,32677
"Slco1a1",39685,4155,35530
"Gm6614",36550,1953,34597
"Slco1a6",100418,3140,97278
"Gm18159",1073,1073,0
"Slco1a5",88755,2698,86057
"Iapp",5396,696,4700
"Pyroxd1",17006,2875,14131
"Recql",36775,7021,29754
"Golt1b",22876,3687,19189
"B230216G23Rik",9555,4781,4774
"Gys2",50513,3092,47421
"Ldhb",17709,1304,16405
"LOC105242810",1345,256,1089
"LOC105242811",2167,425,1742
"Kcnj8",6811,2581,4230
"Abcc9",114899,8126,106773
"5330439B14Rik",11868,1392,10476
"Cmas",19029,1760,17269
"Gm31040",5808,5772,36
"Gm766",18686,1475,17211
"Gm7457",19264,2459,16805
"St8sia1",167990,10896,157094
"Gm7468",797,797,0
"C2cd5",89684,8274,81410
"Gm31169",51098,1783,49315
"LOC105242812",10918,792,10126
"Etnk1",41681,7060,34621
"4930407I02Rik",28283,4310,23973
"D6Ertd474e",51992,2761,49231
"Gm31427",1876,1388,488
"LOC105242814",1577,888,689
"4930579D09Rik",1591,516,1075
"1700060C16Rik",57936,645,57291
"Gm31521",6861,1429,5432
"Sox5",953565,11795,941770
"Gm32010",49991,400,49591
"LOC102634350",36070,7075,28995
"LOC102641078",2218,1570,648
"Gm31777",1723,1190,533
"Gm31722",2022,1930,92
"Sox5os3",20965,904,20061
"Sox5os4",1267,1160,107
"Gm32069",18739,2647,16092
"Gm20124",54076,1266,52810
"Gm32124",19955,1371,18584
"Bcat1",82323,8983,73340
"Gm26666",14162,4289,9873
"LOC105242816",5001,2606,2395
"Lrmp",63169,2696,60473
"Casc1",36099,6914,29185
"LOC105242817",5384,389,4995
"Lyrm5",5409,1886,3523
"Kras",33602,4864,28738
"Gm15706",1305,886,419
"Rps25-ps1",493,493,0
"Gm15707",1579,1579,0
"LOC105242818",541,336,205
"Ifltd1",85625,7683,77942
"1700073E17Rik",4600,4600,0
"Gm15499",12886,886,12000
"LOC102635150",160975,1063,159912
"Tuba3b",5515,1567,3948
"LOC102641081",9359,4305,5054
"Rassf8",74518,8217,66301
"LOC105242821",11189,1580,9609
"Bhlhe41",7349,6295,1054
"Gm32675",24125,2275,21850
"Sspn",34076,5365,28711
"LOC105242822",5121,1587,3534
"Gm32838",25408,2188,23220
"LOC105242823",2770,2096,674
"Gm32914",14569,4337,10232
"Gm35544",1803,208,1595
"Itpr2",393925,12664,381261
"Gm35768",43376,5235,38141
"Gm35707",8361,911,7450
"Gm35596",24560,2655,21905
"Asun",28204,3059,25145
"Fgfr1op2",21291,2831,18460
"Tm7sf3",32317,3312,29005
"Med21",8022,780,7242
"Gm6654",626,626,0
"4930479D17Rik",8186,740,7446
"Stk38l",53885,6227,47658
"Gm6266",868,868,0
"Arntl2",37515,3222,34293
"Smco2",21315,1288,20027
"Ppfibp1",143946,5750,138196
"1700034J05Rik",3758,2691,1067
"Gm35876",2051,2051,0
"Rep15",982,982,0
"Mrps35",28163,1397,26766
"Mansc4",11971,1123,10848
"Klhl42",21704,6571,15133
"Gm35968",4110,228,3882
"Gm7571",1636,1636,0
"E330012B07Rik",28054,2361,25693
"Gm15767",1617,886,731
"Pthlh",11976,1512,10464
"Gm15766",922,922,0
"Gm6288",37603,4819,32784
"Ccdc91",156743,2806,153937
"1700049E15Rik",12134,921,11213
"Gm15762",10362,1225,9137
"Far2",135758,5793,129965
"Ergic2",33057,5341,27716
"4732416N19Rik",23376,551,22825
"LOC105242825",8399,2112,6287
"Gm36554",2137,1992,145
"Tmtc1",212416,10462,201954
"Rps4l",941,941,0
"Gm36613",3069,1198,1871
"Gm6313",7524,2562,4962
"4930528G23Rik",31940,1795,30145
"Gm15778",605,605,0
"Ipo8",60785,5383,55402
"LOC105242826",1495,339,1156
"Caprin2",53766,3738,50028
"Gm36762",690,690,0
"Gm7618",309,309,0
"Fam60a",25388,3687,21701
"3010003L21Rik",732,526,206
"Dennd5b",113612,9917,103695
"Gm15780",943,943,0
"Mettl20",9659,1691,7968
"Amn1",31414,4874,26540
"2810474O19Rik",26250,6223,20027
"LOC105242828",5431,1986,3445
"Gm15784",4869,4188,681
"Gm15786",1267,1267,0
"Gm15783",521,521,0
"Bicd1",154511,10155,144356
"Gm15785",1488,1488,0
"LOC105242829",12826,2289,10537
"LOC436100",20058,963,19095
"Gm18198",1548,1548,0
"Gm6727",1527,1527,0
"Gm7353",3416,3416,0
"Speer9-ps1",16847,775,16072
"Gm29708",1027,1027,0
"AU018091",14595,3498,11097
"Gm3375",871,871,0
"Mir290a",83,83,0
"Mir290b",58,58,0
"Nlrp12",31517,7615,23902
"D7Ertd143e",2232,2232,0
"Mir291a",82,82,0
"Mir292",82,82,0
"Mir292b",62,62,0
"Mir291b",79,79,0
"Mir293",80,80,0
"Mir294",84,84,0
"Mir295",69,69,0
"Gm20553",945,945,0
"Gm5340",876,876,0
"Myadm",10318,3498,6820
"Prkcg",27568,4263,23305
"Cacng7",36199,3144,33055
"Gm9567",19816,2322,17494
"Cacng8",21489,1380,20109
"Mir935",91,91,0
"3300002P13Rik",1781,1092,689
"Cacng6",12088,2592,9496
"Gm35037",24576,1736,22840
"Tarm1",16145,1580,14565
"Oscar",6345,1847,4498
"Ndufa3",2789,349,2440
"Tfpt",9606,1166,8440
"Prpf31",12501,3244,9257
"Gm15927",13403,2457,10946
"Cnot3",16588,4794,11794
"Mir3572",86,86,0
"Leng1",5734,2213,3521
"Tmc4",11800,2346,9454
"Mboat7",15737,3102,12635
"Tsen34",7426,1987,5439
"Rps9",2947,1436,1511
"Pirb",7952,2811,5141
"Pira1",8238,3440,4798
"LOC101055673",8631,3542,5089
"Gm15925",13336,2101,11235
"Gm15448",9350,2708,6642
"Pira2",8290,3512,4778
"Gm10693",8663,3574,5089
"Gm14548",13959,2340,11619
"Lilra6",7310,2803,4507
"Gm3189",35148,712,34436
"Gm7363",437,437,0
"Gm15928",1407,985,422
"Lair1",66435,4384,62051
"9430041J12Rik",46604,2312,44292
"Ttyh1",16715,3894,12821
"D030047H15Rik",10587,2536,8051
"Leng8",11131,5158,5973
"Leng9",1690,1690,0
"Cdc42ep5",13478,1110,12368
"Gm5319",3128,3128,0
"LOC102635713",8216,399,7817
"Lilra5",6048,2447,3601
"Gm15923",452,452,0
"Pira6",10704,2374,8330
"Ncr1",7487,1509,5978
"Gp6",35053,7173,27880
"Atp6v0c-ps1",1118,1118,0
"Rdh13",20180,3521,16659
"Eps8l1",19857,6805,13052
"D630041G03Rik",3640,3640,0
"Ppp1r12c",20704,3529,17175
"Tnnt1",11430,1233,10197
"Tnni3",4136,824,3312
"Dnaaf3",9541,2244,7297
"Syt5",7830,2032,5798
"Ptprh",55428,4627,50801
"Gm9463",4463,1331,3132
"Gm18973",754,754,0
"Tmem86b",3356,2050,1306
"Ppp6r1",27456,3905,23551
"Gm6855",853,853,0
"Hspbp1",24607,1652,22955
"Gm36067",608,562,46
"Brsk1",25070,3190,21880
"Tmem150b",18420,3418,15002
"LOC105247237",1004,915,89
"Suv420h2",7423,3938,3485
"Cox6b2",1303,617,686
"Fam71e2",18136,2826,15310
"Il11",10480,2007,8473
"Tmem190",2716,1728,988
"Tmem238",4776,1051,3725
"Rpl28",1675,588,1087
"Ube2s",4327,988,3339
"Shisa7",19239,7039,12200
"Gm36127",3675,889,2786
"Isoc2b",21221,1228,19993
"LOC105242842",5512,766,4746
"Isoc2a",18665,1088,17577
"Gm36210",10112,3941,6171
"Gm5320",1745,1745,0
"Zfp628",6828,3582,3246
"Nat14",6119,2097,4022
"Ssc5d",19699,5005,14694
"Sbk2",7572,1596,5976
"Sbk3",18136,3698,14438
"Zfp579",3250,3170,80
"Fiz1",7673,3138,4535
"Zfp524",3342,1793,1549
"Zfp865",13148,4667,8481
"Zfp784",4001,2146,1855
"Gm15510",3773,1846,1927
"Zfp580",2192,1102,1090
"Ccdc106",6965,2392,4573
"LOC105242844",1494,1494,0
"LOC105242843",465,315,150
"U2af2",18957,3422,15535
"Epn1",17977,3202,14775
"Rfpl4",7125,1677,5448
"Rasl2-9",1009,1009,0
"Vmn1r55",933,933,0
"Vmn1r56",1832,1832,0
"Vmn1r57",933,933,0
"Nlrp2",52489,3404,49085
"Gm18757",3195,3033,162
"Gm5065",10141,1436,8705
"Vmn1r58",4259,2683,1576
"Vmn1r-ps39",352,352,0
"Vmn1r59",933,933,0
"Gm7025",3382,3382,0
"Vmn2r28",13396,2744,10652
"Vmn1r60",903,903,0
"Vmn1r-ps40",380,380,0
"Vmn1r61",903,903,0
"Vmn1r-ps41",946,946,0
"Gm9591",433,433,0
"Vmn1r62",1996,1996,0
"Gm3440",1902,1902,0
"Vmn1r-ps42",601,601,0
"Vmn1r-ps43",1071,1071,0
"Vmn1r63",3101,2172,929
"Vmn1r-ps44",534,534,0
"Vmn1r64",963,963,0
"Vmn1r-ps45",918,918,0
"Vmn1r-ps46",950,950,0
"Vmn1r65",3261,2682,579
"Gm5321",512,512,0
"Gm5052",508,508,0
"LOC100417215",552,552,0
"4933402C05Rik",3449,406,3043
"Nlrp4c",60349,4259,56090
"Gm18758",7900,7900,0
"Zfp787",28076,2637,25439
"Gm36371",6366,1221,5145
"Zfp444",20643,4494,16149
"Galp",19049,845,18204
"Zscan5b",17140,1984,15156
"Gm6792",29224,1096,28128
"Zfp667",21701,5666,16035
"Zfp583",16692,5189,11503
"LOC105242847",2190,1691,499
"Gm3854",807,807,0
"Zfp78",19967,5659,14308
"LOC105242846",3236,981,2255
"Zfp28",13320,4146,9174
"LOC102640325",11814,3359,8455
"Gm16532",15912,2190,13722
"Olfr1344",966,966,0
"Olfr1345-ps1",258,258,0
"Olfr1336",945,945,0
"Olfr1346",942,942,0
"Olfr5",6694,1056,5638
"Olfr1347",960,960,0
"Olfr1348",7188,1014,6174
"Olfr1349",6157,1668,4489
"Gm7587",1026,1026,0
"Olfr1350",927,927,0
"Zim2",7256,1681,5575
"Zim1",22095,6232,15863
"Peg3",24460,6624,17836
"Peg3os",865,865,0
"Usp29",236660,8073,228587
"LOC105242848",5002,4953,49
"Mir3099",84,84,0
"Zim3",20978,3225,17753
"Zfp264",8228,884,7344
"LOC105242402",2205,905,1300
"Aurkc",13473,2463,11010
"Pafah1b1-ps2",1594,1594,0
"Gm6828",3679,3179,500
"Gm3530",2817,2817,0
"Zfp954",6794,2037,4757
"Zfp773",9713,3280,6433
"Vmn2r-ps35",798,798,0
"Zfp418",12208,2700,9508
"Zfp772",7877,2772,5105
"Vmn2r29",65294,3806,61488
"Gm18190",581,581,0
"Clcn4-2",18543,5932,12611
"Mir5620",56,56,0
"Vmn2r30",25220,2559,22661
"Gm3912",14748,1974,12774
"Vmn2r31",15643,2586,13057
"Vmn2r-ps36",23630,2560,21070
"Vmn2r32",16005,2559,13446
"Gm3563",12931,1643,11288
"Gm6842",14501,2437,12064
"Vmn2r33",15820,2586,13234
"Gm7648",11130,11130,0
"Gm7651",6308,6308,0
"Vmn2r-ps37",3219,3219,0
"Vmn2r34",17570,2559,15011
"Vmn2r-ps38",13518,2743,10775
"Vmn2r-ps39",1147,1147,0
"Vmn2r35",33717,2586,31131
"Vmn2r-ps40",15707,2556,13151
"Vmn2r36",25810,2559,23251
"Gm7230",2643,2643,0
"Gm3978",13285,2401,10884
"Gm18200",1836,1836,0
"LOC105247238",1850,392,1458
"Gm4073",24805,2408,22397
"Gm3675",19986,19986,0
"LOC105242405",8111,2764,5347
"Gm3665",10604,2305,8299
"Vmn2r41",23647,2559,21088
"Vmn2r42",17056,3623,13433
"Vmn2r43",16252,2849,13403
"LOC102631555",6606,707,5899
"Vmn2r-ps45",21579,2586,18993
"Vmn2r44",15779,2586,13193
"Vmn2r-ps46",23574,2557,21017
"Gm7704",2666,2666,0
"Vmn2r45",17491,2559,14932
"Vmn2r-ps47",13509,2740,10769
"Vmn2r-ps48",1147,1147,0
"Vmn2r-ps49",3221,3221,0
"Gm3584",15718,2563,13155
"Gm3956",20907,20907,0
"Gm3585",1814,1814,0
"Gm3962",13273,2401,10872
"Gm18191",1836,1836,0
"Vmn2r-ps44",24545,24545,0
"Gm20482",8289,2928,5361
"Vmn2r-ps43",13472,2467,11005
"Vmn2r40",23669,2559,21110
"Vmn2r-ps42",16227,2822,13405
"Vmn2r39",15933,2586,13347
"LOC102636026",6899,1000,5899
"Vmn2r38",22970,2586,20384
"LOC100534303",13216,13216,0
"Gm18201",1807,1807,0
"Vmn2r-ps41",3216,3216,0
"Vmn2r37",18105,3078,15027
"Gm4011",19521,2743,16778
"Gm3623",21685,2394,19291
"Gm3616",12881,2376,10505
"Gm20287",25615,2414,23201
"Gm3589",2636,756,1880
"Gm3972",19997,2401,17596
"Gm18199",1836,1836,0
"Gm10302",24544,2559,21985
"Gm3683",12881,2376,10505
"Gm20345",25613,2414,23199
"Gm3690",1814,1814,0
"Vmn2r-ps50",159,159,0
"Vmn2r46",15936,2678,13258
"Gm18192",1836,1836,0
"Gm30482",1981,457,1524
"Vmn2r47",24544,2559,21985
"2810047C21Rik1",6996,1644,5352
"Vmn2r-ps51",13466,2467,10999
"Vmn2r-ps52",621,621,0
"Gm5888",995,995,0
"Vmn2r48",25962,2568,23394
"Gm3702",5781,5781,0
"Vmn2r49",15895,2559,13336
"Vmn2r50",15944,2586,13358
"Gm6850",1845,1845,0
"Vmn2r51",18462,2559,15903
"Vmn2r52",17635,2559,15076
"Gm20679",11332,11332,0
"Vmn1r66",1524,1524,0
"Vmn1r-ps47",925,925,0
"Vmn1r-ps48",892,892,0
"Nlrp4d",30095,3002,27093
"Gm3726",4130,584,3546
"Vmn1r67",999,999,0
"Gm30645",1930,452,1478
"Zik1",8194,4227,3967
"Gm18193",743,743,0
"Vmn1r68",960,960,0
"Vmn1r-ps49",897,897,0
"Vmn1r69",1732,1732,0
"Vmn1r-ps50",466,466,0
"Vmn1r70",897,897,0
"Vmn1r-ps51",320,320,0
"Gm6900",678,678,0
"Vmn1r-ps52",851,851,0
"Nlrp4b",42376,3320,39056
"Gm5130",10595,1062,9533
"Vmn1r71",2037,2037,0
"Zscan4a",4825,2257,2568
"Gm18781",1064,1064,0
"Gm7203",10142,1319,8823
"Gm4903",827,827,0
"Gm7836",940,526,414
"Gm18638",1226,1226,0
"Zscan4b",4311,1754,2557
"Mir297-1",76,76,0
"Gm7786",1456,454,1002
"Gm7789",7586,871,6715
"Gm18122",841,841,0
"Zscan4c",4803,2276,2527
"Zscan4-ps1",4553,2015,2538
"Gm33601",3938,1224,2714
"Gm7151",8043,1092,6951
"Gm4157",827,827,0
"Gm3774",936,527,409
"Gm6909",69593,933,68660
"LOC100534352",1240,1240,0
"Zscan4d",6578,4671,1907
"LOC105247251",146655,1202,145453
"Gm18204",719,719,0
"Gm9689",10985,454,10531
"LOC105243627",7221,645,6576
"Gm5996",829,829,0
"Gm9652",940,526,414
"Gm19683",1226,1226,0
"Zscan4e",4314,4314,0
"Gm18123",841,841,0
"Zscan4f",4404,1829,2575
"Gm18639",1253,1253,0
"Gm9604",937,526,411
"Gm7839",758,758,0
"Gm7207",12158,946,11212
"LOC105247239",2344,1180,1164
"Gm18124",798,798,0
"Zscan4-ps2",4402,1829,2573
"Gm18640",1253,1253,0
"Gm3816",10987,532,10455
"Gm7848",829,829,0
"Gm7210",6727,6727,0
"Zscan4-ps3",4805,2277,2528
"Gm18641",880,880,0
"Vmn1r-ps53",904,904,0
"Vmn1r72",9719,1202,8517
"Gm18850",1235,1235,0
"Gm19093",3560,3560,0
"Vmn1r73",912,912,0
"Vmn1r-ps54",140,140,0
"Gm6929",677,537,140
"Vmn1r74",915,915,0
"Vmn1r-ps55",442,442,0
"Gm34779",1978,500,1478
"Vmn1r75",918,918,0
"Gm18851",9777,9777,0
"Vmn1r-ps56",1018,1018,0
"Tpt1-ps4",864,864,0
"Vmn1r76",975,975,0
"Vmn1r-ps57",303,303,0
"Gm3836",1991,1991,0
"Vmn1r-ps58",937,937,0
"Gm17737",4381,4381,0
"Vmn1r-ps59",165,165,0
"Gm18597",707,707,0
"Gm17850",1976,1976,0
"Vmn1r-ps60",650,650,0
"Gm18854",5796,5796,0
"Vmn1r77",5374,980,4394
"Gm10179",917,917,0
"Vmn1r-ps61",975,975,0
"Vmn1r-ps62",818,818,0
"Vmn1r-ps63",986,986,0
"Vmn1r78",942,942,0
"Vmn1r79",921,921,0
"Gm19201",800,800,0
"Vmn1r80",927,927,0
"Vmn1r-ps64",739,739,0
"Vmn1r-ps65",955,955,0
"Gm4224",4492,1594,2898
"Vmn1r81",921,921,0
"Vmn1r82",915,915,0
"Vmn1r83",921,921,0
"Vmn1r84",957,957,0
"Vmn1r-ps66",612,612,0
"Vmn1r-ps67",679,679,0
"Vmn1r-ps68",387,387,0
"Zfp551",10192,5184,5008
"Vmn2r-ps53",23531,2386,21145
"Zfp606",18076,7251,10825
"2900092C05Rik",48567,1509,47058
"Gm15877",1069,1069,0
"Vmn2r53",25099,2445,22654
"Gm15773",1547,1547,0
"Vmn2r54",20902,2421,18481
"Vmn2r55",33286,2470,30816
"Vmn2r56",39461,2712,36749
"Gm6946",1213,1213,0
"Gm18205",854,854,0
"Zscan18",35582,8123,27459
"LOC102633596",11074,4733,6341
"Gm18194",637,637,0
"Zfp329",15118,9078,6040
"Zfp110",15775,3654,12121
"Gm31152",1850,1441,409
"Zfp128",12245,3833,8412
"Zscan22",11275,3507,7768
"Rps5",4376,740,3636
"2310014L17Rik",3657,3239,418
"1810019N24Rik",13292,1589,11703
"Gm29638",11903,770,11133
"Zfp324",8434,4988,3446
"Zfp446",9321,6366,2955
"Slc27a5",9847,2330,7517
"Zbtb45",4503,2766,1737
"Gm31649",922,922,0
"Trim28",6881,3242,3639
"Chmp2a",2772,1144,1628
"Ube2m",3156,1567,1589
"Mzf1",12462,5272,7190
"Vmn1r85",927,927,0
"Gm34864",4543,916,3627
"Gm4270",479,479,0
"Vmn1r86",951,951,0
"Vmn1r87",8617,1198,7419
"Gm7965",1594,1594,0
"LOC105242850",1099,460,639
"Vmn1r88",951,951,0
"Gm4879",1384,1384,0
"LOC105242851",13122,2635,10487
"Vmn1r89",951,951,0
"Vmn1r-ps69",297,297,0
"6330408A02Rik",19755,3347,16408
"Lig1",34115,3519,30596
"Pla2g4c",49153,5801,43352
"Gm10712",679,679,0
"Gm7989",2860,1068,1792
"LOC105242416",5658,1733,3925
"Cabp5",25586,4076,21510
"Gm7994",851,851,0
"Bsph1",22610,823,21787
"Bsph2",16202,530,15672
"Sult2a5",46841,1046,45795
"Gm8007",3493,3493,0
"Gm8014",3420,3420,0
"Gm28601",721,721,0
"Sult2a2",46132,741,45391
"Gm18732",3445,3445,0
"Sult2a1",41165,1021,40144
"Gm19049",1599,1599,0
"Gm6168",1397,1397,0
"Gm29619",393,393,0
"Sult2a4",79915,967,78948
"Gm18731",3477,3477,0
"Gm29620",303,303,0
"Sult2a3",55439,858,54581
"Sult2a6",32468,969,31499
"Gm18778",1945,1945,0
"Gm18048",2884,2884,0
"Gm19255",615,615,0
"2810007J24Rik",36084,2515,33569
"Sult2a7",27768,897,26871
"Nlrp5-ps",92413,4528,87885
"LOC102642067",3124,362,2762
"Vmn1r90",930,930,0
"Gm18355",546,546,0
"Gm4745",6289,1264,5025
"Gm8057",1817,1211,606
"Gm18044",770,770,0
"Gm8040",11057,1601,9456
"Gm8064",14023,1601,12422
"Gm3959",729,729,0
"Gm3965",1758,1758,0
"Gm8072",10650,1604,9046
"Gm3968",729,729,0
"Gm3977",1276,1276,0
"Gm3980",1276,1276,0
"Gm3981",1276,1276,0
"Gm3984",1276,1276,0
"Gm3987",1276,1276,0
"Gm3989",1763,1763,0
"Gm3994",1763,1763,0
"Gm3996",1763,1763,0
"Gm3998",1763,1763,0
"Gm4001",1763,1763,0
"Gm4003",1763,1763,0
"Gm4897",1763,1763,0
"Gm8086",945,945,0
"Gm8053",11097,1603,9494
"Obox2",9695,1329,8366
"Gm10679",1763,1763,0
"Gm10678",1763,1763,0
"Gm4014",1763,1763,0
"Gm5889",11802,1603,10199
"Gm4016",729,729,0
"Obox1",9590,1217,8373
"Gm4018",1756,1756,0
"Obox3",14472,1603,12869
"Gm4023",1758,1758,0
"Obox5",8905,1312,7593
"LOC100862151",6528,933,5595
"Obox6",6430,1336,5094
"Crx",14009,3018,10991
"Crxos",21414,2967,18447
"Gm18516",912,912,0
"Sepw1",5164,705,4459
"Gltscr2",8274,1558,6716
"Snord23",99,99,0
"Gm24576",1371,1211,160
"Ehd2",20570,5110,15460
"Gltscr1",77412,6138,71274
"LOC105242854",4882,3568,1314
"Gm32059",5683,5538,145
"Zfp541",34566,5600,28966
"Napa",19520,2958,16562
"Kptn",7641,1649,5992
"Slc8a2",32751,6889,25862
"Meis3",11662,2210,9452
"Dhx34",24859,5387,19472
"C5ar2",9570,5578,3992
"C5ar1",12798,2570,10228
"Inafm1",1680,1680,0
"Ccdc9",13282,3946,9336
"Bbc3",10014,3972,6042
"Sae1",67661,2631,65030
"Zc3h4",38127,7920,30207
"Tmem160",2712,815,1897
"Npas1",21106,3133,17973
"Arhgap35",120521,8450,112071
"Gm17826",864,864,0
"Gm17981",688,688,0
"Gm29443",26492,12452,14040
"Gm29725",575,575,0
"Ceacam-ps1",8449,715,7734
"Ceacam15",4375,1391,2984
"Gm8209",571,571,0
"Gm5586",864,864,0
"Ceacam9",4182,1374,2808
"Ap2s1",10847,798,10049
"Slc1a5",16930,2830,14100
"Fkrp",11402,7077,4325
"Strn4",25043,3710,21333
"Prkd2",27560,3861,23699
"9330104G04Rik",6279,4200,2079
"Dact3",11985,2828,9157
"Gng8",3715,2008,1707
"Ptgir",5487,4405,1082
"Calm3",8654,2208,6446
"Gm32630",2296,1181,1115
"Pnmal2",4147,4147,0
"Pnmal1",14771,4769,10002
"LOC105247240",1973,1221,752
"Ccdc8",2058,2058,0
"Ppp5c",23275,2225,21050
"Hif3a",31435,7873,23562
"Psg16",59438,6081,53357
"Gm35698",2817,2817,0
"Gm7287",599,599,0
"Ceacam3",13560,2849,10711
"Psg29",12280,5441,6839
"Gm32772",78892,896,77996
"LOC105247241",4734,3002,1732
"Gm32846",130859,1320,129539
"LOC105243765",2430,1649,781
"Gm33109",3614,526,3088
"Gm5418",704,704,0
"Gm9519",13984,1442,12542
"Psg-ps1",9748,1922,7826
"Ceacam5",47939,3317,44622
"Gm6065",733,733,0
"Ceacam14",2946,1508,1438
"Gm5155",47300,5345,41955
"Ceacam11",6390,1011,5379
"Gm18125",530,530,0
"Ceacam13",9332,1085,8247
"Gm5322",705,705,0
"Ceacam12",12058,2624,9434
"Igfl3",5369,575,4794
"Gm9521",1772,1615,157
"Mill1",20861,3278,17583
"Gm33626",2374,580,1794
"Psg18",9295,2632,6663
"Gm5997",3262,2970,292
"Psg28",9520,1963,7557
"Gm8314",4494,2875,1619
"Psg26",9621,2111,7510
"Gm4880",2830,2759,71
"Psg25",12563,3281,9282
"Psg27",10792,1942,8850
"Gm19091",1322,1322,0
"Psg23",10159,2179,7980
"Gm19092",1300,1300,0
"Psg21",10072,2159,7913
"Psg20",11627,1428,10199
"Psg22",9159,1871,7288
"Sycp1-ps1",3113,3113,0
"Psg19",9418,2579,6839
"Gm19126",818,818,0
"Psg17",7655,2084,5571
"Gm36044",3454,2195,1259
"Gm18855",796,796,0
"Mill2",23655,2402,21253
"Pglyrp1",5749,681,5068
"Ccdc61",19530,2119,17411
"Nova2",39432,8372,31060
"LOC105242860",1333,1210,123
"Nanos2",1439,1439,0
"Mypop",11709,3362,8347
"Mypopos",8388,1947,6441
"Irf2bp1",2699,2699,0
"Foxa3",10257,2039,8218
"Sympk",30272,5436,24836
"Rsph6a",19770,2401,17369
"Dmwd",6688,2632,4056
"Dmpk",9988,3098,6890
"Mir3100",65,65,0
"Six5",4006,3756,250
"Gm4969",20233,3851,16382
"Fbxo46",18403,4019,14384
"Qpctl",8980,2100,6880
"Snrpd2",2889,488,2401
"Gipr",14186,5173,9013
"Eml2",30217,3621,26596
"Mir330",98,98,0
"Gpr4",11678,3031,8647
"Opa3",18429,2260,16169
"LOC102637572",8909,3201,5708
"Vasp",14926,2252,12674
"Ppm1n",3388,2139,1249
"Rtn2",13541,2102,11439
"LOC105242862",2534,998,1536
"Fosb",7531,3957,3574
"Gm34433",21766,2837,18929
"Ercc1",12103,2154,9949
"Cd3eap",3477,2248,1229
"Ppp1r13l",18827,4506,14321
"Ercc2",13654,3547,10107
"Mir343",75,75,0
"Klc3",10003,2728,7275
"LOC105242863",2588,207,2381
"Ckm",10490,1415,9075
"A930016O22Rik",3952,2560,1392
"Mark4",33694,3756,29938
"Exoc3l2",33615,4107,29508
"Bloc1s3",2568,1993,575
"Trappc6a",8740,1069,7671
"Nkpd1",8822,4519,4303
"Ppp1r37",32105,3644,28461
"Gemin7",8395,763,7632
"Zfp296",3370,1530,1840
"Clasrp",23480,2623,20857
"Relb",23222,3812,19410
"Clptm1",33451,4329,29122
"Apoc2",6363,727,5636
"Apoc4",3377,518,2859
"Apoc1",3180,554,2626
"Apoe",2923,1251,1672
"Tomm40",14117,1666,12451
"LOC105242864",4530,928,3602
"Pvrl2",32930,3444,29486
"Gm34744",40737,4034,36703
"Bcam",14395,2407,11988
"Cblc",17092,1662,15430
"Bcl3",14350,1891,12459
"Gm16174",5615,4679,936
"Gm34891",15928,1420,14508
"Gm19345",6353,998,5355
"Ceacam16",19353,3474,15879
"Ceacam19",12249,3386,8863
"Pvr",17566,2888,14678
"Gm16184",564,564,0
"Igsf23",13461,1917,11544
"Rpl7a-ps8",860,860,0
"Ceacam20",25762,2963,22799
"Nlrp9b",71550,3644,67906
"Gm8432",447,447,0
"Gm18877",542,542,0
"Vmn1r91",924,924,0
"Gm16442",924,924,0
"Vmn1r93",966,966,0
"Vmn1r94",918,918,0
"Vmn1r95",924,924,0
"Gm6164",924,924,0
"Gm4498",921,921,0
"Gm18049",813,813,0
"Gm5890",5662,1040,4622
"Gm18455",543,543,0
"Gm4501",548,548,0
"Gm4133",924,924,0
"Vmn1r-ps79",2293,2293,0
"Gm5728",918,918,0
"Vmn1r100",924,924,0
"Vmn1r101",924,924,0
"Gm10670",966,966,0
"Vmn1r103",918,918,0
"Vmn1r104",924,924,0
"Gm5726",924,924,0
"Gm4141",921,921,0
"Gm18050",813,813,0
"LOC101055864",5971,1438,4533
"Gm18456",543,543,0
"Gm8486",19498,19498,0
"Vmn1r107",924,924,0
"Vmn1r-ps71",924,924,0
"Vmn1r111",921,921,0
"Gm18052",810,810,0
"Gm10668",2152,1110,1042
"Gm18458",514,514,0
"Vmn1r112",894,894,0
"Vmn1r113",924,924,0
"Vmn1r114",966,966,0
"Vmn1r115",888,888,0
"Vmn1r116",924,924,0
"Vmn1r117",924,924,0
"Vmn1r118",921,921,0
"Gm18053",813,813,0
"Gm4526",5641,1019,4622
"Gm18459",543,543,0
"Gm4528",548,548,0
"Vmn1r119",924,924,0
"Vmn1r-ps73",2120,2120,0
"Vmn1r120",918,918,0
"Vmn1r-ps74",573,573,0
"Vmn1r121",945,945,0
"Vmn1r122",918,918,0
"Vmn1r123",924,924,0
"Gm18054",815,815,0
"Gm5157",1057,1057,0
"Gm18460",542,542,0
"Gm4536",542,542,0
"Vmn1r124",924,924,0
"Vmn1r125",924,924,0
"Vmn1r126",966,966,0
"Vmn1r127",918,918,0
"Vmn1r128",924,924,0
"Vmn1r129",924,924,0
"Vmn1r-ps75",920,920,0
"Gm18055",812,812,0
"Gm6882",938,938,0
"Gm18461",542,542,0
"Gm4541",20151,495,19656
"Vmn1r130",924,924,0
"Vmn1r-ps76",924,924,0
"Vmn1r131",921,921,0
"Gm18056",810,810,0
"Gm4545",2154,1111,1043
"Gm18462",542,542,0
"Vmn1r132",2403,2403,0
"Gm8600",6062,1099,4963
"Gm18463",542,542,0
"Gm4548",542,542,0
"Gm4175",945,945,0
"Gm4177",918,918,0
"Vmn1r135",924,924,0
"Gm5725",924,924,0
"Vmn1r-ps77",1985,1985,0
"Gm18057",809,809,0
"Gm5891",11858,1726,10132
"Gm18464",542,542,0
"Gm16443",20292,2177,18115
"Vmn1r137",924,924,0
"Vmn1r-ps78",924,924,0
"Vmn1r138",921,921,0
"Gm18058",810,810,0
"Gm6176",2153,1110,1043
"Gm18465",514,514,0
"Vmn1r139",894,894,0
"Gm16451",924,924,0
"Gm10666",966,966,0
"Vmn1r142",918,918,0
"Vmn1r143",924,924,0
"Gm8653",924,924,0
"Gm8453",921,921,0
"Gm18059",813,813,0
"Gm4557",5641,1020,4621
"Gm18466",543,543,0
"Gm4558",548,548,0
"Gm4187",924,924,0
"Vmn1r-ps70",963,963,0
"Gm8660",918,918,0
"Vmn1r148",2439,2439,0
"Vmn1r149",924,924,0
"Gm10665",966,966,0
"Vmn1r151",918,918,0
"Vmn1r152",924,924,0
"Gm8677",924,924,0
"Gm4201",921,921,0
"Gm18060",813,813,0
"Gm4565",2295,1249,1046
"Gm18467",543,543,0
"Gm8685",19500,19500,0
"Vmn1r155",924,924,0
"Vmn1r-ps80",924,924,0
"Gm8693",921,921,0
"Gm18061",810,810,0
"Gm4567",6113,1594,4519
"Gm18468",514,514,0
"Vmn1r157",894,894,0
"Vmn1r158",924,924,0
"Gm4207",2129,2129,0
"Vmn1r159",918,918,0
"Vmn1r160",924,924,0
"Gm19900",1035,796,239
"Gm8708",6062,1099,4963
"Gm18469",542,542,0
"Gm4574",542,542,0
"Gm4214",945,945,0
"Gm4216",918,918,0
"Vmn1r163",924,924,0
"Gm8720",924,924,0
"Gm16456",1985,1985,0
"Gm18062",809,809,0
"Gm10662",11856,1724,10132
"Gm18470",542,542,0
"Gm8728",19491,19491,0
"Vmn1r165",924,924,0
"Vmn1r-ps83",924,924,0
"Vmn1r166",921,921,0
"Gm18063",810,810,0
"Gm6902",2456,1414,1042
"Gm18471",536,536,0
"Nlrp4e",99049,3422,95627
"Krt8-ps",1686,1686,0
"Nlrp5",56025,3511,52514
"Gm18598",607,607,0
"Gm18306",578,578,0
"Vmn1r-ps84",923,923,0
"Vmn1r167",948,948,0
"Gm8745",803,803,0
"Gm18195",979,979,0
"Vmn1r168",930,930,0
"Vmn1r169",915,915,0
"Vmn1r170",915,915,0
"Vmn1r171",1581,1581,0
"Vmn1r172",2348,1325,1023
"Vmn1r173",942,942,0
"Vmn1r174",942,942,0
"Vmn1r-ps85",860,860,0
"Gm17780",888,888,0
"Vmn1r175",915,915,0
"Vmn1r176",915,915,0
"Vmn1r177",930,930,0
"Gm18206",980,980,0
"Vmn1r178",915,915,0
"Vmn1r179",972,972,0
"Gm10175",645,645,0
"Vmn1r180",970,970,0
"Gm5324",591,591,0
"LOC105247242",1421,235,1186
"Vmn1r181",1088,1088,0
"V1rd19",918,918,0
"Vmn1r183",918,918,0
"Ptma-ps1",339,339,0
"Gm36694",1942,418,1524
"Zfp180",25813,4028,21785
"Zfp112",16055,3929,12126
"Zfp235",9082,3784,5298
"Zfp114",8150,5123,3027
"Zfp111",14935,7435,7500
"Zfp109",24545,3261,21284
"Zfp108",7652,2632,5020
"Zfp93",7377,3510,3867
"Gm18126",973,973,0
"Zfp61",8505,2617,5888
"Zfp94",20677,4450,16227
"Gm17982",919,919,0
"Tescl",886,886,0
"Lypd5",4610,935,3675
"LOC105242876",807,411,396
"Kcnn4",15380,2467,12913
"Smg9",23868,3092,20776
"Irgc1",13764,2090,11674
"Gm36159",4131,1706,2425
"Plaur",17133,1656,15477
"Cadm4",22511,2155,20356
"Zfp428",8596,1595,7001
"Irgq",7953,6124,1829
"Pinlyp",4660,867,3793
"Xrcc1",27139,2762,24377
"Zfp575",3804,2741,1063
"Ethe1",21383,1484,19899
"Phldb3",19026,3121,15905
"Gm26550",18223,4876,13347
"Lypd3",4549,1629,2920
"Gm4598",1816,1080,736
"Tex101",4039,1054,2985
"Gm1096",7312,1087,6225
"Gm36776",331,331,0
"BC049730",5322,1332,3990
"Gm4763",12344,2308,10036
"Cd177",16352,2746,13606
"Ceacam10",7501,1098,6403
"Gm5893",21481,1880,19601
"LOC105242877",990,385,605
"Gm18207",578,578,0
"Gm9844",476,476,0
"Lypd4",5154,1217,3937
"Dmrtc2",7780,1943,5837
"LOC105242878",8802,374,8428
"Rps19",5431,971,4460
"Cd79a",4687,1327,3360
"Arhgef1",23678,4051,19627
"Gm4881",17541,1643,15898
"Gm36809",953,411,542
"Rabac1",2979,875,2104
"Mir7046",66,66,0
"Atp1a3",27771,3954,23817
"Mir7047",64,64,0
"Gm36861",4057,3704,353
"Grik5",62651,7798,54853
"Zfp574",7809,6925,884
"Pou2f2",88879,5525,83354
"Mir6537",110,110,0
"D930028M14Rik",4174,1074,3100
"Dedd2",17036,1926,15110
"Mir7048",58,58,0
"Zfp526",8194,4415,3779
"Gsk3a",9594,2260,7334
"9130221H12Rik",1542,1542,0
"Erf",8199,3503,4696
"Cic",26503,10302,16201
"Pafah1b3",2907,870,2037
"Prr19",2782,1816,966
"Tmem145",10205,3064,7141
"Megf8",49176,10462,38714
"Cnfn",2109,723,1386
"4732471J01Rik",189599,4328,185271
"Lipe",19178,4761,14417
"LOC105242880",899,816,83
"Cxcl17",12834,760,12074
"Gm5587",1457,1457,0
"Gm20949",2473,2308,165
"Gm15495",1309,1309,0
"Ceacam1",15924,3736,12188
"LOC105242879",3667,1359,2308
"Ceacam2",23963,3827,20136
"Gm29918",2009,1423,586
"LOC102641661",10698,1033,9665
"Gm4607",1190,1190,0
"Erich4",1272,910,362
"LOC105242881",858,409,449
"Atp5sl",6137,2436,3701
"B3gnt8",1906,1906,0
"Bckdha",28933,1876,27057
"Exosc5",8880,1110,7770
"Tmem91",10677,2849,7828
"B9d2",5829,1270,4559
"Tgfb1",17995,2094,15901
"Ccdc97",8706,4095,4611
"Hnrnpul1",35081,4070,31011
"Axl",32234,5084,27150
"Gm29763",2216,1013,1203
"Cyp2s1",14055,2621,11434
"Gm4613",361,361,0
"LOC101055953",379,379,0
"Cyp2b10",28967,1878,27089
"Cyp2b28-ps",38230,38230,0
"Cyp2b27-ps",24290,24290,0
"Cyp2b13",34854,2343,32511
"Rnf170-ps",3947,3947,0
"Gm29920",7410,1134,6276
"Cyp2b26-ps",13847,13847,0
"Cyp2b9",37323,2093,35230
"Gm8902",2053,2053,0
"Vmn1r-ps86",547,547,0
"Vmn1r184",945,945,0
"LOC105247243",2674,995,1679
"Cyp2a4",7897,1715,6182
"Nlrp9c",38981,3248,35733
"Nlrp4a",41030,4499,36531
"Nlrp9a",39126,3336,35790
"Vmn1r185",960,960,0
"Cyp2b23",25146,2240,22906
"Cyp2b19",15444,2695,12749
"Cyp2g1",12271,1853,10418
"Cyp2a5",7926,1715,6211
"Api5-ps",620,620,0
"Cyp2a22",7782,2341,5441
"Cyp2a21-ps",6595,1270,5325
"Cyp2a12",7729,1667,6062
"Gm4290",813,813,0
"Gm29754",1698,592,1106
"Cyp2f2",13706,1820,11886
"Cyp2t4",5260,2439,2821
"Egln2",8145,2107,6038
"Rab4b",10478,2138,8340
"Mir3101",88,88,0
"LOC105242885",243,155,88
"Mia",1409,567,842
"Snrpa",9266,1570,7696
"BC024978",9606,3542,6064
"Mir1191",120,120,0
"Itpkc",21428,3218,18210
"Adck4",29127,6109,23018
"Numbl",23713,4699,19014
"Gm15570",620,620,0
"Ltbp4",34570,5961,28609
"Gm30543",6998,298,6700
"Shkbp1",13888,2448,11440
"Sptbn4",91322,9274,82048
"Blvrb",18004,998,17006
"Pgam1-ps2",1734,1734,0
"Sertad3",3525,1257,2268
"LOC105242886",6320,1576,4744
"Sertad1",3364,1298,2066
"Prx",20737,5279,15458
"LOC105242887",3167,2434,733
"Hipk4",7920,2714,5206
"Pld3",21569,2745,18824
"2310022A10Rik",28840,2797,26043
"Gm18046",537,537,0
"Akt2",47897,5751,42146
"LOC105242888",4425,1564,2861
"Ttc9b",2284,904,1380
"Map3k10",18233,4036,14197
"C030039L03Rik",31824,8226,23598
"Phf5b-ps",793,793,0
"Zfp60",20281,4057,16224
"Gm10046",5300,632,4668
"Gm29810",11107,2097,9010
"Zfp626",16765,5510,11255
"Zfp59",18254,5420,12834
"Gm30891",1949,754,1195
"Zfp607",50029,8115,41914
"Prkcz2",2223,2223,0
"1700049G17Rik",24359,7702,16657
"LOC105242528",2709,1301,1408
"LOC105247244",1746,1193,553
"Gm10651",914,914,0
"Zfp780b",20058,6354,13704
"LOC105242889",5679,1116,4563
"Vmn1r-ps87",953,953,0
"Zfp850",29908,7138,22770
"Psmc4",8391,1436,6955
"Fcgbp",49629,7930,41699
"Gm21925",54204,54204,0
"9530053A07Rik",35346,7922,27424
"LOC105242892",2408,264,2144
"LOC105242891",6096,2098,3998
"Fbl",9522,1159,8363
"Dyrk1b",8311,3453,4858
"Gm18672",503,503,0
"Leutx",732,732,0
"Eid2",1288,1288,0
"Eid2b",2424,2424,0
"BC089491",6483,1215,5268
"Dll3",8231,2163,6068
"Timm50",6531,1720,4811
"Gm31302",1250,921,329
"Supt5",23914,3625,20289
"Gm31383",518,289,229
"Rps16",2010,615,1395
"AF357399",94,94,0
"Plekhg2",13085,5997,7088
"Zfp36",2445,1765,680
"Med29",7444,2162,5282
"Paf1",6388,1953,4435
"Samd4b",36670,4391,32279
"Gmfg",10775,2464,8311
"Lrfn1",16258,3476,12782
"Gm6518",2598,604,1994
"1700028B04Rik",552,552,0
"Ifnl2",1749,739,1010
"Ifnl3",1569,764,805
"Gm19880",953,953,0
"Sycn",1326,557,769
"Nccrp1",3659,1531,2128
"LOC105242893",2464,817,1647
"Pak4",39368,3263,36105
"Mir7049",60,60,0
"Papl",23728,2582,21146
"Fbxo27",6560,2630,3930
"Fbxo17",21397,2014,19383
"Mrps12",2250,770,1480
"Sars2",11946,2046,9900
"Gm6537",3365,1371,1994
"Nfkbib",8389,2115,6274
"Sirt2",21914,1863,20051
"Gm19897",6616,1619,4997
"Rinl",10105,3029,7076
"Hnrnpl",13723,2857,10866
"Ech1",7445,1430,6015
"Lgals4",8102,1631,6471
"Lgals7",2438,707,1731
"Gm10648",5790,357,5433
"Capn12",12140,3088,9052
"Actn4",69105,4041,65064
"LOC105242894",4704,4611,93
"Eif3k",10518,1225,9293
"Map4k1",21230,3503,17727
"Ryr1",121840,15779,106061
"LOC105242895",1906,1321,585
"Gm26604",8265,1712,6553
"Mir1963",59,59,0
"Rasgrp4",19029,7923,11106
"Fam98c",3850,1538,2312
"Spred3",12072,5432,6640
"Ggn",3730,2798,932
"Psmd8",6487,1513,4974
"Catsperg1",34100,6826,27274
"Kcnk6",10595,4089,6506
"Yif1b",9225,1314,7911
"2200002D01Rik",947,507,440
"Spint2",25735,1620,24115
"Ppp1r14a",4071,531,3540
"LOC105242896",2026,1737,289
"Dpf1",13634,4469,9165
"Sipa1l3",198572,9859,188713
"4932431P20Rik",18700,8969,9731
"LOC105242898",2162,281,1881
"4930432E11Rik",18505,3908,14597
"LOC102632285",1996,1996,0
"Catsperg2",29832,4081,25751
"LOC105242900",3663,3010,653
"Zfp84",12868,5711,7157
"Mir1964",83,83,0
"Zfp30",9751,2604,7147
"Gm6579",1913,1693,220
"Zfp790",16038,7501,8537
"Zfp940",9813,3084,6729
"Zfp420",17343,3926,13417
"Zfp27",13231,4058,9173
"Mir7668",59,59,0
"Zfp383",8533,3011,5522
"Zfp74",24133,6780,17353
"C230062I16Rik",12781,1809,10972
"Gm10169",551,551,0
"Gm31735",12912,1404,11508
"Zfp568",44328,7321,37007
"Zfp14",15579,6408,9171
"Zfp82",16790,3396,13394
"Zfp566",13174,1692,11482
"Zfp260",12841,3850,8991
"Zfp382",14492,3628,10864
"Gm10988",1494,1494,0
"Zfp146",9293,2863,6430
"Gm5113",10288,2955,7333
"Cox7a1",1860,366,1494
"Capns1",11853,2242,9611
"Tbcb",7900,1289,6611
"Polr2i",1314,690,624
"Ovol3",4279,2819,1460
"Wdr62",40290,5083,35207
"Rps12-ps5",484,484,0
"Clip3",16680,3365,13315
"Alkbh6",5551,945,4606
"Syne4",4230,1354,2876
"Sdhaf1",967,967,0
"4930479H17Rik",7348,1820,5528
"Lrfn3",7259,2861,4398
"LOC105247252",2312,785,1527
"LOC105247245",6252,387,5865
"Gm32029",2790,1318,1472
"Tyrobp",3795,569,3226
"Hcst",2143,442,1701
"Nfkbid",7018,2882,4136
"Gm30646",2135,480,1655
"Aplp1",10603,2392,8211
"Kirrel2",13151,3463,9688
"Nphs1",30404,6363,24041
"Nphs1os",3428,1339,2089
"Rps12-ps4",519,519,0
"Prodh2",19817,2383,17434
"Arhgap33os",7072,2648,4424
"Arhgap33",12867,5608,7259
"Proser3",13169,2503,10666
"Hspb6",2806,1489,1317
"Mir9769",77,77,0
"Lin37",4279,1230,3049
"Psenen",1320,651,669
"U2af1l4",2025,864,1161
"Igflr1",2536,1186,1350
"Kmt2b",19872,8527,11345
"Gm32082",2767,738,2029
"Mir3569",58,58,0
"Zbtb32",13139,6350,6789
"Upk1a",9643,1308,8335
"Cox6b1",9178,505,8673
"Etv2",2894,1459,1435
"Rbm42",9234,1701,7533
"Haus5",11287,2195,9092
"Pmis2",884,699,185
"2200002J24Rik",11411,1153,10258
"Atp4a",13326,3497,9829
"Tmem147",1834,868,966
"Gapdhs",15015,3029,11986
"Tmem147os",7162,988,6174
"Sbsn",7164,4786,2378
"Dmkn",17344,2197,15147
"Krtdap",3179,456,2723
"Ffar2",5766,3270,2496
"Gm32236",8299,2186,6113
"Ffar3",1849,1625,224
"Ffar1",903,903,0
"Cd22",14939,4864,10075
"D7Ertd128e",4468,1474,2994
"Mag",15748,2640,13108
"Hamp2",1810,437,1373
"Usf2-ps1",1214,1214,0
"Hamp",1650,395,1255
"Usf2",12003,2866,9137
"Gm4673",953,402,551
"Lsr",15700,2258,13442
"Fam187b",15923,2667,13256
"Gm18196",852,852,0
"LOC105247246",39211,658,38553
"Fxyd5",9609,1410,8199
"LOC105242901",21192,787,20405
"Mir7050",60,60,0
"Fxyd7",8940,678,8262
"Fxyd1",4200,1797,2403
"Lgi4",11983,4886,7097
"Fxyd3",6163,524,5639
"Hpn",16602,2001,14601
"Scn1b",10422,1515,8907
"Gramd1a",25809,3480,22329
"Gm10640",8284,1134,7150
"Scgb2b1",2004,330,1674
"Scgb1b2",1298,419,879
"Scgb2b2",2209,512,1697
"Scgb2b3",3035,339,2696
"Scgb1b3",1325,419,906
"Scgb2b4-ps",3594,294,3300
"Gm29492",1783,513,1270
"Rpl23a-ps8",529,529,0
"Scgb2b6",1789,342,1447
"Gm4373",628,628,0
"Rpl23a-ps9",528,528,0
"Scgb2b7",1976,517,1459
"Scgb1b7",1316,421,895
"Gm9114",1220,1220,0
"Gm29627",468,468,0
"Scgb2b8-ps",1781,328,1453
"Scgb1b8-ps",1182,283,899
"Gm6669",1223,1223,0
"Gm9120",1223,1223,0
"LOC102635398",441,441,0
"Scgb2b9-ps",2151,336,1815
"LOC102633076",468,468,0
"Scgb2b29-ps",1769,338,1431
"Gm9127",1204,1204,0
"Gm29263",467,467,0
"Scgb2b10",1944,476,1468
"LOC102635992",1182,282,900
"Rpl23a-ps10",526,526,0
"Scgb2b30",1793,249,1544
"Gm9135",1207,1207,0
"Gm9137",467,467,0
"Scgb2b11",1789,339,1450
"Scgb2b12",1960,511,1449
"Scgb1b12",1314,411,903
"Gm9142",1175,1175,0
"Rpl23a-ps11",528,528,0
"Scgb1b29",1304,404,900
"Gm9146",1221,1221,0
"LOC101056169",468,468,0
"Scgb2b13-ps",1780,328,1452
"Scgb1b13-ps",1182,283,899
"Gm5327",1223,1223,0
"Gm9149",1223,1223,0
"Gm21135",441,441,0
"Scgb2b14-ps",2152,336,1816
"Gm5058",468,468,0
"Scgb2b31-ps",1769,338,1431
"Gm4398",1205,1205,0
"Gm28408",467,467,0
"Scgb2b15",1971,503,1468
"LOC102637163",1182,282,900
"Scgb2b16-ps",2152,336,1816
"Gm9156",468,468,0
"Scgb2b32-ps",1769,338,1431
"Gm4405",1205,1205,0
"Gm28384",467,467,0
"Scgb2b17",1971,503,1468
"LOC102637615",1182,282,900
"Rpl23a-ps7",526,526,0
"Scgb2b33",1790,249,1541
"Gm9162",1207,1207,0
"LOC102637838",468,468,0
"Scgb2b18",1789,339,1450
"Scgb2b19",1976,527,1449
"Scgb1b19",1185,282,903
"Gm9167",1175,1175,0
"Scgb2b20",1977,520,1457
"Scgb1b20",1326,421,905
"Gm5732",1222,1222,0
"Gm5731",484,484,0
"Scgb1b34-ps",2646,435,2211
"Scgb2b21",1797,339,1458
"LOC102633800",2460,510,1950
"Scgb2b23-ps",28137,516,27621
"LOC105242906",4271,410,3861
"Rpl23a-ps12",527,527,0
"Scgb2b24",2103,503,1600
"Scgb1b24",1305,400,905
"Gm12782",709,709,0
"Gm12768",729,729,0
"Gm12757",925,875,50
"Scgb2b26",1989,529,1460
"Gm12773",521,521,0
"Gm12755",9159,997,8162
"Scgb2b27",2024,828,1196
"Scgb1b27",1315,409,906
"LOC105242907",1022,518,504
"Scgb1b30",5407,491,4916
"Wtip",23985,2261,21724
"Uba2",27833,2524,25309
"Pdcd2l",12218,1553,10665
"Gpi1",29010,2887,26123
"LOC105247247",2791,1685,1106
"Gm12758",3743,2087,1656
"4931406P16Rik",76869,6801,70068
"LOC102638521",1113,1113,0
"Lsm14a",45001,3455,41546
"Gm12774",2536,2536,0
"Gm31709",381,381,0
"Gm35297",24724,835,23889
"Gm12784",13554,2747,10807
"Gm35378",2123,1539,584
"Kctd15",16493,4035,12458
"Gm12781",1739,1609,130
"Chst8",138244,3042,135202
"LOC105242908",31176,1567,29609
"Pepd",132302,1853,130449
"Gm35534",6768,5980,788
"Gm35484",8160,186,7974
"Cebpg",10169,4731,5438
"Gm35611",10229,2678,7551
"Cebpa",2636,2636,0
"Gm35724",13401,1040,12361
"Gm35665",7663,3054,4609
"Gm35889",5708,495,5213
"LOC105242909",10457,2095,8362
"Slc7a10",14758,2003,12755
"Lrp3",14616,4142,10474
"LOC105242910",2430,1387,1043
"Wdr88",41152,5198,35954
"Gpatch1",41897,3057,38840
"Rhpn2",58108,3496,54612
"C230052I12Rik",4616,1788,2828
"Cep89",42829,4222,38607
"LOC105247248",34439,2251,32188
"Gm18254",2651,2651,0
"Slc7a9",17307,2291,15016
"Tdrd12",71216,8730,62486
"Gm18558",886,886,0
"Nudt19",9233,2411,6822
"Rgs9bp",6590,6590,0
"Ankrd27",53012,4974,48038
"Pdcd5",5498,642,4856
"LOC105247249",1439,291,1148
"Dpy19l3",68955,7671,61284
"Zfp507",30647,6823,23824
"E130304I02Rik",35483,696,34787
"Gm36234",3222,580,2642
"LOC105242911",7286,480,6806
"Gm36286",9340,5374,3966
"LOC105242912",26055,4332,21723
"Rpl17-ps9",623,623,0
"Gm36340",4218,2680,1538
"Gm9211",1194,1194,0
"LOC105242913",4315,437,3878
"Gm36420",6723,1219,5504
"LOC105242914",22684,839,21845
"Gm36722",44735,13329,31406
"Tshz3",75812,7342,68470
"Gm36656",3239,910,2329
"Gm36567",3194,2842,352
"Gm36464",20489,1752,18737
"Gm36830",20022,4479,15543
"Gm28076",10506,1215,9291
"Gm28075",16430,551,15879
"LOC105242917",1364,290,1074
"Gm29919",1317,527,790
"LOC105242918",2845,423,2422
"LOC102631767",7237,2054,5183
"Gm28077",4613,3489,1124
"Zfp536",456155,14981,441174
"Gm30544",6926,3972,2954
"LOC105242920",1945,1401,544
"LOC102642793",5979,2476,3503
"Uri1",63584,3592,59992
"Gm30684",29274,2980,26294
"Gm30771",36052,4882,31170
"Ccne1",9507,1956,7551
"Gm30912",2282,357,1925
"1600014C10Rik",14352,3453,10899
"Plekhf1",7341,1559,5782
"Pop4",8553,1427,7126
"Gm28581",4209,902,3307
"Gm9220",5878,3049,2829
"Gm4451",1893,1893,0
"1700010N08Rik",7184,314,6870
"Gm6818",9876,3568,6308
"LOC105242406",9386,531,8855
"Gm28583",8765,1295,7470
"Gm28453",900,688,212
"Gm21115",6096,3276,2820
"Gm29087",94098,1279,92819
"Gm6819",2478,2200,278
"Gm5591",10055,3441,6614
"Gm4454",6070,3263,2807
"Gm20749",4653,3891,762
"LOC105242401",5722,2916,2806
"Gm21276",7899,2966,4933
"Gm21122",7456,3844,3612
"Gm21129",10337,3898,6439
"Gm32146",8657,1142,7515
"LOC105247250",900,688,212
"Gm21136",6001,3182,2819
"Gm21142",7442,2538,4904
"Gm21152",4616,3916,700
"Gm32110",52168,1483,50685
"Gm6833",9366,2904,6462
"Gm1982",1957,1957,0
"Gm33067",59403,1196,58207
"Gm1988",9761,3175,6586
"Gm6124",6106,3292,2814
"Gm16387",7242,2024,5218
"Gm9226",3645,3576,69
"Gm33382",71729,1680,70049
"Gm29258",10194,3660,6534
"Gm18831",44589,44589,0
"Gm9271",6249,3442,2807
"Gm5114",5975,3155,2820
"Gm5590",3953,762,3191
"Zfp939",27910,5476,22434
"Gm28455",11955,1547,10408
"Zfp619",22650,5964,16686
"Gm33989",38529,19981,18548
"Gm17983",578,578,0
"Gm2058",3195,3195,0
"Gm9230",877,877,0
"Gm34052",7166,1921,5245
"LOC105247253",464,464,0
"LOC105242922",7954,536,7418
"4933402C06Rik",16524,1000,15524
"A230077H06Rik",49172,2918,46254
"Vstm2b",31748,2382,29366
"Gm29293",1455,1005,450
"4930433I11Rik",7225,2022,5203
"LOC105242923",21802,400,21402
"Gm4884",12586,3433,9153
"1700110I07Rik",42034,1640,40394
"Gm9239",9786,2981,6805
"Gm6820",5885,1836,4049
"Gm2128",5624,2799,2825
"Gm5896",952,952,0
"Gm34811",6843,1419,5424
"Gm6866",9421,2894,6527
"Gm9244",18228,2052,16176
"Gm5592",5857,3033,2824
"LOC102636352",8774,1711,7063
"Gm17791",3040,2242,798
"Gm9246",3379,3379,0
"AI987944",20457,3844,16613
"Gm17102",3985,1141,2844
"Vmn2r57",48910,2592,46318
"AW146154",21017,3411,17606
"Gm15470",1373,1373,0
"LOC102642386",16517,2791,13726
"Zfp788",18004,3833,14171
"Gm9252",1822,1822,0
"Vmn2r-ps54",59180,2952,56228
"Gm6872",703,703,0
"Cd9-ps",1138,1138,0
"Vmn2r-ps55",318,318,0
"Vmn2r-ps56",28174,28174,0
"Vmn2r58",35790,2589,33201
"Vmn2r-ps57",43369,43369,0
"Vmn2r59",47190,2598,44592
"Hmgb1-ps7",1279,1279,0
"Gm7224",2483,2282,201
"Gm5593",1513,1513,0
"Vmn2r60",79306,2562,76744
"Gm2308",1216,1216,0
"Vmn2r61",40703,2598,38105
"Vmn2r-ps58",263,263,0
"LOC100534301",4264,4264,0
"Vmn2r-ps59",141,141,0
"Vmn2r-ps60",265,265,0
"4933421I07Rik",2667,1421,1246
"Zfp141",32393,4121,28272
"Gm19246",343,343,0
"Gm35353",4322,2432,1890
"Gm21028",1330,1330,0
"LOC105242925",18133,5194,12939
"9830147E19Rik",33079,5011,28068
"Gm5595",32628,3181,29447
"LOC105242926",32703,1369,31334
"LOC101056115",33971,4170,29801
"Gm18128",508,508,0
"Gm6004",2191,2191,0
"Vmn2r62",29059,2580,26479
"Gm2381",50408,4075,46333
"Gm7211",2113,2113,0
"Vmn2r63",30539,2580,27959
"Gm9266",484,484,0
"Gm9294",869,869,0
"Gm9268",29309,2565,26744
"Gm17768",21334,2374,18960
"Rpl18a-ps4",565,565,0
"Gm18208",848,848,0
"Zfp936",14522,3112,11410
"EU599041",18898,1941,16957
"Gm35588",11899,2846,9053
"Zfp715",16790,4412,12378
"Siglecf",8135,2618,5517
"Siglecg",10158,2779,7379
"C7H19orf84",2194,1605,589
"Lim2",5891,866,5025
"Nkg7",1109,813,296
"Cldnd2",2505,616,1889
"Etfb",13729,904,12825
"Mir7051",73,73,0
"LOC105242928",2671,1631,1040
"Vsig10l",8963,3930,5033
"Iglon5",17151,3261,13890
"4931406B18Rik",13926,4001,9925
"Gm9278",584,584,0
"Gm2511",7919,1474,6445
"Cd33",17030,3261,13769
"Zfp658",13773,4300,9473
"Zfp719",14156,5067,9089
"Zfp819",11111,2412,8699
"Ceacam18",15559,2940,12619
"Siglece",9110,2078,7032
"Gm36546",2622,1372,1250
"Ctu1",6268,2460,3808
"Klk14",14657,2274,12383
"Klk13",15298,2247,13051
"2310002F09Rik",10471,2554,7917
"Klk12",6041,2547,3494
"Klk11",4647,1454,3193
"Klk10",4357,1354,3003
"Klk9",5171,1618,3553
"Klk8",6271,1347,4924
"Klk7",4916,1745,3171
"Klk6",7484,1410,6074
"Klk5",17025,1426,15599
"Klk4",4633,1237,3396
"Klk2-ps",5589,5589,0
"Klk15",10448,1161,9287
"Klk1b7-ps",916,448,468
"Klk1b8",4267,848,3419
"Klk1b2-ps",4175,4175,0
"Klk1b1",4549,848,3701
"Klk1b9",4316,870,3446
"Klk1b10-ps",4301,4301,0
"Klk1b11",3997,861,3136
"Klk1b12-ps",4296,4296,0
"Klk1b26",9017,1218,7799
"Klk1b18-ps",757,757,0
"Klk1b28-ps",1212,1212,0
"Klk1b19-ps",3310,3310,0
"Klk1b27",4423,889,3534
"Klk1b14-ps",4250,4250,0
"Klk1b15-ps",3263,3263,0
"Klk1b21",4292,1012,3280
"Klk1b22",4194,799,3395
"Klk1b23-ps",669,669,0
"Klk1b16",4838,1381,3457
"Klk1b24",4226,884,3342
"Klk1b3",4161,888,3273
"Klk1b4",4320,839,3481
"Klk1b5",4229,861,3368
"Klk1",4181,876,3305
"1700028J19Rik",6194,1188,5006
"Gm36864",8175,5535,2640
"2410002F23Rik",5600,2919,2681
"Snord88c",84,84,0
"Snord88a",72,72,0
"Acpt",9636,3097,6539
"Gm15517",2314,1519,795
"LOC102632142",5542,3641,1901
"Gm7238",27982,1231,26751
"Gm18307",861,861,0
"Clec11a",3194,1956,1238
"Shank1",50506,11309,39197
"1700008O03Rik",26850,3171,23679
"LOC105242929",1384,430,954
"Syt3",15932,2525,13407
"LOC105242930",10012,3138,6874
"Lrrc4b",20865,2726,18139
"LOC105242931",5075,1680,3395
"Aspdh",2317,966,1351
"Josd2",3679,1615,2064
"Mir7052",65,65,0
"5430431A17Rik",3359,3257,102
"Emc10",6587,2065,4522
"Fam71e1",5098,1875,3223
"Mybpc2",23017,5464,17553
"Spib",6092,3576,2516
"Pold1",16072,3424,12648
"Mir7053",73,73,0
"Nr1h2",4354,2026,2328
"Napsa",14402,1479,12923
"Gm15396",10320,752,9568
"Kcnc3",14094,7392,6702
"Myh14",65041,6835,58206
"Gm30828",906,766,140
"Gm18256",928,928,0
"2310016G11Rik",11677,5473,6204
"Izumo2",11148,768,10380
"Zfp473",17138,5481,11657
"Vrk3",28887,2356,26531
"Gm29791",2420,905,1515
"Atf5",4403,1993,2410
"Nup62-il4i1",24435,2301,22134
"Nup62",14388,2385,12003
"Il4i1",4522,2047,2475
"Tbc1d17",8304,2618,5686
"LOC105242932",1523,258,1265
"Akt1s1",6289,3540,2749
"Mir707",73,73,0
"Pnkp",5875,2327,3548
"Ptov1",7345,2507,4838
"Med25",15900,4608,11292
"Fuz",5360,2602,2758
"Ap2a1",29118,3810,25308
"Gm31028",1288,274,1014
"LOC105242933",3156,3121,35
"Tsks",28459,2181,26278
"Cpt1c",16369,3624,12745
"Prmt1",9666,1678,7988
"Gm15545",7702,1090,6612
"Bcl2l12",6422,1197,5225
"Irf3",5201,2321,2880
"Scaf1",13410,6089,7321
"Mir7054",62,62,0
"Rras",3641,973,2668
"Prr12",25175,6879,18296
"Prrg2",8943,1521,7422
"Nosip",16075,2215,13860
"Rcn3",9344,1497,7847
"Fcgrt",10855,1775,9080
"Mir150",65,65,0
"Rps11",2002,602,1400
"Snord35b",87,87,0
"Rpl13a",3183,1026,2157
"Snord35a",89,89,0
"Snord34",66,66,0
"Snord33",82,82,0
"Mir5121",74,74,0
"Snord32a",81,81,0
"Flt3l",5307,2517,2790
"Aldh16a1",12706,2574,10132
"Pih1d1",6231,1893,4338
"Slc17a7",12219,2940,9279
"Mir7055",59,59,0
"Gfy",3249,2293,956
"Pth2",5274,1109,4165
"Ccdc155",21274,2528,18746
"Gm31097",2568,1090,1478
"Dkkl1",5078,1622,3456
"Tead2",17884,2206,15678
"Cd37",5604,2024,3580
"Slc6a16",32613,3195,29418
"1700039E15Rik",11666,3155,8511
"LOC105242934",2326,1719,607
"Trpm4",30916,4803,26113
"Rpl14-ps1",694,694,0
"Hrc",3705,2431,1274
"Ppfia3",27894,5087,22807
"Mtag2",1786,828,958
"Lin7b",2674,716,1958
"Snrnp70",19289,4830,14459
"Kcna7",5423,3494,1929
"Ntf5",3485,2684,801
"Lhb",3690,2340,1350
"Ruvbl2",13275,2052,11223
"Gys1",21779,3681,18098
"Ftl1",1943,970,973
"Bax",5209,923,4286
"Dhdh",15311,2944,12367
"Tulp2",41687,2793,38894
"Nucb1",17735,2724,15011
"Ppp1r15a",3352,2333,1019
"Plekha4",27900,3816,24084
"Hsd17b14",12467,1726,10741
"0610005C13Rik",7382,1122,6260
"Bcat2",19856,2598,17258
"Gm31479",8022,2081,5941
"Fgf21",5461,1272,4189
"Fut1",3794,2809,985
"Izumo1",5432,1571,3861
"Rasip1",11556,3152,8404
"Mamstr",9007,6608,2399
"Fut2",17804,3239,14565
"LOC105242936",6778,3175,3603
"LOC105242935",11286,6880,4406
"Sec1",16717,2719,13998
"Ntn5",10535,3242,7293
"Car11",4824,1769,3055
"Dbp",5109,2519,2590
"Sphk2",8540,4163,4377
"Rpl18",2765,679,2086
"Sult2b1",38382,1995,36387
"Fam83e",8273,3917,4356
"Spaca4",710,710,0
"Gm31597",8798,1104,7694
"LOC105242937",10441,1637,8804
"Lmtk3",23149,9422,13727
"Cyth2",7680,2527,5153
"Kcnj14",8281,2639,5642
"Grwd1",5574,1909,3665
"Grin2d",40807,8620,32187
"Kdelr1",10887,1525,9362
"Syngr4",10651,1748,8903
"Tmem143",20429,2253,18176
"Emp3",3404,972,2432
"Ccdc114",27438,5299,22139
"Gm9712",490,490,0
"Abcc6",56372,7732,48640
"Nomo1",50517,4259,46258
"LOC105242938",846,734,112
"Gm18706",1069,1069,0
"Kcnj11",3750,3360,390
"Abcc8",75517,5865,69652
"Ush1c",43140,3190,39950
"Otog",70448,10043,60405
"Myod1",2619,1854,765
"Kcnc1",42250,9702,32548
"Sergef",196649,3498,193151
"Tph1",27897,4861,23036
"Saal1",24584,4793,19791
"Saa3",3679,531,3148
"Gm31882",2437,1661,776
"Saa4",4546,2034,2512
"Saa-ps",896,896,0
"Saa1",2574,912,1662
"Saa2",2538,1225,1313
"Hps5",35599,5360,30239
"Gtf2h1",27989,3189,24800
"Gm9392",1333,1333,0
"Gm5331",6905,676,6229
"Ldha",9824,1930,7894
"LOC105242939",5812,510,5302
"Ldhc",16880,1532,15348
"Tsg101",30948,1876,29072
"Uevld",35315,5902,29413
"LOC105242940",12762,807,11955
"Gm19248",471,471,0
"C86187",8165,2020,6145
"Gm31941",607,607,0
"Gm9999",11172,567,10605
"Spty2d1",18019,5226,12793
"Gm32031",525,395,130
"Tmem86a",4137,1791,2346
"LOC102637012",17562,5002,12560
"Ptpn5",55901,3897,52004
"Mir7056",59,59,0
"Gm14377",33502,20456,13046
"Mrgpra6",3590,905,2685
"Gm18347",728,728,0
"Mrgpra9",17930,1052,16878
"Mrgprx3-ps",906,906,0
"Mrgpra1",19366,1088,18278
"Mrgpra2a",25843,1274,24569
"Mrgpra2b",25787,1274,24513
"Gm7255",855,855,0
"Mrgprc4-ps",1059,1059,0
"Gm9717",939,939,0
"Gm9322",974,974,0
"Mrgpra3",12423,1295,11128
"Mrgprc1-ps",1048,1048,0
"Gm2707",738,738,0
"Mrgprc3-ps",1045,1045,0
"Gm5733",939,939,0
"Gm18348",843,843,0
"Mrgprc7-ps",1390,1390,0
"Gm18349",930,930,0
"Mrgpra18-ps",1446,1446,0
"Gm18350",1044,1044,0
"Gm5734",939,939,0
"Mrgprc2-ps",1180,1180,0
"Mrgpra4",1503,1503,0
"Mrgprx1",6627,1180,5447
"Mrgprb7-ps",1358,1358,0
"Mrgprb12-ps",953,953,0
"Gm18351",785,785,0
"LOC105247254",40782,2903,37879
"Mrgprb5",969,969,0
"Gm18352",562,562,0
"Mrgprb4",966,966,0
"Gm18356",1513,1513,0
"Mrgprb13",1020,1020,0
"Gm18357",506,506,0
"Mrgprb8",1123,1123,0
"Mrgprb1",12230,4185,8045
"Mrgprx2",20652,4559,16093
"Mrgprb2",107130,2185,104945
"Mrgprb9-ps",1319,1319,0
"Gm18353",822,822,0
"Mrgprb3",939,939,0
"Gm7262",939,939,0
"LOC105247255",836,777,59
"Gm32263",13184,1184,12000
"Zdhhc13",38438,2410,36028
"Csrp3",17654,973,16681
"E2f8",15714,3949,11765
"LOC545966",35110,9475,25635
"Gm18559",631,631,0
"Nav2",651023,16833,634190
"Gm32849",19956,19855,101
"LOC105242941",1023,214,809
"Gm32694",1887,1788,99
"Dbx1",5337,2077,3260
"Gm32962",3307,779,2528
"Htatip2",19320,1714,17606
"Prmt3",79908,2495,77413
"Slc6a5",68163,8517,59646
"Nell1",887940,2812,885128
"Nell1os",58576,489,58087
"4933405O20Rik",1339,1339,0
"LOC100534340",2617,2617,0
"Gm21032",2617,2617,0
"Gm21033",2617,2617,0
"Gm21034",2616,2616,0
"Gm21035",2617,2617,0
"Gm21036",2617,2617,0
"Gm21037",2618,2618,0
"Gm16478",6662,5535,1127
"Gm33015",2186,451,1735
"Gm9354",579,579,0
"Gm33190",14188,2374,11814
"Ano5",89819,9958,79861
"LOC105242942",25839,2656,23183
"Slc17a6",49297,4505,44792
"LOC105247274",1068,1068,0
"Gm7336",1224,1224,0
"Gm33290",4801,636,4165
"Fancf",1691,1691,0
"Gas2",132658,5045,127613
"Svip",8858,3235,5623
"1700015G11Rik",4037,388,3649
"Gm9357",7594,7594,0
"Gm20074",520,520,0
"Gm6181",407,407,0
"Gm33898",89404,1372,88032
"Gm18906",731,731,0
"Gm33990",29994,196,29798
"Gm9362",866,866,0
"Mir6238",129,129,0
"Gm5776",617,617,0
"Gm6290",53916,1294,52622
"Luzp2",433689,5319,428370
"Gm17838",695,695,0
"LOC105242943",3322,1555,1767
"Gm9367",546,546,0
"LOC105242944",3495,1211,2284
"Siglech",10696,3257,7439
"Tubgcp5",37335,7393,29942
"Cyfip1",90563,6675,83888
"Gm17907",703,703,0
"Nipa2",31390,4151,27239
"A230056P14Rik",17566,1405,16161
"Nipa1",41090,1885,39205
"LOC105242945",7709,5490,2219
"Rps12l1",496,496,0
"Gm34121",11723,2311,9412
"Herc2",181646,15575,166071
"Gm19187",888,888,0
"Oca2",296925,4007,292918
"Gabrg3",662630,1673,660957
"Gm17984",837,837,0
"Gm17987",581,581,0
"Gm18642",1516,1516,0
"Gm18308",1268,1268,0
"LOC105242946",5330,3931,1399
"Gm9962",22670,1417,21253
"Gabra5",102432,3289,99143
"LOC105247256",70766,822,69944
"Mir6389",102,102,0
"Gabrb3",238285,5699,232586
"LOC105242947",17935,16964,971
"Gm5596",3318,3318,0
"Gm34272",1710,353,1357
"Gm18127",685,685,0
"Atp10a",173893,6579,167314
"LOC105242948",33607,5468,28139
"Gm6226",1143,1143,0
"LOC105242949",239372,724,238648
"Gm18453",626,626,0
"Gm9373",599,599,0
"Gm9375",1169,1169,0
"Gm9377",623,623,0
"Ube3a",83723,12057,71666
"A230073K19Rik",7288,7288,0
"C230091D08Rik",16226,3708,12518
"LOC102642160",17017,2088,14929
"LOC105247258",3756,353,3403
"LOC105247257",5627,358,5269
"LOC101055630",52118,1232,50886
"LOC102637691",28090,1010,27080
"LOC105247259",19222,684,18538
"LOC105247260",1895,190,1705
"LOC105247261",1891,188,1703
"LOC105247262",5633,229,5404
"LOC105247263",7504,425,7079
"Ipw",59721,734,58987
"Snord116",90,90,0
"LOC102640399",115936,6164,109772
"LOC105247265",20791,551,20240
"LOC105247264",2944,403,2541
"LOC102640292",35422,1909,33513
"Snord116l2",90,90,0
"Snord116l1",90,90,0
"Snhg14",4855,2193,2662
"Snord64",46,46,0
"Snurf",22656,1971,20685
"Snrpn",157718,2380,155338
"Gm18908",2208,1807,401
"Gm7367",1401,1401,0
"Gm18129",7407,7407,0
"LOC105242956",4516,2958,1558
"Gm30196",909,909,0
"LOC105247266",6355,1827,4528
"LOC102637921",92663,3414,89249
"Gm10297",642,642,0
"LOC105242952",5138,5138,0
"Gm29729",89342,3547,85795
"Gm30829",38308,518,37790
"A230006K03Rik",80846,7906,72940
"LOC102633165",5435,2270,3165
"Gm31445",156120,5717,150403
"Gm31652",6598,269,6329
"B230209E15Rik",85918,2058,83860
"Ube2nl",1238,1238,0
"Mir344d-1",69,69,0
"Mir344d-2",80,80,0
"A230057D06Rik",221725,2004,219721
"Mir344d-3",80,80,0
"Mir344e",66,66,0
"Mir344h-1",60,60,0
"Mir344h-2",60,60,0
"Mir344b",63,63,0
"Mir344c",92,92,0
"Mir344",95,95,0
"Gm19032",635,635,0
"LOC102634026",4214,4214,0
"Mir344-2",80,80,0
"A330076H08Rik",38403,1836,36567
"Mir344g",71,71,0
"Mir344f",68,68,0
"Gm18472",973,973,0
"Mir344i",88,88,0
"Gm9801",86804,2670,84134
"LOC105247267",12533,887,11646
"Gm32061",86035,4061,81974
"Ndn",1652,1652,0
"Magel2",4662,4662,0
"Mkrn3",2547,2547,0
"Peg12",2640,2640,0
"Atp5l-ps1",471,471,0
"Vmn2r-ps61",879,879,0
"Gm9445",1289,1289,0
"Gm5333",892,892,0
"Gm32111",19084,748,18336
"Chrna7",113835,2091,111744
"4930554H23Rik",99881,2583,97298
"Otud7a",315161,4708,310453
"Gm5898",3356,3356,0
"Gm3307",629,629,0
"Gm18804",511,511,0
"Gm7482",604,604,0
"LOC105242959",29450,1912,27538
"Gm32345",3910,3134,776
"Klf13",52565,6396,46169
"Gm27252",9036,8708,328
"E030018B13Rik",3683,1015,2668
"LOC105242960",2968,1161,1807
"Gm32633",38534,3053,35481
"Gm20670",15878,4288,11590
"Gm32902",518,426,92
"Trpm1",115938,6848,109090
"Mir211",106,106,0
"Mir6416",117,117,0
"Mtmr10",53137,5205,47932
"Fan1",27974,5030,22944
"Gm17930",700,700,0
"Mphosph10",15696,2202,13494
"Mcee",19510,857,18653
"Apba2",252173,3802,248371
"Fam189a1",400474,4795,395679
"Ndnl2",1391,1391,0
"Gm32963",2865,1397,1468
"Gm17908",1256,1256,0
"Gm17918",754,754,0
"1810049I09Rik",638,478,160
"Tjp1",231642,7978,223664
"Gm33068",2756,1031,1725
"BC046251",37312,6279,31033
"Tarsl2",47196,3194,44002
"LOC105247268",10936,2174,8762
"Gm33234",3238,948,2290
"Tm2d3",8497,1003,7494
"Gm7551",1496,1496,0
"Gm33291",3019,640,2379
"1810008I18Rik",2172,691,1481
"LOC102641467",3629,2564,1065
"Pcsk6",188251,4298,183953
"Snrpa1",14252,1250,13002
"Vimp",9757,1191,8566
"Chsy1",64284,4428,59856
"Gm18988",727,727,0
"Gm33442",23034,1715,21319
"Lrrk1",129597,8867,120730
"Mir7057",58,58,0
"Aldh1a3",36586,3401,33185
"Gm33515",1848,575,1273
"Gm33570",3665,757,2908
"Asb7",45086,12245,32841
"Lins",27490,5465,22025
"Cers3",90520,3740,86780
"Gm33627",13107,2218,10889
"Adamts17",313449,8577,304872
"Gm17909",910,910,0
"1700112J16Rik",7245,6042,1203
"Lysmd4",5925,3840,2085
"Mef2a",142339,6502,135837
"Gm33868",341,266,75
"Gm33926",7751,1412,6339
"Lrrc28",131922,4420,127502
"LOC105242962",3818,641,3177
"Gm34079",19243,6532,12711
"Gm32983",4915,1736,3179
"Ttc23",82651,8736,73915
"LOC105242963",9601,8314,1287
"Gm34140",5824,4148,1676
"Synm",29582,7866,21716
"4833412C05Rik",18959,1083,17876
"Gm34350",29705,4186,25519
"LOC105242964",3094,1258,1836
"Igf1r",281412,12220,269192
"LOC105242965",11084,10883,201
"Pgpep1l",28035,2110,25925
"Gm16157",10256,1340,8916
"Fam169b",89251,3559,85692
"LOC105242966",2219,1383,836
"4933436H12Rik",8710,1533,7177
"Gm34549",2827,348,2479
"Gm5334",1554,1554,0
"Arrdc4",12245,3955,8290
"Gm34612",26373,406,25967
"Gm34664",73887,1392,72495
"Gm34714",50133,2771,47362
"Gm34782",22550,323,22227
"LOC105242967",4926,420,4506
"Gm5342",1221,1221,0
"Gm34838",8648,949,7699
"LOC102641929",24857,1045,23812
"4930402F11Rik",3596,1000,2596
"Gm7627",21152,1221,19931
"Gm35209",2617,993,1624
"Gm35271",4391,1177,3214
"Gm35325",5896,2009,3887
"Gm29683",71391,4456,66935
"LOC105242968",9820,7006,2814
"Nr2f2",14801,5831,8970
"B130024G19Rik",45764,1812,43952
"Gm28258",7719,4915,2804
"Gm7656",1219,1219,0
"Gm35894",2991,2667,324
"LOC105242969",8350,345,8005
"LOC105242970",9412,1469,7943
"Gm34783",21462,316,21146
"LOC105247269",17111,429,16682
"Gm36011",28113,2719,25394
"LOC105242971",32282,619,31663
"Gm36071",32634,675,31959
"6030442E23Rik",7362,643,6719
"Gm36212",30819,609,30210
"LOC105242972",5170,713,4457
"Gm36260",6645,912,5733
"Gm7675",708,708,0
"Gm17988",568,568,0
"Gm36633",14492,640,13852
"1700011C11Rik",66143,363,65780
"Mctp2",228769,9044,219725
"Gm36696",8135,1666,6469
"LOC105242973",16495,567,15928
"Rpl17-ps10",596,596,0
"Kansl2-ps",1596,1596,0
"Gm7693",1209,1209,0
"Gm36865",81076,817,80259
"Gm5335",1210,1210,0
"Gm6567",4317,2092,2225
"Gm20083",8828,7699,1129
"Gm30075",36825,3842,32983
"LOC100505025",4814,1818,2996
"A730056A06Rik",61969,2973,58996
"Rgma",44380,3623,40757
"Chd2",115095,9071,106024
"1810026B05Rik",18598,5143,13455
"Gm30149",25456,3939,21517
"LOC105242975",1312,322,990
"Gm4971",1072,1072,0
"Gm18805",608,608,0
"Fam174b",36613,2678,33935
"Gm30236",3630,2983,647
"Gm18673",682,682,0
"Gm10619",8282,2696,5586
"Mir7234",52,52,0
"Gm21269",10626,729,9897
"Gm18257",2656,2656,0
"St8sia2",74609,5421,69188
"Slco3a1",279363,5368,273995
"LOC102642641",4597,4230,367
"LOC105242976",17366,1882,15484
"Gm30384",23241,1950,21291
"LOC100534317",1018,1018,0
"Gm18309",639,639,0
"Gm30459",5257,1193,4064
"0610006L08Rik",35002,1131,33871
"4930533N22Rik",44952,1523,43429
"Sv2b",194373,6762,187611
"1500012K07Rik",22724,2626,20098
"Gm10161",327,327,0
"Akap13",299102,14191,284911
"Klhl25",25799,3854,21945
"Agbl1",894812,3369,891443
"Gm5597",1263,1263,0
"Gm30774",8954,635,8319
"Gm33069",1463,505,958
"Gm18674",746,746,0
"Ntrk3",398867,18305,380562
"LOC105242978",19326,6027,13299
"E430016F16Rik",137155,3091,134064
"Gm30892",7172,914,6258
"Mrpl46",7749,1029,6720
"Mrps11",9859,1050,8809
"Det1",24424,3209,21215
"Mir7-2",97,97,0
"LOC105242979",2008,788,1220
"Aen",12907,2767,10140
"Isg20",6973,1791,5182
"Gm31213",15585,5305,10280
"Gm26633",2371,1614,757
"Acan",61898,7750,54148
"Hapln3",16150,3685,12465
"Mfge8",15293,2126,13167
"LOC105242980",3754,2420,1334
"Gm31510",1444,1037,407
"Abhd2",88336,2903,85433
"LOC105242981",3451,3387,64
"Gm31446",5110,2269,2841
"Rlbp1",12179,2430,9749
"Fanci",57954,5323,52631
"Gm31653",2633,1434,1199
"Gm16017",1350,1350,0
"Polg",16924,5089,11835
"LOC105242982",1239,1018,221
"AI854517",34378,3979,30399
"Mir9-3",90,90,0
"Gm35040",26947,2472,24475
"Gm31740",7789,2939,4850
"Rhcg",24295,2124,22171
"Gm17840",1253,1253,0
"Ticrr",37953,7199,30754
"Kif7",17675,5367,12308
"Plin1",11741,2065,9676
"Pex11a",7170,3167,4003
"Wdr93",42818,2391,40427
"Mesp1",1350,1077,273
"Mesp2",2705,1936,769
"Anpep",26419,3808,22611
"Ap3s2",45316,5804,39512
"2610034B18Rik",9906,2184,7722
"Gm31966",3488,2258,1230
"Zfp710",68224,5700,62524
"Gm21057",12548,522,12026
"Idh2",20542,2335,18207
"Sema4b",39687,4133,35554
"Cib1",5650,1030,4620
"Gdpgp1",8528,3520,5008
"Ttll13",14446,3447,10999
"Ngrn",4164,1718,2446
"Vps33b",21945,2935,19010
"Prc1",22474,4384,18090
"Rccd1",30099,5068,25031
"Unc45a",15709,3773,11936
"Hddc3",3015,1133,1882
"Gm18310",510,510,0
"Man2a2",22390,7676,14714
"Fes",10197,2909,7288
"Furin",16252,5127,11125
"Gm15544",1528,1528,0
"Blm",80127,4946,75181
"Gm17257",511,511,0
"LOC105247270",12915,584,12331
"Crtc3",102316,5180,97136
"Gm15880",8368,2884,5484
"Iqgap1",103963,7548,96415
"Gm18392",642,642,0
"Zscan2",17392,4621,12771
"Wdr73",10547,2604,7943
"Gm32112",594,432,162
"Nmb",9204,3759,5445
"Sec11a",32172,1113,31059
"Gm32178",37074,3973,33101
"Gm18782",1409,1409,0
"Zfp592",51479,7292,44187
"Alpk3",48013,6369,41644
"LOC105247271",9180,772,8408
"Slc28a1",57148,3797,53351
"Gm6415",480,480,0
"Pde8a",119819,2683,117136
"Gm7180",826,826,0
"Rps17",2502,474,2028
"Cpeb1",108432,4106,104326
"Gm18922",906,906,0
"Rpl7a-ps9",833,833,0
"Ap3b2",33640,3976,29664
"BC048679",4059,692,3367
"2900076A07Rik",7949,854,7095
"Mir1839",73,73,0
"Fsd2",32628,2976,29652
"Whamm",25668,3375,22293
"Homer2",106445,11457,94988
"LOC105242983",3029,917,2112
"Gm32579",8715,919,7796
"LOC105247272",6232,766,5466
"Gm18806",1904,1904,0
"Fam103a1",6538,1423,5115
"3110040N11Rik",10180,2262,7918
"Btbd1",37430,5134,32296
"Gm32695",13918,1792,12126
"Gm32634",11923,6601,5322
"Tm6sf1",25079,2440,22639
"Hdgfrp3",53204,5868,47336
"Bnc1",25643,5596,20047
"Gm20744",11372,2626,8746
"Gm32850",41828,1197,40631
"LOC105247273",11087,11055,32
"Gm32903",13698,6167,7531
"Sh3gl3",47513,1648,45865
"Gm36061",8508,8422,86
"Adamtsl3",279005,7587,271418
"Fam154b",15604,3541,12063
"Eftud1",129239,3644,125595
"4933406J10Rik",12299,985,11314
"Gm29796",12542,871,11671
"Gm36584",35801,5384,30417
"1700010L04Rik",99719,6873,92846
"Mex3b",4244,3416,828
"4933430H16Rik",33454,1440,32014
"Gm6112",632,632,0
"Gm36817",10796,1958,8838
"A530021J07Rik",30970,1421,29549
"Gm29976",41919,2037,39882
"LOC100534347",2609,2609,0
"Gm10610",13898,3935,9963
"Tmc3",59016,8313,50703
"Gm16638",35331,5238,30093
"Stard5",10312,2425,7887
"Il16",103209,5890,97319
"Gm30276",438,438,0
"Phgdh-ps1",1025,1025,0
"Gm7964",1916,1916,0
"1700026D08Rik",21284,3131,18153
"LOC105242985",24176,2362,21814
"3110009M11Rik",1895,1895,0
"Mesdc1",3847,3847,0
"2310034P14Rik",1250,1250,0
"Mesdc2",9533,4492,5041
"Cemip",153836,8736,145100
"Gm30440",54555,4869,49686
"Abhd17c",42538,2238,40300
"Gm26708",114388,4571,109817
"LOC105242986",10961,564,10397
"Arnt2",163898,6560,157338
"Gm30873",12839,6568,6271
"LOC105242987",6024,2322,3702
"Gm31284",29019,3459,25560
"Gm17871",809,809,0
"Gm2115",49386,1863,47523
"Fah",20784,1585,19199
"Zfand6",74908,2083,72825
"2610206C17Rik",86910,1717,85193
"Gm18958",5246,5246,0
"LOC100418081",3012,1643,1369
"Vmn2r-ps62",517,517,0
"Gm6155",7334,648,6686
"Olfr291",3748,1159,2589
"Vmn2r-ps63",176,176,0
"Gm8018",5538,5538,0
"Olfr290",948,948,0
"Gm18560",1099,1099,0
"Vmn2r65",23841,2538,21303
"Gm17985",820,820,0
"Vmn2r66",17376,2556,14820
"Vmn2r-ps64",467,467,0
"Vmn2r-ps65",226,226,0
"Vmn2r-ps66",17860,17860,0
"Vmn2r-ps67",420,420,0
"Gm18358",1010,1010,0
"Vmn2r67",19663,2556,17107
"Vmn2r-ps68",960,960,0
"Vmn2r68",16187,2556,13631
"Vmn2r-ps69",38936,38936,0
"Vmn2r69",9301,2553,6748
"Gm18359",940,940,0
"Gm18360",65535,65535,0
"LOC105242990",21953,238,21715
"Vmn2r-ps70",225,225,0
"Vmn2r70",10386,2565,7821
"Vmn2r-ps71",7678,7678,0
"Vmn2r-ps72",905,905,0
"Vmn2r71",9086,2590,6496
"Vmn2r-ps73",2174,2174,0
"Vmn2r-ps74",873,873,0
"Vmn2r72",17198,2590,14608
"Gm18779",649,649,0
"Gm18354",853,853,0
"Vmn2r-ps75",641,641,0
"Vmn2r-ps76",708,708,0
"Vmn2r-ps77",327,327,0
"Vmn2r73",18392,2556,15836
"Vmn2r-ps78",359,359,0
"Vmn2r74",9616,2562,7054
"Vmn2r-ps79",225,225,0
"Vmn2r-ps80",12405,12405,0
"Vmn2r-ps81",922,922,0
"Vmn2r-ps82",10225,10225,0
"Vmn2r-ps83",9864,9864,0
"Vmn2r-ps84",923,923,0
"Vmn2r75",23683,2562,21121
"Vmn2r-ps85",841,841,0
"Vmn2r-ps86",913,913,0
"Vmn2r76",20996,2562,18434
"Olfr310",1082,1082,0
"Olfr309",927,927,0
"Olfr308",927,927,0
"Olfr307",942,942,0
"Olfr306-ps1",660,660,0
"Olfr305",960,960,0
"Olfr304",1002,1002,0
"Olfr303",1764,1304,460
"Olfr301",9451,1209,8242
"Olfr300-ps1",939,939,0
"Olfr299",993,993,0
"Olfr298",999,999,0
"Olfr297",933,933,0
"Gm17919",5770,5770,0
"Olfr296-ps1",930,930,0
"Olfr295",2304,1050,1254
"Olfr294",1008,1008,0
"Olfr293",1011,1011,0
"Olfr292",7044,1077,5967
"Folh1",57275,3543,53732
"Vmn2r77",16892,2565,14327
"Vmn2r-ps87",26341,2555,23786
"LOC105242991",7441,1224,6217
"Gm19203",952,952,0
"Vmn2r78",39829,2562,37267
"Vmn2r79",41504,2556,38948
"Gm6230",885,885,0
"Nox4",152306,4625,147681
"Tyr",68167,6533,61634
"Grm5",551083,8915,542168
"Gm18454",1286,1286,0
"Ctsc",32853,5395,27458
"Gm2407",7280,532,6748
"Rab38",61300,1577,59723
"Gm15661",613,613,0
"Rps13-ps2",522,522,0
"Gm8183",1186,1186,0
"Gm6240",468,468,0
"Tmem135",264768,4505,260263
"Fzd4",8768,7326,1442
"AI314278",5772,2373,3399
"Prss23",19470,3949,15521
"Gm2546",1202,1202,0
"Me3",222163,11858,210305
"Gm15744",762,762,0
"Ccdc81",37482,2691,34791
"l7Rn6",22537,3569,18968
"Eed",26766,2503,24263
"E230029C05Rik",19913,916,18997
"Gm32164",12274,8426,3848
"Gm5341",871,871,0
"2310010J17Rik",5101,538,4563
"Picalm",79228,4288,74940
"Ccdc83",43338,3430,39908
"Sytl2",108513,9177,99336
"Ccdc89",2353,2353,0
"Crebzf",5309,5309,0
"Tmem126a",6497,766,5731
"Tmem126b",7163,858,6305
"Dlg2",1973064,15029,1958035
"Gm32428",4284,4284,0
"LOC105242994",560,398,162
"Gm32353",27962,4752,23210
"4930567K12Rik",16139,8551,7588
"Gm32272",2213,2045,168
"Gm32227",15809,8568,7241
"Gm31491",9009,346,8663
"Ccdc90b",21146,1915,19231
"Ankrd42",52969,3510,49459
"Gm26944",10636,4280,6356
"Pcf11",26630,6626,20004
"Gm2551",4230,892,3338
"4632427E13Rik",754,669,85
"Rab30",102822,9973,92849
"Ddias",16762,3513,13249
"Prcp",59329,3111,56218
"LOC105244926",9886,9836,50
"Gm31663",73151,1203,71948
"Fam181b",1844,1843,1
"Gm15501",705,705,0
"Gm8285",759,759,0
"Bc1-ps1",166,166,0
"Gm18197",936,936,0
"Gm32647",1283931,1891,1282040
"Gm5899",1142,1142,0
"Gm19761",808,808,0
"Gm8309",1647,1647,0
"LOC105242997",5723,1120,4603
"Gm5037",646,646,0
"Tenm4",739857,15414,724443
"Gm8319",1253,1253,0
"Mir708",109,109,0
"Mir6394",99,99,0
"Gm15412",2482,1096,1386
"LOC102635492",1930,1930,0
"Gm15413",10117,1935,8182
"Nars2",113249,4184,109065
"Gab2",227201,6008,221193
"Usp35",22876,9672,13204
"Kctd21",17906,3098,14808
"Alg8",20566,2025,18541
"Ndufc2",7798,681,7117
"Thrsp",4554,1038,3516
"Gm32945",1492,973,519
"Kctd14",23178,2790,20388
"Ints4",60449,3250,57199
"Aamdc",29177,991,28186
"Rsf1",113187,12357,100830
"Ywhaq-ps1",964,964,0
"Rpl15-ps5",607,607,0
"Rsf1os1",46764,324,46440
"LOC102641859",14782,498,14284
"Clns1a",24137,3395,20742
"Aqp11",13025,2478,10547
"LOC105243000",41836,1682,40154
"Pak1",124335,4159,120176
"Gdpd4",129720,4892,124828
"Gm19204",836,836,0
"Myo7a",68469,7936,60533
"Capn5",57740,5796,51944
"Omp",2089,2089,0
"Gm16938",7611,3189,4422
"LOC105243001",437,392,45
"B3gnt6",7061,2367,4694
"Acer3",95887,4241,91646
"Tsku",10726,3171,7555
"LOC105243003",4465,1495,2970
"LOC105243002",11798,1029,10769
"Gucy2d",37157,3842,33315
"Gm2926",585,585,0
"LOC102641966",4957,548,4409
"Lrrc32",12531,4137,8394
"Gm33394",4090,2288,1802
"2210018M11Rik",71153,9573,61580
"Gm15506",21061,1601,19460
"Prkrir",14833,3741,11092
"Gm33452",1578,1527,51
"LOC105243004",7593,2917,4676
"Gm19250",460,460,0
"Gm33720",6824,320,6504
"LOC105243005",5802,4319,1483
"Gm33770",5398,1662,3736
"Wnt11",19827,3490,16337
"Gm33827",7373,1890,5483
"Uvrag",254427,3463,250964
"Gm8149",9154,8124,1030
"LOC105243006",4409,2237,2172
"Gm33882",1356,1356,0
"Dgat2",29051,2251,26800
"Mogat2",19528,1920,17608
"Gm18943",1401,1401,0
"Gm34062",3680,719,2961
"Gm26705",6738,1457,5281
"Map6",69691,7480,62211
"LOC105244927",4227,1321,2906
"Serpinh1",7865,2444,5421
"Gdpd5",79570,4051,75519
"Klhl35",9807,4152,5655
"Rps3",5814,1879,3935
"Snord15b",145,145,0
"Snord15a",148,148,0
"LOC105243007",5482,350,5132
"LOC105244928",5504,1370,4134
"Gm34172",12994,817,12177
"Arrb1",71287,8358,62929
"Mir326",95,95,0
"LOC102637409",8686,2198,6488
"Gm4980",3037,3037,0
"Slco2b1",53537,5293,48244
"Gm34280",21202,8383,12819
"Olfr520",951,951,0
"Gm19182",568,568,0
"Olfr521",967,967,0
"Neu3",17087,4851,12236
"Spcs2",32773,3086,29687
"Xrra1",58610,3084,55526
"LOC233561",46009,3860,42149
"Rnf169",60440,10390,50050
"Gm5115",3696,3696,0
"Gm18959",563,563,0
"Gm17931",631,631,0
"Chrdl2",28325,2986,25339
"Pold3",39450,3254,36196
"Gm34760",5608,384,5224
"Lipt2",1655,1229,426
"LOC105243008",7834,346,7488
"Gm34821",3209,245,2964
"Kcne3",8363,1792,6571
"Gm7067",1238,1238,0
"Gm34877",26429,1067,25362
"Pgm2l1",51590,8950,42640
"Gpx2-ps1",1018,1018,0
"P4ha3",34213,2421,31792
"Ppme1",45160,2361,42799
"C2cd3",97927,8177,89750
"Gm10603",6319,3914,2405
"Ucp3",13442,2448,10994
"Ucp2",6273,1699,4574
"Dnajb13",11805,1220,10585
"Gm8463",689,689,0
"LOC105243010",1390,298,1092
"Coa4",2713,907,1806
"LOC105243011",2766,2347,419
"Mrpl48",59291,1689,57602
"Cox20-ps",738,738,0
"Rab6a",33683,3320,30363
"Plekhb1",18499,2385,16114
"LOC105243012",2926,2892,34
"Gm35082",2646,712,1934
"Fam168a",135007,6688,128319
"Gm3200",1201,1201,0
"Relt",17634,5795,11839
"Arhgef17",62416,10250,52166
"Mir3102",104,104,0
"P2ry6",37863,2178,35685
"P2ry2",15486,3066,12420
"Gm5735",255,255,0
"Fchsd2",175695,4475,171220
"Gm6341",548,548,0
"Atg16l2",15954,6472,9482
"Stard10",29222,1404,27818
"Gm35219",8395,5318,3077
"Arap1",64518,7174,57344
"Pde2a",91139,5220,85919
"Mir139",68,68,0
"Gm35363",17601,5079,12522
"LOC102638993",10014,1044,8970
"Art2a-ps",8413,1257,7156
"Gm7027",938,938,0
"Art2b",9855,4052,5803
"Clpb",126574,5020,121554
"Phox2a",4414,1609,2805
"Inppl1",15595,5683,9912
"LOC102639173",10755,1389,9366
"Folr2",17203,1877,15326
"Folr1",12458,1624,10834
"Gm35597",8718,1313,7405
"Anapc15",20550,2907,17643
"Tomt",6557,1424,5133
"Lamtor1",6067,1186,4881
"Lrrc51",20929,1408,19521
"Numa1",80958,8306,72652
"Gm8523",552,552,0
"LOC105243016",2281,500,1781
"Il18bp",3965,2471,1494
"Rnf121",53284,2734,50550
"Xntrpc",31374,5115,26259
"Xndc1",18272,3246,15026
"Trpc2",13749,3342,10407
"Art5",3428,1791,1637
"Art1",10053,1995,8058
"Chrna10",5567,2632,2935
"LOC105243018",8582,385,8197
"Nup98",90767,8344,82423
"Pgap2",28323,3172,25151
"Rhog",10996,1264,9732
"Stim1",170049,5075,164974
"Gm18255",825,825,0
"Rrm1",28077,3997,24080
"Olfr543",1130,1130,0
"Olfr544",4194,1181,3013
"Olfr545",951,951,0
"LOC102642720",945,544,401
"Gm8556",674,674,0
"Olfr546-ps1",967,967,0
"Olfr547",940,940,0
"Olfr548-ps1",942,942,0
"Olfr549",951,951,0
"Trim21",7563,2790,4773
"Gm5339",941,941,0
"Olfr550",8232,1620,6612
"Olfr551",1079,1079,0
"Olfr552",954,954,0
"Olfr553",981,981,0
"Olfr554",954,954,0
"Gm2996",590,590,0
"Olfr555",948,948,0
"Olfr556",1023,1023,0
"Trim68",9751,2393,7358
"Olfr557",1057,1057,0
"Olfr558",9736,2952,6784
"Olfr33",957,957,0
"Olfr559",957,957,0
"Olfr78",18751,3496,15255
"Olfr560",945,945,0
"Olfr561",945,945,0
"Olfr562-ps1",951,951,0
"Olfr563-ps1",1081,1081,0
"Olfr564",951,951,0
"Olfr570",88071,1178,86893
"Olfr565-ps1",921,921,0
"Olfr566",2426,1047,1379
"Olfr567-ps1",857,857,0
"Olfr568",942,942,0
"Olfr569",945,945,0
"Gm31923",3078,825,2253
"Olfr571",969,969,0
"Olfr572",957,957,0
"Olfr573-ps1",900,900,0
"Olfr574",3097,1070,2027
"Olfr575",957,957,0
"Olfr576",939,939,0
"Olfr577",939,939,0
"Olfr578",5096,1018,4078
"Olfr1527-ps1",825,825,0
"Olfr579-ps1",588,588,0
"Olfr580-ps1",1351,1351,0
"Olfr581-ps1",460,460,0
"Olfr582",960,960,0
"Olfr583",960,960,0
"Olfr584",960,960,0
"Olfr585",957,957,0
"Olfr586",954,954,0
"Olfr587-ps1",948,948,0
"Olfr588-ps1",942,942,0
"Gm15116",674,674,0
"Olfr589",954,954,0
"Olfr590-ps1",862,862,0
"Olfr591",945,945,0
"Olfr592",939,939,0
"Olfr593",984,984,0
"Olfr594",936,936,0
"Olfr595-ps1",951,951,0
"Usp17ld",2420,1638,782
"Olfr596",939,939,0
"Olfr597",2293,1090,1203
"Olfr598",960,960,0
"Olfr599",948,948,0
"Olfr600",945,945,0
"Olfr601",990,990,0
"Olfr602-ps1",706,706,0
"Olfr603",939,939,0
"Usp17lc",2479,1697,782
"Olfr605",1011,1011,0
"Olfr606",960,960,0
"Olfr607",888,888,0
"Olfr608",951,951,0
"Olfr609",960,960,0
"Olfr610",948,948,0
"Olfr611",972,972,0
"Olfr612",972,972,0
"Olfr613",5137,5137,0
"Olfr615",942,942,0
"Olfr616",954,954,0
"Olfr617",957,957,0
"Olfr618",957,957,0
"Olfr619",1124,1124,0
"Olfr620",942,942,0
"Olfr621-ps1",923,923,0
"Olfr622",954,954,0
"Olfr623",1075,1075,0
"Olfr624",927,927,0
"Olfr625-ps1",954,954,0
"Olfr626-ps1",546,546,0
"Olfr260-ps1",723,723,0
"Olfr243",951,951,0
"Olfr628",951,951,0
"Olfr629",1122,1122,0
"Olfr630",3201,1545,1656
"Olfr69",4318,1357,2961
"Olfr68",948,948,0
"Olfr67",4619,1242,3377
"Hbb-bt",1400,630,770
"Hbb-bs",1406,639,767
"Hbb-bh3",1105,1105,0
"Hbb-bh2",1721,787,934
"Hbb-bh1",1525,610,915
"Hbb-y",1454,619,835
"Olfr66",936,936,0
"Dnajc19-ps",476,476,0
"Olfr64",1662,1662,0
"Olfr631",26361,2515,23846
"Olfr65",1106,1106,0
"Olfr632",954,954,0
"Olfr633",939,939,0
"Olfr634-ps1",952,952,0
"Gm4886",897,897,0
"Olfr635",966,966,0
"Olfr636-ps1",938,938,0
"Olfr637-ps1",665,665,0
"Olfr638",20015,1053,18962
"Olfr639",951,951,0
"Olfr640",945,945,0
"Olfr641",939,939,0
"Olfr642",945,945,0
"Olfr643",78798,1088,77710
"Olfr644",945,945,0
"Olfr645",948,948,0
"Olfr646",939,939,0
"4931431F19Rik",1911,1911,0
"Ubqln3",2701,2453,248
"Ubqlnl",2298,2298,0
"E030002O03Rik",11804,2253,9551
"Olfr647-ps1",965,965,0
"Olfr648",951,951,0
"Olfr649",939,939,0
"Olfr650-ps1",978,978,0
"Trim6",16370,4556,11814
"Gm8667",1383,1383,0
"Trim34a",17803,2682,15121
"Trim5",25036,3982,21054
"Trim12a",15957,1883,14074
"Gm15133",9808,832,8976
"Gm17788",965,965,0
"Trim34b",7147,1535,5612
"Trim12c",14605,3736,10869
"Gm36430",10794,3954,6840
"LOC102640171",14486,2773,11713
"Trim30b",3249,2771,478
"Trim30c",18429,1372,17057
"Trim30a",56169,4034,52135
"Trim30d",37836,3886,33950
"Gm16464",2919,2919,0
"Gm6574",485,485,0
"Trim30e-ps1",2403,1890,513
"Olfr651",1069,1069,0
"Olfr652",1061,1061,0
"Olfr654",9389,1158,8231
"Olfr653",1046,1046,0
"Olfr655",927,927,0
"Olfr656",990,990,0
"Gm29706",506,506,0
"Gm18411",584,584,0
"Olfr657",960,960,0
"Olfr658",4426,2912,1514
"Usp-ps",5906,5906,0
"Olfr659",969,969,0
"Olfr660-ps1",374,374,0
"Olfr661",960,960,0
"Gm6593",1099,1099,0
"Olfr662-ps1",354,354,0
"Olfr663",1035,1035,0
"Olfr664",966,966,0
"Usp17le",9507,2122,7385
"Gm4887",1089,1089,0
"Usp17lb",2341,1555,786
"Usp17la",5652,2649,3003
"Olfr665",951,951,0
"Olfr666",957,957,0
"Olfr667",981,981,0
"Olfr668",957,957,0
"Olfr669",954,954,0
"Gm5900",1260,1260,0
"Olfr670",939,939,0
"Olfr671",942,942,0
"Olfr672",939,939,0
"Olfr673-ps1",926,926,0
"Olfr674-ps1",874,874,0
"Olfr675",942,942,0
"Olfr676",954,954,0
"Olfr677",939,939,0
"Gm8913",641,641,0
"Olfr678",942,942,0
"Gm17989",1266,1266,0
"Olfr679",948,948,0
"Olfr680-ps1",693,693,0
"Gm17990",1792,1792,0
"Olfr681",948,948,0
"Olfr682-ps1",697,697,0
"Olfr683",3110,1123,1987
"Olfr684",939,939,0
"Olfr685",951,951,0
"Olfr686",954,954,0
"Olfr687",1072,1072,0
"Olfr688",966,966,0
"Olfr689",963,963,0
"Olfr690",1062,1062,0
"Olfr691",969,969,0
"Olfr692",990,990,0
"Fam160a2",28844,12821,16023
"Gm5901",3298,1113,2185
"Cnga4",8937,4472,4465
"Gm4972",2742,1130,1612
"Cckbr",10782,2750,8032
"Prkcdbp",1582,1026,556
"Gm36847",40038,1715,38323
"LOC105243022",9375,540,8835
"Smpd1",4030,2412,1618
"Apbb1",23189,3593,19596
"LOC105243023",13173,2062,11111
"Hpx",8506,1480,7026
"Trim3",29109,3295,25814
"Arfip2",6216,3534,2682
"Timm10b",1600,1291,309
"Dnhd1",70988,14953,56035
"Mrps36-ps2",538,538,0
"Rrp8",5656,3186,2470
"Ilk",6336,1977,4359
"Taf10",1482,794,688
"Tpp1",7436,3700,3736
"Dchs1",35329,11172,24157
"Mrpl17",7306,6712,594
"9130208D14Rik",32755,8633,24122
"Gm15645",1547,1547,0
"Gm4070",58885,9096,49789
"Gm17757",4348,4348,0
"Gm27228",15162,1437,13725
"Gm8979",3418,3418,0
"Gm8982",1541,1541,0
"Gvin1",58843,9101,49742
"Gm18853",4357,4357,0
"Gm27150",8737,1437,7300
"Gm8989",2133,2133,0
"Gm4759",19524,3091,16433
"Gm8995",25315,8101,17214
"LOC105243024",6881,1417,5464
"Gm1966",49098,8981,40117
"Olfr693",952,952,0
"Olfr694",2526,1123,1403
"Olfr695",2614,1201,1413
"Olfr696-ps1",968,968,0
"Olfr697",1052,1052,0
"Olfr698",936,936,0
"Olfr699",951,951,0
"Olfr700",951,951,0
"Olfr701",6566,3068,3498
"Olfr702",3255,1348,1907
"Olfr703",1990,1137,853
"Olfr704",948,948,0
"Olfr705",951,951,0
"Olfr706",951,951,0
"Olfr707",924,924,0
"Olfr1532-ps1",7796,1065,6731
"Olfr709-ps1",921,921,0
"Olfr710",4246,1156,3090
"Olfr6",951,951,0
"Olfr711",4084,1359,2725
"Olfr712-ps1",1351,1351,0
"Olfr2",4684,1290,3394
"Olfr713",975,975,0
"Gm17991",619,619,0
"Olfr714",954,954,0
"Olfr17",948,948,0
"Gm10081",948,948,0
"Nlrp14",70672,3406,67266
"Olfr715",1131,1131,0
"Olfr716",945,945,0
"Gm3765",1525,1525,0
"Rbmxl2",1472,1472,0
"Gm19033",1273,1273,0
"Syt9",177953,3903,174050
"Olfml1",23933,1969,21964
"Ppfibp2",153533,9732,143801
"Cyb5r2",9735,2929,6806
"Ovch2",19636,1924,17712
"Olfr467",2234,1005,1229
"Olfr468-ps1",528,528,0
"Olfr469",945,945,0
"Gm5002",303,303,0
"Olfr470",945,945,0
"Olfr471",15510,912,14598
"Gm10156",1018,1018,0
"Olfr472",2146,1023,1123
"Olfr473",933,933,0
"Gm9449",1021,1021,0
"Olfr474",933,933,0
"Olfr476",933,933,0
"Olfr477",933,933,0
"Gm6702",723,723,0
"Olfr478",2661,1113,1548
"Olfr479",1638,1292,346
"Olfr480",1029,1029,0
"Olfr481",939,939,0
"Gm4199",586,586,0
"Olfr482",972,972,0
"Olfr483",948,948,0
"Olfr484",966,966,0
"Olfr485",954,954,0
"Olfr486",945,945,0
"LOC105243025",1154,298,856
"Gm18944",650,650,0
"Olfr487",945,945,0
"Olfr488",945,945,0
"Gm6007",821,821,0
"Olfr489-ps1",965,965,0
"Olfr490",945,945,0
"Olfr491",933,933,0
"Olfr492",945,945,0
"Olfr493",945,945,0
"Olfr494",945,945,0
"Olfr495",993,993,0
"Olfr496-ps1",928,928,0
"Olfr497",945,945,0
"Olfr498",993,993,0
"Olfr499-ps1",1664,1664,0
"Olfr500-ps1",958,958,0
"Olfr501-ps1",943,943,0
"Olfr502",945,945,0
"Gm5053",1344,1344,0
"Olfr503",972,972,0
"Olfr504",957,957,0
"Gm18410",578,578,0
"Olfr505-ps1",862,862,0
"Gm19127",2455,2455,0
"Olfr506",945,945,0
"Olfr507",951,951,0
"Olfr508",933,933,0
"Olfr509",966,966,0
"Olfr510",1939,995,944
"Olfr511-ps1",409,409,0
"Olfr512",981,981,0
"Olfr513",930,930,0
"Olfr514",933,933,0
"Olfr515-ps1",341,341,0
"Olfr516",945,945,0
"Gm17992",1074,1074,0
"Olfr517",945,945,0
"Olfr518",1002,1002,0
"Olfr519",945,945,0
"Nlrp10",8306,4483,3823
"Eif3f",7528,1507,6021
"LOC105243026",2139,1985,154
"Gm32309",22402,4867,17535
"Tub",23580,5941,17639
"Ric3",49071,6639,42432
"Lmo1",36779,1695,35084
"Gm32563",4055,3341,714
"Stk33",159841,3330,156511
"Gm9105",1528,1528,0
"Trim66",67763,10565,57198
"Rpl27a",3175,1112,2063
"Snora3",120,120,0
"St5",179711,5925,173786
"Akip1",8517,1526,6991
"BC051019",11752,2079,9673
"Ascl3",4268,706,3562
"Tmem9b",17037,1961,15076
"Nrip3",23490,3913,19577
"Scube2",66990,3563,63427
"Dennd5a",66679,4992,61687
"Tmem41b",14044,3619,10425
"1600010M07Rik",8270,616,7654
"Ipo7",38384,4811,33573
"Snora23",184,184,0
"Zfp143",33727,3052,30675
"Wee1",21600,3778,17822
"Swap70",61804,4035,57769
"Gm32861",6222,5226,996
"LOC100862242",844,844,0
"Sbf2",306959,7533,299426
"Gm9064",533,533,0
"Gm10087",8972,1905,7067
"Gm17219",598,598,0
"Adm",2151,1381,770
"Gm21123",9570,1732,7838
"Gm18907",521,521,0
"LOC105243027",3840,494,3346
"Ampd3",44573,5300,39273
"LOC105243028",3533,3417,116
"Rnf141",44984,6550,38434
"Lyve1",12347,2607,9740
"Mrvi1",114652,7105,107547
"Gm16336",867,380,487
"Ctr9",27427,4300,23127
"Eif4g2",15046,7760,7286
"1700012D14Rik",5003,629,4374
"Gm33098",10630,456,10174
"Gm33145",2758,1313,1445
"Gm5338",639,639,0
"Galnt18",308412,2670,305742
"Gm33204",2700,531,2169
"Usp47",88579,6358,82221
"Dkk3",43103,3520,39583
"LOC105243030",1073,465,608
"LOC105243029",16193,377,15816
"Gm33247",899,308,591
"Mical2",129359,7370,121989
"Micalcl",44797,2397,42400
"Parva",163983,4681,159302
"LOC102636183",10587,3388,7199
"2310014F06Rik",67657,2475,65182
"LOC105244929",3805,680,3125
"Tead1",227486,10045,217441
"Rassf10",3497,3497,0
"Gm5599",846,846,0
"Gm33586",27534,2543,24991
"Gm33527",10683,1206,9477
"LOC105244930",1873,1128,745
"4930543E12Rik",41780,1427,40353
"Gm33659",6021,461,5560
"Arntl",135654,3256,132398
"Gm33721",19312,2678,16634
"Btbd10",54901,4459,50442
"Pth",2998,717,2281
"Gm18780",581,581,0
"Far1",57673,5543,52130
"Far1os",26962,893,26069
"Gm33828",3342,1100,2242
"LOC105243031",15040,309,14731
"Gm29507",21585,1160,20425
"Spon1",277378,6166,271212
"Rras2",71000,2275,68725
"Copb1",39122,3315,35807
"Psma1",11567,1255,10312
"4933406I18Rik",99683,1650,98033
"Pde3b",123239,5854,117385
"Gm34174",3994,3959,35
"Cyp2r1",15496,4316,11180
"Calca",10476,2556,7920
"Gm18599",1144,1144,0
"Gm15500",1019,1019,0
"Calcb",6813,3798,3015
"Insc",106704,2884,103820
"Rps4l-ps",934,934,0
"A730082K24Rik",35318,2065,33253
"Gm34225",52051,2107,49944
"Gm34282",38778,3574,35204
"Rpl19-ps10",700,700,0
"Sox6",569613,22541,547072
"Sox6os",806,654,152
"1700003G18Rik",11388,620,10768
"Gm4353",1771,1771,0
"1110004F10Rik",11831,1421,10410
"Plekha7",184264,7401,176863
"Rps13",2684,582,2102
"Snord14a",87,87,0
"LOC102637815",13946,228,13718
"Pik3c2a",107293,9240,98053
"LOC105244931",2146,976,1170
"Gm32676",466,466,0
"Nucb2",36236,3616,32620
"LOC105243036",2997,1609,1388
"Gm9197",451,451,0
"LOC105243037",18208,1676,16532
"Gm6008",841,841,0
"Gm4366",1422,1422,0
"LOC105243038",95050,1233,93817
"Xylt1",286652,3070,283582
"Gm34762",39819,937,38882
"Gm34822",1405,252,1153
"Gm34878",9279,1910,7369
"Rps15a",11774,5136,6638
"Arl6ip1",10736,2135,8601
"Gm34937",1450,613,837
"Smg1",112351,15636,96715
"LOC105244932",1407,1201,206
"4930583K01Rik",1645,883,762
"Gm34999",20942,1086,19856
"Gm35083",5552,1729,3823
"Gm35309",3369,2713,656
"Gm32766",11906,925,10981
"Syt17",68201,3636,64565
"Itpripl2",6865,6865,0
"Coq7",23710,1515,22195
"Tmc7",48950,4705,44245
"B230311B06Rik",4982,3245,1737
"Tmc5",77790,5110,72680
"Gde1",17181,1529,15652
"Ccp110",24509,5109,19400
"9030624J02Rik",101295,3679,97616
"Knop1",13782,5613,8169
"Iqck",116898,2381,114517
"Gprc5b",23172,4525,18647
"LOC105243040",3556,2994,562
"Gpr139",40052,1038,39014
"Gm4083",456,456,0
"Gp2",16731,1980,14751
"Umod",16555,2637,13918
"Pdilt",42036,2566,39470
"Acsm5",17230,3175,14055
"Acsm2",46355,6738,39617
"LOC105243041",7831,928,6903
"LOC105243042",1466,241,1225
"LOC105243043",9744,1081,8663
"Acsm1",44760,2108,42652
"Gm19950",16127,3666,12461
"Acsm4",24541,2153,22388
"Thumpd1",5731,2714,3017
"LOC105243044",8626,615,8011
"Gm5601",2357,1493,864
"Gm19963",3388,1510,1878
"Acsm3",24014,4337,19677
"Eri2",10233,3619,6614
"2610020H08Rik",88566,8190,80376
"Dcun1d3",43012,6233,36779
"Lyrm1",60397,6318,54079
"Dnah3",173005,12763,160242
"LOC105244933",26718,903,25815
"Gm17986",550,550,0
"Tmem159",18562,1805,16757
"Zp2",18983,2637,16346
"4930505K13Rik",9886,546,9340
"Anks4b",9859,2030,7829
"Crym",15605,1256,14349
"Abca14",121458,5875,115583
"Abca15",79202,5549,73653
"Abca16",135246,5825,129421
"Gm9165",9117,9117,0
"Gm32916",76685,3401,73284
"Gm16475",3510,3510,0
"Gm4105",461,461,0
"E130201H02Rik",851,851,0
"LOC102640172",193,193,0
"Uqcrc2",24335,1882,22453
"Pdzd9",18459,2136,16323
"BC030336",57235,4842,52393
"Vwa3a",69854,8307,61547
"LOC105244936",6322,1859,4463
"Gm5737",16379,1720,14659
"Gm36449",1511,433,1078
"Eef2k",64389,6857,57532
"LOC105243045",8908,615,8293
"Polr3e",29694,4580,25114
"Cdr2",25277,2550,22727
"4933427G17Rik",32570,3037,29533
"Gm9234",755,755,0
"Mettl9",44042,3025,41017
"LOC102640624",3807,3807,0
"Igsf6",10837,3674,7163
"Otoa",80033,5149,74884
"Gm9240",742,742,0
"Gm36736",5147,3729,1418
"Hs3st2",110159,10409,99750
"LOC105243046",37219,2251,34968
"4933432K03Rik",2451,597,1854
"1700025J12Rik",1693,634,1059
"Usp31",65324,10411,54913
"Scnn1g",34058,3052,31006
"Gm36848",9605,1635,7970
"Scnn1b",53691,2847,50844
"Gm36900",16425,343,16082
"Cog7",58871,2936,55935
"Gga2",34477,4891,29586
"Ears2",28532,3633,24899
"Ubfd1",15002,5148,9854
"Ndufab1",13834,962,12872
"Palb2",25719,3983,21736
"Gm16326",2972,2972,0
"Dctn5",16004,1532,14472
"Plk1",10439,2203,8236
"Ern2",16482,3259,13223
"Chp2",13919,1330,12589
"Gm29903",8967,1223,7744
"Gm29977",765,765,0
"Gm30059",6407,488,5919
"Prkcb",345325,9088,336237
"Gm14388",1425,1425,0
"Cacng3",97650,1525,96125
"Gm29759",327,327,0
"LOC105243048",11273,429,10844
"LOC105243049",4523,357,4166
"4930413G21Rik",1402,1402,0
"Rbbp6",32027,7788,24239
"Gm6905",565,565,0
"Tnrc6a",164196,10050,154146
"LOC105243050",25057,8489,16568
"Slc5a11",59633,2818,56815
"Arhgap17",93368,6185,87183
"LOC105244934",9869,9652,217
"Lcmt1",52556,2148,50408
"Aqp8",5710,1486,4224
"Zkscan2",27158,10083,17075
"LOC105243100",13518,4503,9015
"Gm30335",47741,1283,46458
"Gm26974",17061,5220,11841
"Hs3st4",415809,4192,411617
"3100003L05Rik",83266,664,82602
"Gm19008",692,692,0
"Glud-ps",1150,1150,0
"Gm30501",6497,3172,3325
"4933440M02Rik",18005,1745,16260
"LOC105243052",571,444,127
"4930571K23Rik",2153,2153,0
"Gm30560",7584,601,6983
"Gm30717",11527,807,10720
"Kdm8",17650,2445,15205
"Nsmce1",23937,1232,22705
"Gm4973",1331,1331,0
"Il4ra",27193,5208,21985
"Il21r",31145,3684,27461
"Gtf3c1",66735,6869,59866
"D430042O09Rik",166941,8373,158568
"Gsg1l",204361,4645,199716
"Gm30807",2763,2590,173
"Xpo6",98779,6172,92607
"Gm17137",967,967,0
"Gm19138",672,672,0
"1700123J17Rik",24875,4066,20809
"Sbk1",22381,4092,18289
"Gm10155",550,550,0
"Gm30928",19020,2336,16684
"Lat",5763,1290,4473
"Mir7058",75,75,0
"Spns1",7875,2782,5093
"Nfatc2ip",14400,3904,10496
"Cd19",6693,2706,3987
"Rabep2",17492,2890,14602
"Atp2a1",17244,3470,13774
"Sh2b1",8692,5127,3565
"Tufm",3467,1867,1600
"Atxn2l",11937,4818,7119
"LOC105243053",29520,410,29110
"Eif3c",19456,2882,16574
"Cln3",14418,3549,10869
"Mir7059",59,59,0
"Apobr",4214,3728,486
"Il27",6013,1186,4827
"LOC105243054",2897,452,2445
"LOC105243055",13411,385,13026
"Nupr1",2225,626,1599
"Ccdc101",23471,1166,22305
"Sult1a1",3619,1592,2027
"Gm6939",313,313,0
"Slx1b",6857,3692,3165
"Bola2",694,337,357
"Coro1a",5043,2132,2911
"Snrp1c-ps1",371,371,0
"Mapk3",6191,1772,4419
"Gdpd3",9232,1068,8164
"Ypel3",3540,1053,2487
"Tbx6",4066,1715,2351
"Ppp4c",6606,1393,5213
"Aldoa",14080,3249,10831
"Fam57b",17532,3604,13928
"4930451I11Rik",1073,525,548
"Doc2a",5357,2812,2545
"Ino80e",10788,2922,7866
"Hirip3",3406,2766,640
"Taok2",20620,7342,13278
"Tmem219",42462,1451,41011
"Kctd13",19056,2548,16508
"Asphd1",3906,1960,1946
"Sez6l2",20568,4295,16273
"D830044I16Rik",3803,1823,1980
"Cdipt",4588,2334,2254
"Mvp",27735,2861,24874
"Pagr1a",2302,1412,890
"Prrt2",3685,2883,802
"LOC105243056",1348,938,410
"Maz",4431,2808,1623
"Kif22",14738,2202,12536
"Zg16",2546,708,1838
"AI467606",3283,2213,1070
"Qprt",14260,1197,13063
"Spn",12385,5048,7337
"Gm18561",938,938,0
"Cd2bp2",4418,3828,590
"Tbc1d10b",11010,3614,7396
"Mylpf",5441,975,4466
"Sept1",18206,2287,15919
"Gm4532",713,713,0
"Zfp553",4788,3108,1680
"Zfp771",10328,1421,8907
"Gm31808",3517,3472,45
"Dctpp1",3709,634,3075
"Sephs2",2181,2181,0
"Gm17511",468,468,0
"Gm31897",4098,1959,2139
"Itgal",38909,5414,33495
"Zfp768",2520,2247,273
"Zfp747",3514,2684,830
"9130019O22Rik",4907,3878,1029
"Zfp764",24573,3764,20809
"E430018J23Rik",2833,2210,623
"Smt3h2-ps2",1139,968,171
"Gm33080",7415,262,7153
"Zfp688",4675,3442,1233
"Zfp689",7023,3621,3402
"B130055M24Rik",12585,5954,6631
"Prr14",6672,3311,3361
"Fbrs",14268,6126,8142
"Mir7060",137,137,0
"1700008J07Rik",2432,2432,0
"Srcap",49237,10904,38333
"Snora30",107,107,0
"Tmem265",4049,1222,2827
"Phkg2",9964,1896,8068
"Gm166",6227,2742,3485
"Rnf40",14908,4204,10704
"1700120K04Rik",543,543,0
"Zfp629",8756,8006,750
"LOC105243057",3505,1460,2045
"Bcl7c",47327,6572,40755
"LOC105243058",12128,7519,4609
"Mir762",76,76,0
"Ctf1",5485,1465,4020
"Ctf2",7801,2272,5529
"Fbxl19",25457,5836,19621
"Orai3",5562,2392,3170
"Setd1a",22734,5934,16800
"Hsd3b7",3194,1823,1371
"Stx1b",20632,4950,15682
"Stx4a",7918,2371,5547
"Zfp668",12281,6093,6188
"Zfp646",8961,6487,2474
"Prss53",5527,2531,2996
"Vkorc1",2555,748,1807
"Bckdk",5592,2857,2735
"Kat8",13247,1960,11287
"Prss8",4426,1889,2537
"Prss36",14088,3215,10873
"Fus",15245,2536,12709
"Pycard",2495,2135,360
"Trim72",7968,3116,4852
"Gm19366",359,359,0
"Gm5738",1619,1619,0
"Gm9299",1137,1137,0
"Itgam",65521,6035,59486
"Itgax",21129,4179,16950
"Gm17831",5459,3566,1893
"Itgad",31589,3995,27594
"LOC105243059",2298,395,1903
"4931431B13Rik",11279,473,10806
"Cox6a2",932,659,273
"9130023H24Rik",3581,3581,0
"Armc5",7744,3834,3910
"Tgfb1i1",8901,3974,4927
"Slc5a2",6737,2259,4478
"BC017158",26787,3350,23437
"Mir3103",67,67,0
"Gm6916",637,637,0
"Gm32707",3544,2527,1017
"LOC105243060",8218,1290,6928
"Rgs10",45441,1513,43928
"Gm32765",7879,1190,6689
"Tial1",21897,6056,15841
"Gm32816",13794,913,12881
"LOC105244935",6026,523,5503
"Bag3",23399,2595,20804
"Gm7258",526,526,0
"Inpp5f",85663,5710,79953
"Gm16044",502,502,0
"Mcmbp",43989,4171,39818
"Sec23ip",39975,4901,35074
"Gm32884",112037,1670,110367
"LOC105243062",2306,217,2089
"Gm4768",686,686,0
"Gm4259",825,825,0
"Ppapdc1a",134214,1088,133126
"Gm33027",2343,842,1501
"Wdr11",44025,4727,39298
"Gm33122",13961,5583,8378
"LOC105243063",4966,1788,3178
"Gm33248",26544,1222,25322
"Gm33398",710,301,409
"Gm33323",28376,2503,25873
"LOC105243064",12955,107,12848
"1700102J08Rik",7313,2456,4857
"Gm4265",16505,674,15831
"LOC105243065",8365,779,7586
"Fgfr2",104494,6015,98479
"Gm33555",42273,6581,35692
"Gm33607",7273,1392,5881
"Gm33661",14689,967,13722
"LOC105243066",2528,659,1869
"Gm5903",10883,4439,6444
"Gm33771",8181,5135,3046
"Ate1",128879,8230,120649
"LOC102636907",11161,4360,6801
"Nsmce4a",14856,1435,13421
"Tacc2",211780,10648,201132
"Gm34365",17546,5690,11856
"LOC105243067",1495,395,1100
"Gm34283",28012,13569,14443
"Gm6108",1551,1551,0
"Btbd16",51831,3434,48397
"Gm5602",4949,1744,3205
"Plekha1",47580,4234,43346
"Mir7061",68,68,0
"Htra1",49456,2039,47417
"Dmbt1",89575,6808,82767
"4933402N03Rik",7937,1161,6776
"1700029B22Rik",4140,697,3443
"5430419D17Rik",107793,6229,101564
"Gm18707",3466,3466,0
"BB114814",22875,2248,20627
"Cuzd1",13739,2256,11483
"1700007K09Rik",5505,883,4622
"Fam24a",2095,371,1724
"2310057M21Rik",20134,4228,15906
"Pstk",21656,2844,18812
"Ikzf5",21858,4566,17292
"Acadsb",35611,3348,32263
"LOC105243068",18452,8967,9485
"Gm18600",623,623,0
"Hmx3",4890,4115,775
"Hmx2",10095,4068,6027
"Bub3",11529,2178,9351
"Gm16477",861,861,0
"Gm4585",455,455,0
"Gm34645",3152,1105,2047
"Gm33146",264,264,0
"Gm34725",27119,2549,24570
"Gpr26",19499,3945,15554
"Cpxm2",122082,3724,118358
"LOC105243070",5339,469,4870
"Chst15",81377,5580,75797
"Gm19463",1386,1386,0
"Gm10584",2628,2628,0
"Gm34908",26224,7276,18948
"LOC105243071",11423,1721,9702
"LOC105243072",3684,443,3241
"Gm35147",6413,3992,2421
"Gm4587",591,591,0
"Gm35249",3635,1455,2180
"Oat",18924,2155,16769
"Nkx1-2",3399,1903,1496
"Lhpp",95806,1636,94170
"Gm35310",5391,5337,54
"Fam53b",101119,7253,93866
"Mettl10",25649,2164,23485
"Fam175b",25890,2895,22995
"1500002F19Rik",22726,2645,20081
"Zranb1",55245,6216,49029
"Ctbp2",137461,5980,131481
"LOC102639040",4119,1314,2805
"Gm35364",2245,2127,118
"4930483O08Rik",14207,1030,13177
"Gm35567",5576,312,5264
"Gm9330",696,696,0
"LOC105244937",8145,432,7713
"Tex36",15092,915,14177
"Gm35625",12783,2998,9785
"Edrf1",35482,5477,30005
"Mmp21",10871,6937,3934
"Uros",24378,4103,20275
"Bccip",11813,1244,10569
"Dhx32",61851,3794,58057
"Gm15483",547,547,0
"Fank1",104681,2013,102668
"Adam12",348954,7900,341054
"LOC105243074",19040,4255,14785
"5830403F22Rik",9992,8442,1550
"D7Ertd443e",253880,4894,248986
"Gm35970",4038,2937,1101
"Gm9333",1320,1320,0
"Dock1",503040,6957,496083
"LOC105243075",899,525,374
"Fam196a",56523,19981,36542
"1700120G07Rik",4238,884,3354
"LOC105242393",41430,978,40452
"Nps",4324,860,3464
"Gm36062",3075,1665,1410
"Foxi2",3249,2591,658
"LOC105243076",5783,923,4860
"LOC105243077",1217,546,671
"Gm36191",2114,1737,377
"Gm36356",6296,2445,3851
"Clrn3",17199,3315,13884
"Ptpre",148650,6181,142469
"Mir1962",121,121,0
"5830432E09Rik",3858,1494,2364
"Mki67",26627,10110,16517
"LOC105243078",5555,263,5292
"Gm36431",11099,3497,7602
"6330420H09Rik",2295,1582,713
"Gm9341",1200,1200,0
"Gm36675",7160,1303,5857
"Gm36737",8487,1338,7149
"C030029H02Rik",50188,2279,47909
"C230079O03Rik",17200,1385,15815
"Gm36849",3533,1306,2227
"Gm29872",7138,725,6413
"Gm29931",7330,942,6388
"Gm5904",1062,1062,0
"Gm6249",42650,3314,39336
"Gm29978",3354,2200,1154
"Gm9347",1876,1876,0
"Mgmt",233726,1702,232024
"LOC105243080",5871,453,5418
"LOC105243081",4644,2661,1983
"Gm30061",3652,1489,2163
"Ebf3",129140,6257,122883
"Gm10578",7927,2876,5051
"Gm17841",968,968,0
"9430038I01Rik",36332,2514,33818
"Glrx3",30952,1745,29207
"LOC105243082",2915,2035,880
"LOC105243083",1802,1207,595
"Gm5650",552,552,0
"Gm30395",26071,408,25663
"Tcerg1l",188759,2569,186190
"Gm30469",28984,11988,16996
"Gm30751",121760,345,121415
"4930543N07Rik",13402,1773,11629
"Gm30808",2279,729,1550
"Gm30874",95371,2430,92941
"Mapk1ip1",10450,1524,8926
"Gm30972",2370,2331,39
"Ppp2r2d",36672,2431,34241
"Bnip3",18671,1756,16915
"Gm18258",988,988,0
"Gm9358",1144,1144,0
"Jakmip3",143247,2180,141067
"Dpysl4",15811,3540,12271
"Stk32c",109670,2337,107333
"Lrrc27",30111,3278,26833
"Gm32315",2038,1716,322
"Pwwp2b",18772,2640,16132
"Gm32486",25812,3297,22515
"Gm32571",2821,438,2383
"Inpp5a",190544,3079,187465
"Gm33697",14836,1522,13314
"Nkx6-2",3422,1907,1515
"Gm33031",22728,3787,18941
"Cfap46",82902,8215,74687
"LOC105243084",24001,357,23644
"Gm4459",636,636,0
"Gm32680",2689,620,2069
"Rpl21-ps13",594,594,0
"Gm7380",554,554,0
"Mir6401",109,109,0
"Gpr123",44005,4848,39157
"Gm4974",942,942,0
"Kndc1",46845,7302,39543
"Utf1",1257,1160,97
"LOC102635948",28980,3266,25714
"Mir7686",57,57,0
"Mir202",72,72,0
"6430531B16Rik",6453,1392,5061
"Adam8",14190,4193,9997
"Mir7062",66,66,0
"Tubgcp2",40720,3672,37048
"Zfp511",4216,1118,3098
"Msx3",3815,3238,577
"Caly",12696,1771,10925
"Prap1",3808,622,3186
"Fuom",5256,3084,2172
"Echs1",10701,1491,9210
"Paox",18835,2749,16086
"Mtg1",13223,1795,11428
"Sprn",4032,3156,876
"Olfr522",939,939,0
"Olfr523",954,954,0
"Cd163l1",33928,4186,29742
"Olfr524",3944,1522,2422
"5830411N06Rik",53456,5154,48302
"Gm6314",381,381,0
"Olfr525",930,930,0
"Olfr527",918,918,0
"Olfr528-ps1",706,706,0
"Olfr60",936,936,0
"Olfr529-ps1",379,379,0
"Olfr530",924,924,0
"Gm6376",6537,611,5926
"Olfr531",915,915,0
"Olfr532",930,930,0
"Olfr533",963,963,0
"Olfr534-ps1",617,617,0
"Olfr535",939,939,0
"Olfr536",6466,3853,2613
"Olfr537-ps1",623,623,0
"Olfr538",933,933,0
"Olfr46",9785,1190,8595
"Olfr61",936,936,0
"Olfr53",6468,1162,5306
"LOC105243086",19558,499,19059
"Olfr539",9161,3454,5707
"Olfr540-ps1",683,683,0
"Olfr45",936,936,0
"Olfr541",939,939,0
"Olfr542-ps1",873,873,0
"Cyp2e1",11150,1740,9410
"Syce1",10626,1462,9164
"Gm29799",567,567,0
"1700112H04Rik",1334,1267,67
"Zfp941",12502,3909,8593
"Urah",2946,1016,1930
"C330022C24Rik",8469,1077,7392
"Scgb1c1",1205,437,768
"Odf3",3010,924,2086
"Bet1l",3000,1552,1448
"Ric8",6335,2967,3368
"Sirt3",18647,1857,16790
"LOC105243087",288,236,52
"Psmd13",16249,1563,14686
"Gm15542",1481,1481,0
"Cox8b",1505,363,1142
"BC024386",1916,1626,290
"Nlrp6",8291,4666,3625
"Athl1",6078,2975,3103
"Ifitm5",1278,709,569
"Ifitm2",1123,627,496
"Ifitm1",2400,860,1540
"Gm7514",1195,1195,0
"Gm33504",10108,1562,8546
"Ifitm3",1155,648,507
"Ifitm6",1081,541,540
"LOC105243088",2513,720,1793
"B4galnt4",11011,4670,6341
"Pkp3",12282,3045,9237
"Sigirr",9436,2426,7010
"Ano9",16589,3386,13203
"Gm33560",3366,892,2474
"Ptdss2",24873,2328,22545
"Rnh1",12526,2015,10511
"Gm5905",695,695,0
"Hras",4071,2322,1749
"Lrrc56",15940,3300,12640
"Lmntd2",5206,2998,2208
"Rassf7",3099,1930,1169
"Mir210",110,110,0
"Phrf1",34489,6508,27981
"Irf7",3317,1934,1383
"Cdhr5",7715,2642,5073
"Sct",805,536,269
"Drd4",4263,2603,1660
"Deaf1",41695,5266,36429
"Tmem80",9414,2895,6519
"Eps8l2",24106,3209,20897
"B230206H07Rik",5933,2935,2998
"Taldo1",10817,1276,9541
"Gm4535",812,812,0
"Pddc1",5942,1497,4445
"Cend1",3093,1822,1271
"Slc25a22",8139,3005,5134
"Pidd1",6296,4455,1841
"Rplp2",3887,635,3252
"Snora52",134,134,0
"Pnpla2",5556,2717,2839
"Cracr2b",5740,2054,3686
"Gm10575",6104,1486,4618
"Cd151",4120,2012,2108
"Polr2l",3294,1671,1623
"Tspan4",18192,1712,16480
"Chid1",46753,4545,42208
"Ap2a2",70832,5360,65472
"Gm16982",3682,2620,1062
"Mir7063",91,91,0
"Muc6",21260,8022,13238
"Muc2",64355,3813,60542
"Muc5ac",30260,10752,19508
"Muc5b",42941,23890,19051
"Tollip",20884,3856,17028
"Gm32539",19196,2556,16640
"Gm20501",5647,3439,2208
"Brsk2",54494,4668,49826
"Mir3104",63,63,0
"Mob2",52500,3022,49478
"Gm32731",1595,1562,33
"Dusp8",16394,5237,11157
"Gm32786",41927,2246,39681
"LOC105243089",4055,4055,0
"Gm29735",3389,3389,0
"Gm4553",3995,2764,1231
"Krtap5-2",1474,1474,0
"Krtap5-3",1652,1652,0
"LOC105243090",1556,1556,0
"Gm19094",1243,1243,0
"LOC105244938",12405,1181,11224
"Krtap5-5",1177,1177,0
"LOC105243101",7242,831,6411
"Gm4559",600,600,0
"Gm10013",1083,1046,37
"B130016D09Rik",5778,2601,3177
"Krtap5-1",693,693,0
"Krtap5-4",1002,1002,0
"Gm5054",745,745,0
"Ifitm10",52199,5895,46304
"Ctsd",11955,1954,10001
"Syt8",5938,2389,3549
"Tnni2",3917,2047,1870
"Lsp1",34057,2701,31356
"Prr33",15692,2245,13447
"Tnnt3",17437,2198,15239
"Mrpl23",7718,1458,6260
"Nctc1",13990,2106,11884
"H19",2615,2615,0
"Mir675",84,84,0
"Gm33148",29149,2087,27062
"Igf2",11503,4696,6807
"Mir483",73,73,0
"Igf2os",10664,4778,5886
"Ins2",1053,565,488
"LOC105243092",29450,236,29214
"Gm7290",704,704,0
"LOC105243094",12602,502,12100
"Th",7191,1757,5434
"Ascl2",42234,5408,36826
"Tspan32",14585,2336,12249
"R74862",31903,3889,28014
"Cd81",15181,1518,13663
"Tssc4",3059,2974,85
"Trpm5",23114,5246,17868
"Kcnq1",320309,3597,316712
"Kcnq1ot1",83437,83437,0
"4933417O13Rik",7879,1526,6353
"Cdkn1c",2734,2000,734
"Gm33663",3447,1931,1516
"Slc22a18",25612,1805,23807
"Phlda2",1601,1085,516
"Nap1l4",35618,2690,32928
"Cars",42861,3222,39639
"Mir7064",89,89,0
"Gm15580",976,797,179
"LOC105243095",719,310,409
"Tnfrsf26",20161,2977,17184
"Tnfrsf22",14945,4306,10639
"Tnfrsf23",20617,4055,16562
"Osbpl5",68219,4789,63430
"Mrgprg",3284,1821,1463
"Mrgpre",6138,3761,2377
"Nadsyn1",27278,2758,24520
"Dhcr7",25244,3135,22109
"LOC102636989",33217,2716,30501
"Mir6404",94,94,0
"Gm34445",7081,692,6389
"Shank2",446439,13252,433187
"Mir3105",85,85,0
"LOC105243096",3696,2162,1534
"Gm34621",6283,5886,397
"Gm34561",8748,7502,1246
"Cttn",35282,3393,31889
"Ppfia1",76993,5441,71552
"Gm35626",1693,1282,411
"Fadd",4114,2871,1243
"Ano1",163491,5527,157964
"D930030F02Rik",28899,7709,21190
"Gm34964",2167,693,1474
"Gm9711",497,497,0
"Fgf3",6927,4071,2856
"Fgf4",3858,3030,828
"Gm26793",1687,1455,232
"Fgf15",4422,1809,2613
"LOC105243098",6036,1488,4548
"Bc1",154,154,0
"Oraov1",15883,4111,11772
"Ccnd1",10007,3874,6133
"Tpcn2",102355,8845,93510
"1810010D01Rik",2302,935,1367
"Mrgprf",8649,2134,6515
"Mrgprd",9225,3117,6108
"Gm30220",3164,1214,1950
"Gm18210",1521,1521,0
"Vmn2r-ps88",909,909,0
"Insr",128728,9423,119305
"Gm30369",7920,2696,5224
"A430078G23Rik",36885,2967,33918
"Arhgef18",63659,5430,58229
"Pex11g",10735,3176,7559
"1700019B03Rik",18298,1696,16602
"Zfp358",4134,2062,2072
"Mcoln1",14791,2106,12685
"Pnpla6",28928,5130,23798
"C330021F23Rik",16779,1621,15158
"Rps23-ps2",499,499,0
"Camsap3",21777,4702,17075
"Xab2",11248,2800,8448
"Pet100",2685,1193,1492
"Pcp2",2177,732,1445
"Gm30415",677,344,333
"Stxbp2",12748,3301,9447
"Retn",4049,1287,2762
"Mcemp1",3156,1778,1378
"Fcor",1174,391,783
"LOC105243109",450,283,167
"BB094273",2293,673,1620
"Trappc5",4445,2034,2411
"Fcer2a",13449,4214,9235
"Clec4g",14115,2951,11164
"Gm16553",30541,3128,27413
"Cd209a",5590,1484,4106
"Gm7381",1508,1508,0
"Cd209e",6314,1771,4543
"Cd209d",6725,999,5726
"Cd209b",9677,2606,7071
"Cd209c",15727,1914,13813
"LOC105243110",3771,489,3282
"Gm7389",2881,2881,0
"Gm7397",2517,2517,0
"Gm7407",565,565,0
"Gm16589",2683,2376,307
"Cd209f",3055,1652,1403
"Cd209g",3462,1193,2269
"4932443L11Rik",19744,10331,9413
"Evi5l",41513,4119,37394
"Prr36",8071,5019,3052
"Lrrc8e",13191,4086,9105
"Map2k7",9158,3731,5427
"Tgfbr3l",3210,1075,2135
"Snapc2",3119,1746,1373
"Ctxn1",1629,1226,403
"Timm44",16175,1782,14393
"Elavl1",40320,6089,34231
"Ccl25",34862,1442,33420
"Gm7434",23374,556,22818
"Gm6070",665,665,0
"Cers4",33322,4147,29175
"Vmn2r-ps89",8576,8576,0
"Zfp958",17062,2361,14701
"Gm7451",2358,2358,0
"Gm30502",1542,1542,0
"LOC105243112",8592,2363,6229
"Gm6410",13946,5018,8928
"Gm2676",2219,2219,0
"LOC105243113",3470,689,2781
"Shcbp1",43555,2132,41423
"Gm6334",1139,970,169
"Gm9457",9883,417,9466
"Rpl21-ps14",595,595,0
"Gm5739",1697,1697,0
"Slc10a2",19610,1629,17981
"Gm5605",1579,1579,0
"LOC105243114",8861,379,8482
"Gm6426",851,851,0
"Gm1840",1429,1429,0
"Gm2734",740,740,0
"Gm7506",812,812,0
"LOC105243115",1978,395,1583
"Gm17215",47622,378,47244
"Gm30954",159680,2178,157502
"Gm31401",10676,219,10457
"Gm31343",14613,2454,12159
"Gm31135",48123,9052,39071
"Gm2448",610,610,0
"Gm31463",3821,1479,2342
"Efnb2",43539,6167,37372
"Arglu1",23987,1737,22250
"Mir7654",70,70,0
"Gm18393",1131,1131,0
"LOC105243116",32208,1210,30998
"4933430N04Rik",6877,1146,5731
"Gm31810",3480,391,3089
"4930453L07Rik",4382,1439,2943
"Gm31726",4128,1617,2511
"LOC105243117",7257,1077,6180
"Fam155a",567354,12433,554921
"Gm31866",6364,6342,22
"Lig4",6304,4081,2223
"Abhd13",14439,5181,9258
"Tnfsf13b",113502,4772,108730
"Myo16",480827,8718,472109
"LOC105244939",3571,3531,40
"Gm32330",3286,966,2320
"Gm30666",21968,1172,20796
"LOC105243118",32107,3316,28791
"Gm32429",7036,2143,4893
"Rps16-ps3",528,528,0
"Gm32485",710,228,482
"LOC105243119",7719,3978,3741
"Gm32540",10556,5611,4945
"B930025P03Rik",12033,3085,8948
"Gm2814",3014,1901,1113
"4833411C07Rik",2413,1202,1211
"Gm32594",1466,924,542
"3930402G23Rik",4031,2847,1184
"Irs2",21470,4015,17455
"9530052E02Rik",46692,954,45738
"Col4a1",114404,6632,107772
"Gm15418",4460,1869,2591
"Gm32709",6286,6286,0
"Col4a2",136459,6426,130033
"LOC105243120",4423,4064,359
"Rab20",24987,1421,23566
"E230013L22Rik",2313,1856,457
"Carkd",15782,1421,14361
"Cars2",36767,2149,34618
"Ing1",7490,2935,4555
"Ankrd10",24556,5505,19051
"Mir7238",43,43,0
"1700016D06Rik",23830,1266,22564
"Gm7562",2560,2560,0
"Gm7600",867,867,0
"Gm6524",1533,1533,0
"1700128E19Rik",7283,365,6918
"Arhgef7",107115,7534,99581
"Gm18991",743,743,0
"Tex29",15285,2942,12343
"LOC105243121",22395,2869,19526
"Gm18318",547,547,0
"Gm30755",15382,1905,13477
"Gm33029",5241,2316,2925
"A230072I06Rik",5810,5810,0
"Gm33175",5871,1855,4016
"Gm5607",50962,5067,45895
"Sox1",4037,4037,0
"Gm33326",8107,1055,7052
"Gm33532",2325,2021,304
"Spaca7",27748,819,26929
"Tubgcp3",57967,5087,52880
"LOC105243122",5300,2427,2873
"Gm15348",12184,3655,8529
"LOC105243123",2108,527,1581
"Gm33587",3166,794,2372
"Atp11a",111713,10771,100942
"Gm15350",3582,518,3064
"Gm33637",624,365,259
"Mcf2l",146699,10409,136290
"LOC105243125",5665,2518,3147
"LOC105243124",1945,1393,552
"Mir9768",130,130,0
"Gm15352",989,989,0
"F7",9776,1859,7917
"F10",19369,2693,16676
"Proz",15445,4079,11366
"Gm33691",2307,2307,0
"Pcid2",28161,5212,22949
"Cul4a",43079,3798,39281
"Mir7065",61,61,0
"Lamp1",16205,2259,13946
"Grtp1",23786,3923,19863
"Mir1968",68,68,0
"Gm34505",13914,3037,10877
"2810030D12Rik",590,196,394
"Gm34595",8433,6682,1751
"Adprhl1",18632,1496,17136
"Dcun1d2",32164,3081,29083
"Tmco3",34912,4533,30379
"Tfdp1",39698,3319,36379
"Atp4b",10570,1327,9243
"Grk1",16871,7431,9440
"Tmem255b",48503,6515,41988
"Gas6",29162,2593,26569
"LOC102642544",9692,1317,8375
"1700029H14Rik",11833,2724,9109
"Rasa3",110370,4202,106168
"Gm34795",1685,1281,404
"4932443I19Rik",38083,2118,35965
"Gm7669",1831,1831,0
"Cdc16",24293,3982,20311
"Upf3a",13324,1917,11407
"AF366264",2861,2861,0
"Champ1",11999,4040,7959
"Coprs",5541,1721,3820
"Gm7676",664,664,0
"Fbxo25",32805,2124,30681
"Gm34852",3218,2454,764
"Tdrp",23365,3086,20279
"LOC105243127",21935,7629,14306
"Gm5907",6450,720,5730
"LOC105243128",3411,2639,772
"Erich1",64457,2286,62171
"LOC105243129",1085,942,143
"Dlgap2",754012,8731,745281
"Gm3160",1067,1067,0
"LOC105243130",8980,6012,2968
"Cln8",20386,7090,13296
"Arhgef10",90142,6512,83630
"Gm35285",5907,4020,1887
"Gm16350",3916,1375,2541
"Gm35149",2018,1977,41
"Kbtbd11",22323,8885,13438
"Gm35340",1875,1540,335
"BB014433",4633,1760,2873
"Myom2",75768,5324,70444
"Gm35392",6789,2119,4670
"Gm35453",4969,797,4172
"Gm7128",550,550,0
"Csmd1",1642844,18298,1624546
"Mir3106",82,82,0
"Gm16347",36894,5026,31868
"Gm18319",899,899,0
"LOC105243132",7626,2937,4689
"LOC105243134",12129,479,11650
"Gm7724",750,750,0
"LOC105244941",24569,486,24083
"Gm35740",3282,710,2572
"Mcph1",208054,5012,203042
"Angpt2",51300,3560,47740
"Gm35832",7512,7482,30
"LOC102632885",3247,1962,1285
"Agpat5",38135,3829,34306
"Gm35934",12280,1667,10613
"Xkr5",28214,6099,22115
"LOC105244942",20335,791,19544
"Defb40",3177,249,2928
"Defb37",4823,352,4471
"LOC105243135",9378,513,8865
"Defb38",3066,192,2874
"Gm15366",810,810,0
"Defb39",11985,252,11733
"Defb12",2903,997,1906
"Defb34",2789,246,2543
"Spag11b",2252,1740,512
"Spag11a",2707,1400,1307
"Defb14",32154,1922,30232
"LOC105243136",2178,546,1632
"Defb4",2844,458,2386
"Defa-ps12",2299,168,2131
"Defb6",2732,323,2409
"Defb46",2228,174,2054
"Defb5",3237,195,3042
"Defb3",1979,322,1657
"Defa-ps13",4118,204,3914
"Defa-ps14",939,939,0
"Defb8",1838,287,1551
"Defa-ps15",1840,1840,0
"Rpl19-ps11",704,704,0
"Defb7",2679,306,2373
"LOC102633232",3161,638,2523
"Gm16425",5876,5484,392
"Gm15359",1157,1157,0
"Gm35998",24872,423,24449
"Gm29789",2544,2174,370
"Gm6483",15394,15394,0
"LOC105244943",3645,2657,988
"Gm7760",655,655,0
"4930467E23Rik",24028,2590,21438
"Gm10060",105,105,0
"Gm26853",5854,1113,4741
"9530057J20Rik",32147,2683,29464
"Gm20786",436,436,0
"LOC105244944",32753,1158,31595
"Gm36166",2427,1566,861
"Gm20778",31689,5966,25723
"LOC105242445",5883,3954,1929
"Gm31464",12935,2835,10100
"Gm21811",29212,4567,24645
"LOC105244946",3643,1576,2067
"6820431F20Rik",29147,4659,24488
"Gm20583",105,105,0
"LOC105242413",7734,3308,4426
"Gm15319",25539,2514,23025
"Gm7807",666,666,0
"2610005L07Rik",39033,4009,35024
"Gm36739",19204,2626,16578
"Gm20584",105,105,0
"LOC105244945",12215,2241,9974
"Gm31635",13651,3420,10231
"LOC105244947",1618,1618,0
"Gm21092",15345,15345,0
"Gm29782",3320,3207,113
"Gm21112",2166,2166,0
"Gm21119",42715,6956,35759
"Gm29790",8450,6465,1985
"LOC105244949",10352,8376,1976
"LOC105244948",2412,632,1780
"Gm20946",7056,7056,0
"Gm20797",999,999,0
"Gm20945",1327,1327,0
"Gm21944",12615,192,12423
"Gm20796",9354,9129,225
"Defb33",5057,426,4631
"Gm15056",1788,734,1054
"Gm36821",10721,480,10241
"Gm6040",5582,857,4725
"AY761185",1055,486,569
"Defa21",973,419,554
"Defa23",977,418,559
"Gm10104",964,403,561
"Defa25",844,279,565
"Gm6689",551,551,0
"Gm14851",1080,454,626
"Gm2869",2785,2785,0
"Gm15284",949,390,559
"Defa22",973,419,554
"Defa-rs7",978,419,559
"Gm15293",843,282,561
"Defa-ps6",172,172,0
"Gm15303",2788,2788,0
"Gm15292",700,282,418
"Defa3",969,410,559
"Defa5",982,421,561
"Gm15299",842,282,560
"Defa-rs1",1133,507,626
"Gm15302",2791,2791,0
"Defa-ps16",172,172,0
"Defa2",979,424,555
"Gm21002",26553,585,25968
"Gm21498",959,398,561
"Defa-ps18",842,277,565
"Gm15309",470,470,0
"Gm7849",1091,463,628
"Gm15304",2804,2804,0
"Defa-ps17",372,372,0
"Defa20",980,425,555
"Gm15308",983,427,556
"Gm14850",965,404,561
"Gm6696",841,285,556
"Gm15312",270,270,0
"Gm7861",979,351,628
"Gm15314",2786,2786,0
"Defa26",805,387,418
"Defa17",970,411,559
"Gm15315",937,376,561
"Defa-ps1",842,282,560
"AY761184",1124,500,624
"Gm7869",2740,2740,0
"Defa-ps10",185,185,0
"Defa24",978,419,559
"Defa-ps11",826,826,0
"Defb1",18631,916,17715
"Defb50",7758,373,7385
"Defb2",3557,305,3252
"Defb10",3111,298,2813
"Defb9",3722,323,3399
"Defb11",1059,339,720
"Defb15",2898,331,2567
"Defb35",2527,267,2260
"Defb13",1861,224,1637
"Gm29821",21943,512,21431
"C86695",5590,2118,3472
"Ccdc70",4314,1215,3099
"Atp7b",67292,6775,60517
"Alg11",10907,5118,5789
"Nek5",51801,5962,45839
"Nek3",38722,2733,35989
"Ckap2",17671,2855,14816
"Gm29878",1220,215,1005
"Vps36",25738,1277,24461
"Thsd1",35477,5866,29611
"Rpl30-ps2",474,474,0
"Tpte",87978,2549,85429
"Slc25a15",23072,3821,19251
"1810012K16Rik",871,542,329
"LOC102631749",2189,1997,192
"Mrps31",20573,3173,17400
"LOC105243137",1622,1382,240
"Smim19",14266,1459,12807
"Slc20a2",92917,3973,88944
"Vdac3",16739,1423,15316
"Gm30086",17066,3620,13446
"Gm30135",4739,489,4250
"Dkk4",3863,1424,2439
"Polb",25350,1746,23604
"A930013F10Rik",2439,2439,0
"Ikbkb",47381,4582,42799
"LOC105243138",9382,475,8907
"Plat",25105,2532,22573
"Ap3m2",18301,3467,14834
"Kat6a",83747,9149,74598
"Gm18675",584,584,0
"Gm10043",598,598,0
"Ank1",175667,12995,162672
"LOC105243139",1962,1870,92
"Gm15816",10801,1697,9104
"Mir486",128,128,0
"Mir3107",90,90,0
"Nkx6-3",5678,2236,3442
"Gm30306",4826,1125,3701
"Gm30247",6237,5691,546
"Agpat6",37907,5853,32054
"Gins4",11059,1364,9695
"Golga7",15858,2139,13719
"LOC105243140",2576,2141,435
"4930518F22Rik",2245,2245,0
"LOC105243141",39530,339,39191
"Gm30370",17193,2637,14556
"Sfrp1",38251,4492,33759
"LOC102632305",1268,780,488
"Gm30471",13426,1593,11833
"Zmat4",393571,8135,385436
"Gm30565",12962,7913,5049
"Gm30633",8937,3053,5884
"Gm30692",4606,1394,3212
"Gm30757",6801,767,6034
"1810011O10Rik",1331,1331,0
"Gm30845",8629,4032,4597
"LOC102632957",10341,3110,7231
"Ido2",44513,7914,36599
"Ido1",12820,1771,11049
"Adam18",72525,2376,70149
"Adam3",48813,3083,45730
"Adam5",97277,3130,94147
"Adam32",112775,2623,110152
"Adam9",67323,4050,63273
"Tm2d2",6050,1281,4769
"LOC105244961",2188,1693,495
"Htra4",14035,2181,11854
"Plekha2",65774,5727,60047
"LOC105243143",3637,1167,2470
"Tacc1",87034,9506,77528
"Mir8108",109,109,0
"LOC105243144",2029,333,1696
"LOC105243145",5073,2146,2927
"5430421F17Rik",3621,2295,1326
"LOC105243146",36464,1621,34843
"LOC105243147",27929,394,27535
"Gm30978",11910,308,11602
"Gm10689",508,508,0
"Gm31045",20119,1457,18662
"Fgfr1",62096,6271,55825
"Gm31288",24706,12537,12169
"Gm16159",7411,935,6476
"Letm2",19419,4254,15165
"Whsc1l1",118493,12465,106028
"Ppapdc1b",4845,1628,3217
"Ddhd2",29267,6482,22785
"Bag4",20672,4798,15874
"Gm19075",678,678,0
"Lsm1",18688,2849,15839
"Star",7470,4007,3463
"Ash2l",31695,3541,28154
"Kcnu1",95290,5237,90053
"Hgsnat",32286,2679,29607
"Pomk",13518,3601,9917
"Gm31402",5576,2728,2848
"Fnta",16880,1881,14999
"LOC105244962",2125,2062,63
"Hook3",97804,13658,84146
"Gm31582",3191,3105,86
"1700047A11Rik",13912,620,13292
"Gm18364",613,613,0
"Rnf170",24507,4459,20048
"Thap1",5983,2698,3285
"Gm31727",22228,2512,19716
"Gm31784",14106,1176,12930
"Gm31843",7453,632,6821
"LOC105243149",2959,445,2514
"Gm31898",11920,1467,10453
"Gm31983",15767,541,15226
"LOC105243150",20684,1183,19501
"Gm32050",2655,1203,1452
"Gm32098",35334,5584,29750
"2310008N11Rik",9829,566,9263
"Gm29728",507,507,0
"LOC105243151",10875,1076,9799
"Gm32331",1675,1384,291
"Zfp703",4127,3305,822
"Gm32389",5200,1603,3597
"Gm19164",525,525,0
"Erlin2",16172,4666,11506
"Prosc",13578,5280,8298
"Gpr124",37615,5590,32025
"LOC105243152",23051,9680,13371
"Brf2",5345,2486,2859
"Rab11fip1",35874,7965,27909
"4933416M07Rik",6797,1520,5277
"Got1l1",26390,1621,24769
"Adrb3",5030,3500,1530
"Eif4ebp1",15330,981,14349
"LOC105243153",4645,2599,2046
"Gm18266",1139,1139,0
"Gm9731",1156,1156,0
"LOC105244964",11450,443,11007
"Tex24",4866,2125,2741
"Chrnb3",31020,5916,25104
"Chrna6",10733,2906,7827
"Poteg",135187,5581,129606
"Gm1698",35412,1734,33678
"LOC105243154",2295,1134,1161
"Gm8096",1660,1660,0
"Gm8100",1219,1219,0
"Gm8110",852,852,0
"LOC105243155",1034,768,266
"Unc5d",572966,10311,562655
"Gm32505",11701,7064,4637
"Gm32567",7303,259,7044
"Nudc-ps1",756,756,0
"Gm18676",503,503,0
"Gm32621",1788,944,844
"Gm29816",347,347,0
"Gm32678",6069,699,5370
"LOC105243156",31417,800,30617
"Gm6853",1661,1661,0
"4933433F19Rik",7179,1086,6093
"Gm32735",1402,1321,81
"Gm32791",16993,2509,14484
"Gm32841",8100,1149,6951
"Dusp26",7386,1747,5639
"LOC105244966",2597,484,2113
"Rnf122",20093,4150,15943
"Snord13",98,98,0
"Tti2",14388,5080,9308
"Mak16",9257,1857,7400
"Fut10",74594,5188,69406
"LOC102635732",3954,3954,0
"Gm8168",1167,1167,0
"7420700N18Rik",14691,1758,12933
"Gm36113",1298,553,745
"Gm19096",748,748,0
"LOC102641740",64973,2955,62018
"Gm5117",2553,2553,0
"Nrg1",1083132,24871,1058261
"Gm33223",6652,6054,598
"LOC102641860",8493,5842,2651
"Gm8179",29953,1613,28340
"LOC105243158",106594,7005,99589
"Gm33082",8209,1343,6866
"Gm3985",61522,2515,59007
"LOC105243160",24318,292,24026
"Gm33281",32710,5457,27253
"Gm6877",2969,2969,0
"Wrn",151174,6503,144671
"Purg",31859,4537,27322
"Gm8201",798,798,0
"Hmgb1-rs17",1447,1447,0
"Tex15",68902,9921,58981
"Ppp2cb",20184,2019,18165
"Ubxn8",24177,4603,19574
"Gm33433",8172,2033,6139
"Gsr",44925,2672,42253
"Gm17803",1039,1039,0
"LOC105244967",7369,409,6960
"Gtf2e2",45260,4552,40708
"Smim18",5905,833,5072
"Rbpms",147252,11150,136102
"Gm26632",12862,2205,10657
"Gm33588",10292,665,9627
"LOC105243162",2088,270,1818
"LOC105244969",19488,562,18926
"LOC105244968",3330,503,2827
"Dctn6",18293,1704,16589
"Mboat4",16967,2545,14422
"Gm10131",746,746,0
"LOC105243163",1198,856,342
"Leprotl1",11168,2585,8583
"Saraf",16285,1899,14386
"Mir6395",91,91,0
"Gm33638",2076,1304,772
"Gm29243",9374,505,8869
"Gm6100",646,646,0
"Gm8254",1187,1187,0
"LOC105244970",14027,725,13302
"Gm33831",9687,1010,8677
"Gm33910",18419,1420,16999
"LOC105243165",15111,4252,10859
"LOC105243166",10318,795,9523
"LOC105244972",5414,577,4837
"LOC105244971",3686,261,3425
"Gm8268",6147,864,5283
"Gm33968",4958,604,4354
"B930018H19Rik",50897,2121,48776
"Gm34096",11460,1151,10309
"Dusp4",12285,2427,9858
"Tnks",136512,6444,130068
"LOC105243167",8330,3621,4709
"Gm8291",1333,1333,0
"Gm34419",18131,1172,16959
"Rpl31-ps23",357,357,0
"Gm34474",3429,514,2915
"Gm34533",3095,501,2594
"Gm34597",12527,1050,11477
"Gm34647",11975,840,11135
"Gm34705",19228,1740,17488
"LOC105243169",5439,224,5215
"Ppp1r3b",12472,4750,7722
"Gm34911",5219,935,4284
"LOC102641483",8388,1979,6409
"Eri1",30269,5067,25202
"LOC105243170",16917,593,16324
"Gm16793",6518,1728,4790
"Mfhas1",91673,6543,85130
"LOC102638388",11527,1336,10191
"Gm35021",40819,4677,36142
"LOC105244974",1524,623,901
"Gm19410",52376,6653,45723
"Cldn23",1851,1851,0
"5430403N17Rik",18873,2553,16320
"Rps12l2",478,478,0
"LOC105243171",7280,506,6774
"D8Ertd82e",53163,5002,48161
"LOC330738",5573,2036,3537
"LOC105243172",1936,241,1695
"Gm35520",14593,4035,10558
"Lonrf1",33453,3930,29523
"LOC105243173",2830,1306,1524
"Gm35712",67893,760,67133
"Gm5787",1256,1256,0
"Gm19140",566,566,0
"6430573F11Rik",55724,2888,52836
"Dlc1",385427,17658,367769
"Gm35802",1763,1667,96
"LOC105243174",4609,1442,3167
"G630064G18Rik",38666,1795,36871
"AI429214",1959,1959,0
"Gm18267",1151,1151,0
"Gm8342",1160,1160,0
"Gm16530",2208,2208,0
"Gm3433",6321,1765,4556
"Gm7319",10072,1023,9049
"Gm6203",1333,1333,0
"Sgcz",1143669,10069,1133600
"Gm16205",1277,1277,0
"Gm16204",1407,1407,0
"Mir383",70,70,0
"LOC105244975",11616,712,10904
"Tusc3",159248,1192,158056
"Gm20948",571,571,0
"Gm17766",337,337,0
"Zfp148-ps1",2910,2910,0
"Gm6213",70289,638,69651
"Gm18644",1244,1244,0
"Gm5609",2938,2938,0
"Msr1",99520,7517,92003
"Gm36741",71836,1555,70281
"Gm2033",48522,2205,46317
"Gm36795",55762,801,54961
"Gm8381",605,605,0
"Gm7082",1829,1265,564
"Fgf20",7788,1476,6312
"Micu3",78473,3487,74986
"Mir7666",55,55,0
"Zdhhc2",66593,4478,62115
"Cnot7",23310,5099,18211
"Vps37a",39352,6379,32973
"Mtmr7",84634,3784,80850
"Adam24",7106,2931,4175
"Gm8423",601,601,0
"Gm2080",1573,1573,0
"Gm5749",1291,1291,0
"Adam25",3969,2621,1348
"Gm8433",1459,1459,0
"Gm8436",1111,1111,0
"Adam20",4070,2654,1416
"Adam39",3853,2441,1412
"Gm5345",1421,1235,186
"Gm8445",1167,1167,0
"LOC105244982",7117,1224,5893
"Slc7a2",59704,8993,50711
"Pdgfrl",64550,1545,63005
"Mtus1",143072,7703,135369
"B430010I23Rik",6749,2349,4400
"Gm16193",8070,1090,6980
"LOC105244979",3062,2154,908
"LOC105243175",18933,1526,17407
"Fgl1",26545,1322,25223
"Gm16348",2970,1573,1397
"Pcm1",94448,8618,85830
"Asah1",34055,2251,31804
"Frg1",19665,1088,18577
"Gm29853",816,777,39
"Gm2193",1218,1218,0
"Gm1815",1157,1157,0
"2810404M03Rik",218936,1245,217691
"Gm9546",3608,3608,0
"Zfp353-ps",1984,1984,0
"Gm6180",960,960,0
"Gm18414",736,736,0
"Triml1",50586,3315,47271
"Gm6284",5190,5190,0
"Triml2",13379,1594,11785
"Gm2221",577,577,0
"Zfp42",11943,2480,9463
"LOC105244980",4018,2848,1170
"Adam26b",8274,2405,5869
"Adam26a",8435,2494,5941
"Gm19838",1694,1694,0
"Gm5346",78360,2442,75918
"Adam34",203617,2697,200920
"Gm5347",25843,2573,23270
"Gm35629",498,498,0
"Gm6011",1793,1793,0
"Gm6303",749,749,0
"LOC102639731",264,264,0
"Gm30309",390,390,0
"Gm30397",18761,391,18370
"Fat1",117533,16431,101102
"AY512931",4717,2395,2322
"Mtnr1a",20024,2634,17390
"Gm30504",233954,2047,231907
"Gm6329",4652,862,3790
"F11",21391,2843,18548
"Klkb1",25394,2472,22922
"Cyp4v3",27395,2930,24465
"Fam149a",45577,5488,40089
"Tlr3",16285,6060,10225
"Sorbs2",320278,10695,309583
"Gm30759",34656,22996,11660
"Gm16351",15522,10585,4937
"Gm30635",21450,12559,8891
"Sorbs2os",95973,2474,93499
"Pdlim3",34096,1944,32152
"Ccdc110",10582,3998,6584
"1700029J07Rik",36087,3418,32669
"Ufsp2",21431,1640,19791
"Ankrd37",3330,2047,1283
"Lrp2bp",18881,3647,15234
"Snx25",118598,3984,114614
"Cfap97",43803,6854,36949
"Slc25a4",3671,1108,2563
"Actg-ps1",1863,1863,0
"Gm10313",1211,1211,0
"Gm8575",588,588,0
"Gm30880",2725,128,2597
"Helt",2629,1609,1020
"LOC105243177",26613,1492,25121
"Gm30931",3960,1326,2634
"Gm31050",950,845,105
"Acsl1",65015,4966,60049
"Cenpu",29126,4448,24678
"Primpol",41656,4522,37134
"LOC105243178",8622,610,8012
"Casp3",22408,2610,19798
"Gm31111",9920,2033,7887
"Gm16675",8546,1319,7227
"Irf2",107714,2924,104790
"Gm31172",4353,1935,2418
"LOC105243179",3106,1713,1393
"Enpp6",157160,5079,152081
"Gm31231",7389,4657,2732
"Stox2",233034,13142,219892
"Gm31404",1024,751,273
"LOC105243181",1002,609,393
"LOC102639847",1757,1555,202
"Trappc11",43343,4322,39021
"Rwdd4a",19193,2952,16241
"LOC105243182",726,393,333
"Gm8623",504,504,0
"Ing2",8432,2933,5499
"Gm31692",13979,2996,10983
"Gm31638",14752,1321,13431
"Cdkn2aip",5392,4298,1094
"Gm31786",6377,2119,4258
"Gm31899",3729,249,3480
"LOC105243184",6567,532,6035
"Cldn24",663,663,0
"Cldn22",994,994,0
"Wwc2",162957,5042,157915
"LOC105243183",6404,5710,694
"Gm31984",3947,1633,2314
"Gm32052",6919,794,6125
"Gm2607",724,724,0
"Dctd",42576,3745,38831
"LOC105243185",10174,1972,8202
"Gm32194",12011,1044,10967
"LOC105243186",2344,444,1900
"Gm32923",7986,6607,1379
"Tenm3",709498,14267,695231
"Gm32842",4232,4232,0
"Gm32794",11115,6009,5106
"LOC105243189",7450,2971,4479
"Gm19744",26613,2538,24075
"LOC105243188",20017,1653,18364
"1700019L22Rik",1822600,4836,1817764
"LOC105243187",2383,2383,0
"Gm2516",47978,955,47023
"Gm32975",2926,584,2342
"Gm8679",868,868,0
"Gm17911",764,764,0
"Gm17993",591,591,0
"Gm6458",2326,2326,0
"Gm9892",1420,1420,0
"Gm6463",1175,1175,0
"1190028D05Rik",46729,763,45966
"Gm9685",29308,683,28625
"LOC105243190",10173,282,9891
"LOC105243191",2199,756,1443
"Aga",11736,1616,10120
"LOC105243192",17945,7304,10641
"Neil3",52199,2359,49840
"Gm19921",918,918,0
"Gm33153",1707,1707,0
"Vegfc",108923,1881,107042
"Spcs3",10307,4207,6100
"Asb5",37512,1974,35538
"5330439A09Rik",13963,1883,12080
"Spata4",9318,1057,8261
"Wdr17",94907,5935,88972
"Gpm6a",281445,3554,277891
"Gm8734",2102,2102,0
"Gm36305",2461,2431,30
"LOC105244983",2092,2092,0
"Gm36387",316,316,0
"Gm20586",551,551,0
"Gm36453",316,316,0
"Gm18320",558,558,0
"Adam29",36053,2742,33311
"Glra3",189850,6899,182951
"Gm7351",580,580,0
"Hpgd",26495,1719,24776
"Gm7419",924,924,0
"4930518J21Rik",24815,740,24075
"Cep44",19262,2247,17015
"Fbxo8",42806,3527,39279
"Gm2767",631,631,0
"Gm6503",2154,2154,0
"Gm33501",16690,585,16105
"Gm7328",2544,2544,0
"Gm17994",519,519,0
"LOC102636514",16446,553,15893
"Hand2",3535,2235,1300
"Gm34030",7174,5716,1458
"5033428I22Rik",50331,6514,43817
"Gm34099",11933,719,11214
"Gm18136",521,521,0
"Scrg1",21663,700,20963
"Sap30",5159,1183,3976
"2500002B13Rik",22300,902,21398
"Hmgb2",4157,2692,1465
"Gm6012",2735,1349,1386
"Galnt7",129231,4523,124708
"Gm10284",1201,1201,0
"AW046200",11678,1498,10180
"LOC105243193",27749,2269,25480
"Galntl6",1139139,6652,1132487
"LOC105243194",3387,2388,999
"Gm15881",1948,1948,0
"BC030500",2701,2330,371
"Gm7499",815,815,0
"Gm5740",2066,1847,219
"Gm34370",30203,1047,29156
"Gm34420",19919,270,19649
"4930470O06Rik",19073,660,18413
"Gm34623",48346,777,47569
"Gm19230",3624,3624,0
"Aadat",39808,2205,37603
"Gm34730",13098,859,12239
"Mfap3l",43907,6824,37083
"Stambp-ps1",839,839,0
"2700029M09Rik",17190,2565,14625
"Clcn3",72923,7115,65808
"Gm18394",559,559,0
"B230317F23Rik",4142,4142,0
"Nek1",138157,5622,132535
"Sh3rf1",240608,5362,235246
"1700001D01Rik",7351,565,6786
"LOC105244981",5764,5656,108
"Gm10015",656,656,0
"Gm7432",955,955,0
"LOC102638389",44074,5644,38430
"Cbr4",15767,1115,14652
"Palld",391272,6931,384341
"Gm35254",12526,5682,6844
"Gm18066",1964,1964,0
"4930512H18Rik",11709,4307,7402
"Ddx60",109639,6679,102960
"Anxa10",66152,1860,64292
"Gm2961",808,777,31
"Gm5349",2155,2155,0
"Gm2975",879,879,0
"Gm7561",899,899,0
"Spock3",406012,3393,402619
"Gm18645",2955,2955,0
"Gm35368",1518,163,1355
"Gm35424",29265,644,28621
"Gm5350",1219,1219,0
"Sgol2b",27477,3739,23738
"Gm35713",1213,284,929
"Tll1",191844,5738,186106
"Gm35472",1122,472,650
"Gm35521",8447,429,8018
"Mir710",110,110,0
"Cpe",100499,2103,98396
"Msmo1",15434,1824,13610
"Klhl2",110250,2722,107528
"LOC105244984",4072,1612,2460
"Gm32507",7337,1319,6018
"Tmem192",21877,1350,20527
"Trim75",7082,3705,3377
"Trim60",20241,3633,16608
"Trim61",5713,2229,3484
"Apela",8920,1058,7862
"LOC105243196",38510,871,37639
"BC030870",43925,1481,42444
"Gm24333",3085,1082,2003
"LOC105243197",5752,721,5031
"Gm7619",1284,1284,0
"Gm7624",486,486,0
"Vaultrc-ps1",143,143,0
"March1",853716,6246,847470
"Gm15355",55806,55806,0
"Tma16",13431,4413,9018
"Tktl2",7460,6446,1014
"Npy5r",8617,2888,5729
"Npy1r",9607,3481,6126
"LOC665443",1683,1683,0
"Naf1",30608,3391,27217
"LOC105243198",32656,481,32175
"Gm7639",517,517,0
"Gm32623",36343,893,35450
"Nat1",7413,3475,3938
"Nat2",7770,7152,618
"Gm9755",1659,1659,0
"Nat3",24774,1395,23379
"Gm36247",432,432,0
"Psd3",516971,24572,492399
"Gm32951",16536,14671,1865
"LOC105243200",7278,7169,109
"Gm32888",899,847,52
"Gm15991",130689,19520,111169
"Sh2d4a",71177,2827,68350
"Gm19170",1115,1115,0
"Csgalnact1",378893,6405,372488
"1700125H03Rik",7252,760,6492
"Ints10",35483,4417,31066
"Gm15549",708,708,0
"Lpl",26378,4049,22329
"LOC105244985",7937,7880,57
"Gm32997",3923,2432,1491
"Gm33103",47109,2821,44288
"Gm33052",11396,1366,10030
"Slc18a1",52922,4525,48397
"Atp6v1b2",24983,2742,22241
"Lzts1",51552,5255,46297
"LOC105243202",2539,1642,897
"LOC105243203",2631,472,2159
"Zfp930",21494,2996,18498
"Gm33178",887,887,0
"Gm7684",1214,1214,0
"D130040H23Rik",32330,2365,29965
"Gm7688",337,337,0
"Gm10033",24520,2602,21918
"Gm9495",33581,2683,30898
"LOC105244986",1621,1465,156
"Gm7697",40303,2050,38253
"Rps7-ps1",512,512,0
"Gm3365",21422,21422,0
"Gm33558",7056,1072,5984
"Zfp868",14909,2945,11964
"Zfp964",10194,2075,8119
"Zfp869",11853,3948,7905
"Zfp963",8324,2291,6033
"Gm19893",607,607,0
"Zfp866",13588,5764,7824
"LOC105243205",4190,157,4033
"Atp13a1",16587,3998,12589
"Gmip",13622,4420,9202
"Gm33695",772,237,535
"Lpar2",8538,5701,2837
"Pbx4",39817,1575,38242
"Cilp2",7027,4022,3005
"Gm33746",1219,884,335
"Ndufa13",14771,2388,12383
"Tssk6",1304,1304,0
"Gatad2a",89316,5517,83799
"Gm7730",628,628,0
"Mau2",28208,6972,21236
"Sugp1",29180,2326,26854
"Tm6sf2",7143,1446,5697
"Hapln4",7334,3638,3696
"Ncan",27789,7195,20594
"Mir7066",63,63,0
"Rfxank",8392,3682,4710
"Nr2c2ap",2426,1263,1163
"2310045N01Rik",7549,601,6948
"Mef2b",14711,1342,13369
"Tmem161a",11353,3218,8135
"Slc25a42",27942,3172,24770
"Armc6",14251,2470,11781
"Sugp2",28898,5078,23820
"LOC100503831",7565,2508,5057
"Homer3",11471,2598,8873
"Ddx49",9646,2307,7339
"Cope",10206,1033,9173
"Gdf1",15818,2728,13090
"Cers1",15814,2724,13090
"Upf1",22478,5354,17124
"Gm34002",6063,528,5535
"Comp",8519,3034,5485
"Crtc1",57292,6384,50908
"Klhl26",26768,3361,23407
"Tmem59l",3606,1605,2001
"LOC105243207",2097,2014,83
"Crlf1",10975,1700,9275
"2810428I15Rik",2479,692,1787
"Uba52",2102,494,1608
"4930522P08Rik",2170,392,1778
"Kxd1",9785,1216,8569
"Fkbp8",7586,3209,4377
"Ell",53184,3085,50099
"Gm34101",2135,1910,225
"Isyna1",2810,1838,972
"Ssbp4",10896,1928,8968
"Lrrc25",4007,1273,2734
"Gdf15",3077,1405,1672
"Gm34154",5393,676,4717
"Pgpep1",13422,5001,8421
"LOC105243208",1031,342,689
"Lsm4",5522,942,4580
"LOC105243209",9283,4981,4302
"Jund",2878,2878,0
"Gm16486",15626,11926,3700
"Gm34255",16050,567,15483
"Gm3336",4093,1152,2941
"Pde4c",27498,5743,21755
"Rab3a",4021,1715,2306
"Mpv17l2",2273,1127,1146
"Ifi30",3891,981,2910
"Pik3r2",8551,3311,5240
"2010320M18Rik",745,745,0
"Mast3",26952,5988,20964
"Mir7240",58,58,0
"Il12rb1",13065,4073,8992
"Arrdc2",4592,2541,2051
"Kcnn1",23735,6960,16775
"Ccdc124",5265,1247,4018
"Slc5a5",10169,3247,6922
"Rpl18a",2722,1291,1431
"Mir7067",63,63,0
"Snora68",98,98,0
"Map1s",24156,4043,20113
"Mir1969",94,94,0
"Gm10654",2851,2851,0
"1700026F02Rik",20028,482,19546
"Gm3643",19785,2001,17784
"Gm18209",922,922,0
"LOC105243210",43934,1757,42177
"Vmn2r-ps90",15585,15585,0
"Gm35256",23301,1757,21544
"Gm7827",29464,4287,25177
"LOC330796",39628,1363,38265
"Gm29701",2159,1244,915
"Aprt-ps",536,536,0
"Haus8",21467,1672,19795
"Myo9b",88095,10331,77764
"Use1",2885,1088,1797
"Ocel1",2392,1679,713
"Nr2f6",7838,4128,3710
"Ushbp1",11562,3583,7979
"Babam1",7929,1845,6084
"LOC105243212",600,444,156
"Ankle1",4539,2857,1682
"LOC105243211",1528,1425,103
"LOC105243213",4635,3515,1120
"Abhd8",6958,1985,4973
"Mrpl34",828,646,182
"Dda1",6927,1960,4967
"Ano8",10051,3999,6052
"Gtpbp3",11754,3709,8045
"Plvap",14052,2122,11930
"C430049E01Rik",8069,3985,4084
"LOC101056163",769,769,0
"Bst2",3179,769,2410
"Mvb12a",5147,1279,3868
"Tmem221",4714,2282,2432
"Nxnl1",8112,2880,5232
"Slc27a1",18629,4166,14463
"Pgls",4084,1167,2917
"Fam129c",11784,3819,7965
"Colgalt1",13921,3266,10655
"Unc13a",45064,8050,37014
"LOC105243215",1392,477,915
"Mir6769b",60,60,0
"Jak3",14195,4085,10110
"Insl3",1326,587,739
"B3gnt3",11255,2597,8658
"Gm18860",764,764,0
"Fcho1",17318,3728,13590
"Gm35572",3181,1881,1300
"Gm29705",20071,1538,18533
"LOC105244987",12726,1105,11621
"Gm5373",96141,3981,92160
"Vmn2r-ps91",865,865,0
"Zfp709",10498,3975,6523
"Zfp882",10246,5651,4595
"Ccnb2-ps",921,921,0
"Zfp617",11806,2948,8858
"Zfp961",19268,2718,16550
"Cyp4f18",21204,2395,18809
"Gm18924",522,522,0
"Olfr372",1016,1016,0
"Olfr373",945,945,0
"Olfr374",3470,1080,2390
"LOC105243217",7474,817,6657
"Tpm4",17838,2082,15756
"Rab8a",20167,2012,18155
"Hsh2d",11291,1225,10066
"Cib3",20394,1282,19112
"Fam32a",4046,1921,2125
"Ap1m1",17336,2267,15069
"LOC105243218",5239,1407,3832
"LOC105244988",1625,350,1275
"Gm10282",1203,1203,0
"Klf2",2593,1816,777
"Eps15l1",80576,10000,70576
"Calr3",19616,1883,17733
"1700030K09Rik",16662,2702,13960
"Cherp",16193,5275,10918
"Mir7068",74,74,0
"Slc35e1",14620,7029,7591
"LOC102639683",11862,2290,9572
"Med26",54858,4368,50490
"Gm18646",1409,1409,0
"Gm35857",414,414,0
"Smim7",5851,2842,3009
"Tmem38a",15287,2201,13086
"Nwd1",70656,10512,60144
"Sin3b",34934,4497,30437
"F2rl3",2713,2336,377
"LOC105243219",18608,1488,17120
"Large",538979,4841,534138
"Mir28b",80,80,0
"Gm7943",1138,1138,0
"Crry-ps",1558,1558,0
"LOC101056221",1347,1347,0
"Gm7948",920,920,0
"LOC102640619",242961,1445,241516
"Isx",20333,1792,18541
"Hmgxb4",38404,4093,34311
"Tom1",36436,2358,34078
"Gm2059",1127,686,441
"Hmox1",6976,1576,5400
"Mcm5",18931,3441,15490
"Rasd2",10170,2810,7360
"Gm9644",1243,1243,0
"Umpk-ps",1955,1955,0
"Gm7984",543,543,0
"Gm19885",344,344,0
"Gm10358",1201,1201,0
"1700007B14Rik",535815,2241,533574
"Gm7901",1844,1844,0
"Gm7069",1223,1223,0
"Gm7990",591,591,0
"LOC105243220",8794,534,8260
"LOC102640923",294760,841,293919
"Gm10649",151087,1537,149550
"Gm5353",851,851,0
"Nr3c2",345972,7087,338885
"Arhgap10",267590,4802,262788
"0610038B21Rik",1523,1523,0
"Prmt10",31952,2791,29161
"Tmem184c",14782,2780,12002
"LOC105243221",9465,719,8746
"1700092C02Rik",4786,359,4427
"Ednra",61424,3643,57781
"LOC105243223",18860,5490,13370
"4933431K23Rik",44752,1752,43000
"LOC105243222",6160,1062,5098
"Gm29845",5134,382,4752
"Gm29895",10370,2965,7405
"LOC102631676",1138,160,978
"LOC105243224",9083,886,8197
"Ttc29",181025,2665,178360
"Pou4f2",3644,3212,432
"Gm2225",492,492,0
"Rbmxl1",3660,2581,1079
"Slc10a7",224685,5510,219175
"Gm2253",778,778,0
"LOC105243225",3440,3398,42
"Gm30208",3766,3389,377
"Lsm6",16285,3801,12484
"Gm8054",468,468,0
"Gm8056",865,865,0
"LOC105243226",6985,744,6241
"Zfp827",165786,17916,147870
"Gm30271",23354,6977,16377
"1700011L22Rik",38475,1222,37253
"Mmaa",31377,7770,23607
"Gm4890",12697,2642,10055
"Smad1",61074,3270,57804
"Gm30389",15120,9263,5857
"LOC105243227",8434,2085,6349
"LOC105243339",549,549,0
"Gm8077",1065,1065,0
"Gm8079",1184,1184,0
"Otud4",38080,7759,30321
"Tpd52-ps",2082,2082,0
"Abce1",28299,3832,24467
"Anapc10",65567,3023,62544
"Gm30494",9044,5167,3877
"Hhip",92221,9141,83080
"LOC105243228",4455,2404,2051
"LOC105243229",2273,2152,121
"Gm33096",504,504,0
"Gm5909",1752,1752,0
"Gm30552",9215,559,8656
"LOC105243230",18227,704,17523
"Gm30660",13792,2833,10959
"Gm30605",66591,1767,64824
"Gypa",16805,2131,14674
"4930505O20Rik",2002,249,1753
"LOC105243231",13622,966,12656
"Frem3",84519,6626,77893
"Smarca5",39517,4639,34878
"Gab1",116325,7027,109298
"Gm7997",1581,1581,0
"Gm31105",1927,1384,543
"Gm4891",1116,1116,0
"Gm31223",35509,3712,31797
"Usp38",34308,5608,28700
"LOC105243233",35427,2596,32831
"Gm4899",1636,1636,0
"Gm5354",1190,1190,0
"LOC105246801",8742,1203,7539
"Inpp4b",809678,11370,798308
"Gm17072",681,681,0
"Gm9520",553,553,0
"LOC102641995",16738,765,15973
"Il15",71604,2478,69126
"9530004M14Rik",405,323,82
"Gm8167",1154,1154,0
"Gm9655",8078,8078,0
"Zfp330",10507,1642,8865
"Gm31545",41443,552,40891
"Rnf150",228254,10023,218231
"Gm18212",1193,1193,0
"Tbc1d9",107589,5848,101741
"LOC105246802",2609,1825,784
"Gm17999",570,570,0
"Ucp1",8109,1644,6465
"Elmod2",19855,5064,14791
"Gm32327",6365,642,5723
"Mgat4d",42898,3029,39869
"Gm15660",659,659,0
"Gm32377",7927,2831,5096
"Clgn",38727,4229,34498
"Scoc",23946,2532,21414
"Gm5910",1545,1545,0
"Gm33242",51636,1667,49969
"Olfr370",1096,1096,0
"Gm18000",708,708,0
"Ndufb7",4866,533,4333
"Tecr",22794,1174,21620
"LOC105246804",16209,3002,13207
"LOC105246803",2258,2212,46
"LOC105246805",8260,650,7610
"Gm18001",844,844,0
"Dnajb1",3729,2472,1257
"Gipc1",12112,1616,10496
"Ptger1",3574,3154,420
"Pkn1",29418,3538,25880
"Ddx39",8175,2064,6111
"Cd97",18062,3312,14750
"Mir1668",107,107,0
"LOC105246806",923,364,559
"LOC105243235",12693,5935,6758
"Gm5355",534,534,0
"Lphn1",41857,8878,32979
"Asf1b",14502,1599,12903
"Prkaca",23467,2504,20963
"Samd1",2715,2071,644
"1700067K01Rik",4275,2297,1978
"Mir8111",137,137,0
"2210011C24Rik",1493,907,586
"Mir1199",119,119,0
"Palm3",8822,2449,6373
"Gm32588",1821,1223,598
"Il27ra",12344,2865,9479
"Rln3",1913,475,1438
"C330011M18Rik",1601,1601,0
"Rfx1",30318,4783,25535
"Mir709",88,88,0
"Dcaf15",7721,2396,5325
"LOC105243236",1327,715,612
"Podnl1",17090,2421,14669
"Cc2d1a",15104,3466,11638
"4930432K21Rik",24635,3124,21511
"Nanos3",3216,1126,2090
"Mir181d",72,72,0
"Mir181c",89,89,0
"Mir23a",75,75,0
"Mir27a",87,87,0
"Mir24-2",107,107,0
"Mir3074-2",83,83,0
"Zswim4",26101,4348,21753
"Gm32760",3226,1275,1951
"D8Ertd738e",3527,661,2866
"Mri1",7709,2369,5340
"Ccdc130",12692,3049,9643
"Gm18677",729,729,0
"Cacna1a",301617,10498,291119
"Gm32854",5693,2049,3644
"LOC105243238",9598,915,8683
"LOC105243237",512,264,248
"Ier2",1522,1522,0
"Gm26664",4640,1066,3574
"Nacc1",17510,4782,12728
"Trmt1",11084,3364,7720
"Lyl1",3295,1836,1459
"Nfix",95627,7835,87792
"G430095P16Rik",5024,1907,3117
"Gm32967",8116,6956,1160
"Dand5",16861,1680,15181
"Gadd45gip1",3201,1734,1467
"Rad23a",6099,2198,3901
"Calr",4844,1943,2901
"1700122E12Rik",8599,915,7684
"Gm5911",774,774,0
"Farsa",12286,1874,10412
"Mir7069",62,62,0
"Syce2",15336,1373,13963
"Gcdh",7535,2177,5358
"LOC105243239",6137,480,5657
"Klf1",3368,1534,1834
"Dnase2a",2838,1643,1195
"Mast1",34277,5077,29200
"LOC100503676",9581,1174,8407
"Rtbdn",10344,2955,7389
"Rnaseh2a",12766,2804,9962
"Prdx2",4670,1034,3636
"Junb",1840,1840,0
"Hook2",13864,4359,9505
"Best2",7330,2454,4876
"Asna1",7348,1395,5953
"2310036O22Rik",3473,1027,2446
"Tnpo2",20698,6700,13998
"A230103J11Rik",7301,2132,5169
"Fbxw9",7097,2064,5033
"Mir7070",86,86,0
"Gm5741",415,328,87
"Dhps",5445,3442,2003
"Wdr83",5712,1238,4474
"Wdr83os",1377,699,678
"Man2b1",16011,4912,11099
"Zfp791",13929,2332,11597
"LOC105246807",1892,1588,304
"Cks1brt",21699,2397,19302
"Gm33296",6346,627,5719
"Gm18137",706,706,0
"Olfr371",939,939,0
"Vps35",39106,3169,35937
"Orc6",8648,1654,6994
"Mylk3",62037,4789,57248
"4921524J17Rik",24083,1595,22488
"Gpt2",35087,6058,29029
"Dnaja2",17632,2839,14793
"Gm33428",55048,5872,49176
"Gm33367",5082,1585,3497
"Neto2",64332,5954,58378
"Mir8109",117,117,0
"Itfg1",123393,3355,120038
"LOC105243241",36034,6191,29843
"Atp5k-ps1",291,291,0
"Phkb",223271,9311,213960
"Gm16167",1061,1061,0
"Gm19171",536,536,0
"Gm18474",3970,3970,0
"Gm21030",1142,1142,0
"Gm33632",53781,943,52838
"Gm33577",3191,1247,1944
"Gm2641",1815,698,1117
"Gm33687",4284,1818,2466
"Abcc12",76115,4916,71199
"Lonp2",92594,2942,89652
"Siah1a",22087,2674,19413
"Gm10638",1362,1362,0
"LOC105243242",20777,4607,16170
"N4bp1",44123,6472,37651
"Gm33877",2323,2149,174
"Gm33391",41357,568,40789
"Gm27167",17176,717,16459
"Fth-ps3",883,883,0
"Rps13-ps1",522,522,0
"Gm18602",852,852,0
"Gm5118",8262,2784,5478
"LOC102637021",5510,1533,3977
"Gm34025",3189,704,2485
"Gm27246",21050,458,20592
"Gm10637",30104,839,29265
"LOC105243243",2193,602,1591
"Gm18975",719,719,0
"4930535O05Rik",1034,655,379
"Gm19872",3319,677,2642
"Cbln1",3740,2335,1405
"Gm2694",52743,797,51946
"4933402J07Rik",25291,1023,24268
"1700096P03Rik",7017,687,6330
"Zfp423",300050,6652,293398
"Gm34412",4468,3656,812
"LOC105246808",891,545,346
"LOC105243244",9485,885,8600
"Gm2716",73782,1947,71835
"Gm18678",530,530,0
"Cnep1r1",16463,3077,13386
"LOC105246809",1038,689,349
"Heatr3",34068,3146,30922
"Mir7071",69,69,0
"Papd5",63785,4776,59009
"Adcy7",57599,7149,50450
"Brd7",31658,4360,27298
"Gm34751",7449,3199,4250
"LOC105243245",11381,370,11011
"Gm34846",5045,2254,2791
"Gm35076",6918,869,6049
"Gm35162",1645,474,1171
"Nkd1",73544,4459,69085
"Snx20",9573,1706,7867
"Nod2",41195,4714,36481
"Cyld",54946,8600,46346
"Gm17995",574,574,0
"Gm17910",839,839,0
"Rps6-ps2",815,815,0
"LOC105246810",8006,247,7759
"Mir8110",97,97,0
"Sall1",16924,5339,11585
"Gm3134",37617,13835,23782
"Gm35358",45424,3133,42291
"Gm35305",13278,900,12378
"Gm6625",1491,666,825
"Gm5356",732,732,0
"Gm35542",10848,237,10611
"Gm35593",35289,590,34699
"Tox3",102030,5402,96628
"LOC105243246",4317,364,3953
"Gm35797",10116,3233,6883
"LOC105243247",15059,633,14426
"Gm17996",964,964,0
"Gm35850",31311,7381,23930
"Gm35963",3393,1707,1686
"Gm19935",1249,979,270
"Chd9",226155,16050,210105
"LOC105246811",3016,3016,0
"LOC105243249",2535,1534,1001
"Rbl2",53788,4925,48863
"Aktip",25624,5524,20100
"Gm8489",660,660,0
"Rpgrip1l",96262,7275,88987
"Gm36243",12133,4093,8040
"Gm18603",526,526,0
"Gm36163",10621,2970,7651
"Fto",354943,4385,350558
"4831440D22Rik",17251,2024,15227
"Gm9619",964,964,0
"Gm2875",412,412,0
"Gm36325",2487,1191,1296
"Gm36380",5277,2310,2967
"LOC105243251",2120,834,1286
"Irx3",3144,2363,781
"Irx3os",71467,5963,65504
"LOC105243252",7355,1435,5920
"Gm28515",6622,2983,3639
"Gm36670",17587,3645,13942
"Gm36843",13429,2717,10712
"LOC105243253",13997,663,13334
"Crnde",30090,1500,28590
"Irx5",3661,2403,1258
"Irx6",6668,3369,3299
"Gm3272",1201,1201,0
"Mmp2",26129,3203,22926
"Gm36922",2173,917,1256
"Lpcat2",63950,2994,60956
"Capns2",1015,1015,0
"Gm2947",349,349,0
"Slc6a2",41232,6398,34834
"LOC102641146",22697,639,22058
"Ces1a",27979,2465,25514
"Ces1b",23297,2012,21285
"Ces1c",32269,1840,30429
"LOC105246812",7152,568,6584
"Ces1d",31733,1966,29767
"Ces1e",28415,2086,26329
"Ces1f",23531,2052,21479
"Ces1g",34841,2289,32552
"Ces1h",35149,2096,33053
"Gm30132",4114,1126,2988
"Ces5a",36819,2438,34381
"Gm26843",245683,12202,233481
"LOC105243254",18998,4314,14684
"Gnao1",158828,8125,150703
"4930488L21Rik",1862,1862,0
"Gm30553",6216,6156,60
"Amfr",41053,3678,37375
"LOC105243255",4191,3384,807
"Nudt21",17637,1111,16526
"Ogfod1",30783,5416,25367
"Bbs2",31417,3605,27812
"LOC105243257",1031,923,108
"Mt4",1828,391,1437
"Mt3",1542,538,1004
"LOC105243258",6401,1415,4986
"Mt2",950,556,394
"Mt1",1240,756,484
"LOC105243259",1672,292,1380
"Nup93",100526,3621,96905
"Rpl10-ps5",758,758,0
"Mir138-2",71,71,0
"Slc12a3",37111,3463,33648
"Herpud1",9224,2236,6988
"Ap3s1-ps2",1282,1282,0
"9330175E14Rik",1977,1538,439
"Nlrc5",92919,7896,85023
"Mir7072",60,60,0
"Cpne2",37502,2302,35200
"LOC102641396",18006,3158,14848
"Fam192a",26787,2202,24585
"Rspry1",58337,3850,54487
"Gm18002",583,583,0
"Arl2bp",7858,2235,5623
"Pllp",21348,1889,19459
"Ccl22",5705,1811,3894
"Gnb1-ps3",1759,1759,0
"Cx3cl1",10248,3144,7104
"Ccl17",4635,2692,1943
"Ciapin1",18523,4625,13898
"Gm7418",862,862,0
"Coq9",16479,1693,14786
"Polr2c",6793,1580,5213
"Dok4",12485,2695,9790
"Ccdc102a",15230,2508,12722
"LOC105243260",6055,1965,4090
"Gpr114",21483,3101,18382
"Gm30968",12363,2044,10319
"Gpr56",39453,5257,34196
"Gpr97",28137,5050,23087
"Drc7",23039,3150,19889
"Katnb1",18702,3735,14967
"Kifc3",103033,4265,98768
"Gm31224",15856,344,15512
"Gm31036",10458,3735,6723
"Gm31277",3922,2000,1922
"Cngb1",67543,7215,60328
"Gm5359",700,700,0
"Tepp",14752,1763,12989
"Zfp319",5815,4107,1708
"Usb1",15230,1764,13466
"Mmp15",21957,4279,17678
"Cfap20",14621,1295,13326
"Csnk2a2",42809,8440,34369
"4933406B17Rik",6928,2925,4003
"Ccdc113",24829,1709,23120
"Prss54",17264,1884,15380
"Gm5912",3501,3501,0
"Gm31518",20448,3163,17285
"Gins3",11501,2412,9089
"LOC105243261",4215,3021,1194
"LOC105246813",3147,1742,1405
"Gm6013",703,703,0
"Ndrg4",38135,3910,34225
"Setd6",6387,2689,3698
"Cnot1",88029,8463,79566
"Mir7073",64,64,0
"4930513N10Rik",14899,2803,12096
"Gm31659",9345,556,8789
"Gm10094",801,801,0
"Gm31805",3160,1751,1409
"Slc38a7",17658,3562,14096
"Got2",24229,2345,21884
"Gm8637",1087,1087,0
"Gm31892",3662,455,3207
"Gm32005",52348,1415,50933
"Gm32122",32376,2553,29823
"Gm5131",1237,1237,0
"Gm5913",1396,1396,0
"Gm7191",1211,1211,0
"LOC105243262",7084,365,6719
"Gm17997",798,798,0
"Gm7192",1133,1133,0
"Gm29817",465,465,0
"Gm15679",25614,1944,23670
"Cdh8",392015,8194,383821
"Gm15681",3599,3599,0
"A330008L17Rik",262496,1011,261485
"Gm19232",777,777,0
"Gm15210",1664,1664,0
"Gm5742",951,951,0
"Gm5361",1495,1495,0
"LOC105243264",9224,239,8985
"Gm32423",23597,257,23340
"Gm32477",7681,632,7049
"LOC105243265",42088,388,41700
"Cdh11",153386,5968,147418
"LOC105246814",5137,5103,34
"Gm8730",1098,1098,0
"Gm32531",5457,826,4631
"LOC105243266",19845,724,19121
"1600027J07Rik",3657,489,3168
"LOC105246815",6627,911,5716
"Gm32589",3630,542,3088
"Gm32642",3601,486,3115
"4933400L20Rik",76584,868,75716
"LOC105243267",5899,335,5564
"Gm29795",10033,3804,6229
"Gm32728",25695,1625,24070
"LOC105243268",6813,1532,5281
"Gm8748",584,584,0
"Gm29682",21364,5657,15707
"Cdh5",42892,4040,38852
"Bean1",48723,4148,44575
"Tk2",21884,2791,19093
"Cklf",14076,2258,11818
"Cmtm2a",12140,1084,11056
"Cmtm1",16604,1130,15474
"Cmtm2b",8560,910,7650
"Cmtm3",8290,2207,6083
"Cmtm4",47617,7734,39883
"Dync1li2",25551,6086,19465
"Ccdc79",63170,3151,60019
"Nae1",23628,1826,21802
"Car7",15648,2302,13346
"LOC102635660",206,206,0
"Pdp2",7559,5747,1812
"Cdh16",22482,3318,19164
"Rrad",3302,1621,1681
"Gm33023",4443,1349,3094
"Fam96b",1890,680,1210
"LOC105243269",17167,1874,15293
"Gm7208",6283,1807,4476
"Gm5159",5917,5917,0
"Ces2a",7632,1964,5668
"Gm6831",32210,1986,30224
"Gm18475",853,853,0
"4932416K20Rik",3556,3556,0
"Ces2b",11600,3421,8179
"Gm33715",1558,1558,0
"Matr3-ps2",1244,1244,0
"Ces2c",7416,1970,5446
"Gm33218",15758,304,15454
"Ces2d-ps",6660,1964,4696
"Gm33141",19274,459,18815
"Gm8798",14278,1768,12510
"Ces2e",8413,2699,5714
"Ces2f",13776,6094,7682
"Ces2g",7927,3342,4585
"Gm5743",9682,9682,0
"Ces2h",19558,1677,17881
"Ces3a",13352,2090,11262
"Ces3b",10200,3050,7150
"Gm8804",800,800,0
"Ces4a",18310,2433,15877
"Cbfb",47316,2914,44402
"D230025D16Rik",27904,3001,24903
"B3gnt9",2675,2675,0
"Tradd",6020,1385,4635
"Fbxl8",4679,2103,2576
"Hsf4",6098,1929,4169
"Nol3",6003,3382,2621
"4931428F04Rik",9409,3842,5567
"Exoc3l",7040,3504,3536
"LOC102636360",1015,524,491
"E2f4",7708,1993,5715
"Elmo3",5225,3262,1963
"Mir328",97,97,0
"Lrrc29",13992,2729,11263
"Tmem208",9122,1666,7456
"Fhod1",18811,3948,14863
"Slc9a5",21778,5724,16054
"Plekhg4",13422,5828,7594
"Kctd19",31153,3546,27607
"Lrrc36",52698,2734,49964
"Tppp3",3931,1156,2775
"Zdhhc1",24687,2698,21989
"Gm8838",886,886,0
"Hsd11b2",5243,1849,3394
"Atp6v0d1",41571,1617,39954
"Agrp",13151,863,12288
"LOC105243271",1865,1760,105
"Fam65a",28133,7103,21030
"Mir1966",108,108,0
"Gm5914",13229,589,12640
"Ctcf",46385,4036,42349
"LOC102635661",710,710,0
"Gm33578",3841,1493,2348
"Rltpr",12186,4764,7422
"Acd",2958,1602,1356
"Pard6a",2347,1437,910
"Enkd1",4573,1570,3003
"4933405L10Rik",1943,1201,742
"Gfod2",42559,3703,38856
"Ranbp10",65537,5661,59876
"Tsnaxip1",16966,2307,14659
"Cenpt",10370,2215,8155
"Thap11",1848,1848,0
"Nutf2",19769,2295,17474
"Edc4",12353,4813,7540
"Nrn1l",1457,617,840
"Pskh1",31329,3246,28083
"Ctrl",1869,888,981
"Psmb10",2727,1555,1172
"Lcat",3852,1362,2490
"Slc12a4",22560,3866,18694
"Mir7074",63,63,0
"Dpep3",5900,1681,4219
"Gm33766",9917,1050,8867
"Dpep2",21404,2673,18731
"Ddx28",1871,1871,0
"Dus2",42363,2118,40245
"Nfatc3",71713,7491,64222
"Esrp2",7126,4119,3007
"1810019D21Rik",3324,1647,1677
"Pla2g15",14365,2754,11611
"Slc7a6",29879,4132,25747
"Slc7a6os",10555,1592,8963
"Prmt7",40641,2766,37875
"Smpd3",85441,6067,79374
"4930506A18Rik",53526,1028,52498
"LOC105243273",13168,1124,12044
"Gm34026",5692,470,5222
"Zfp90",10606,3667,6939
"Cdh3",46060,4037,42023
"Gm10073",468,468,0
"1110028F18Rik",7678,1341,6337
"LOC105243274",2546,787,1759
"Cdh1",66879,4413,62466
"Tango6",168372,4409,163963
"Gm34197",21037,3868,17169
"Has3",12661,6836,5825
"Chtf8",9731,3132,6599
"Cirh1a",29459,2253,27206
"Rpl10-ps2",754,754,0
"Sntb2",78443,4423,74020
"Gm16208",1782,836,946
"Vps4a",14431,2075,12356
"Gm16209",1149,1149,0
"Pdf",2326,1537,789
"Cog8",8029,2104,5925
"Nip7",4055,3129,926
"Tmed6",4161,863,3298
"Terf2",27243,4881,22362
"Mir7075",82,82,0
"LOC105243276",2675,758,1917
"Cyb5b",36810,4294,32516
"4930517G24Rik",12452,1152,11300
"Rps18-ps3",524,524,0
"Nfat5",86518,14026,72492
"Nqo1",14981,1552,13429
"Nob1",12550,1647,10903
"Wwp2",122230,4723,117507
"Rps26-ps1",436,436,0
"LOC105243277",3243,1245,1998
"Mir140",70,70,0
"Psmd7",8103,1600,6503
"LOC102637811",18901,528,18373
"LOC105246816",44094,735,43359
"LOC105243278",33909,520,33389
"Gm34675",5158,2056,3102
"LOC105243279",20089,5649,14440
"LOC105246817",11905,887,11018
"LOC105243280",11416,4094,7322
"3010033K07Rik",31426,894,30532
"LOC105246818",66629,1568,65061
"LOC105246819",18024,2719,15305
"Zfhx3",257603,17197,240406
"LOC105243281",4270,3362,908
"Gm34723",17893,14707,3186
"Mir3108",79,79,0
"Gm18925",1139,1139,0
"D030068K23Rik",178418,3677,174741
"LOC105243282",104644,7198,97446
"Gm1943",1122,1122,0
"Pmfbp1",164828,5553,159275
"Gm35145",15445,7233,8212
"LOC105243283",26102,368,25734
"Dhx38",17854,4466,13388
"Txnl4b",8066,1796,6270
"Hp",4045,1345,2700
"LOC105243284",1086,753,333
"Dhodh",15458,2350,13108
"Pkd1l3",59533,8651,50882
"Ist1",21974,3675,18299
"Zfp821",19441,2541,16900
"LOC105243285",3456,2271,1185
"Atxn1l",11346,7619,3727
"Gm8970",916,916,0
"Ap1g1",85628,6876,78752
"Snord71",64,64,0
"LOC102638694",8860,596,8264
"Phlpp2",76153,7939,68214
"Marveld3",14297,3205,11092
"Tat",9369,2377,6992
"1700064F23Rik",1002,539,463
"Chst4",10301,2061,8240
"8030455M16Rik",20101,2426,17675
"Zfp612",13062,5726,7336
"Gm21964",10599,1552,9047
"Gm35543",8191,793,7398
"Calb2",25669,1431,24238
"Cmtr2",9143,4436,4707
"LOC105243286",5508,1299,4209
"Gm26832",4729,809,3920
"Hydin",343277,15783,327494
"Gm35676",7765,681,7084
"Gm21283",6991,576,6415
"Vac14",101833,3280,98553
"Mtss1l",20119,5921,14198
"Il34",64122,2220,61902
"Gm15894",1899,502,1397
"LOC105243287",20447,1202,19245
"Gm15895",5764,4342,1422
"Sf3b3",36313,4329,31984
"Snord111",64,64,0
"Cog4",35560,2908,32652
"Fuk",20033,3972,16061
"St3gal2",52665,4998,47667
"LOC105243288",5698,3481,2217
"Ddx19a",23268,3071,20197
"Ddx19b",28566,6750,21816
"Mir3473d",81,81,0
"Aars",27792,4474,23318
"Exosc6",1326,1326,0
"LOC102639870",6569,2956,3613
"Clec18a",22931,3012,19919
"Pdpr",45181,7685,37496
"9430091E24Rik",18055,2671,15384
"Glg1",101655,3880,97775
"Rfwd3",29317,6343,22974
"LOC105243289",1288,1288,0
"Mlkl",26769,2499,24270
"Fa2h",48684,2492,46192
"Wdr59",73327,5245,68082
"Mir1957b",123,123,0
"Gm36326",5430,1918,3512
"Znrf1",89391,6017,83374
"Ldhd",4052,2221,1831
"Zfp1",27666,2028,25638
"Ctrb1",4501,887,3614
"Mir7076",74,74,0
"Bcar1",33376,3378,29998
"LOC105243290",5887,1247,4640
"Cfdp1",85838,1215,84623
"Tmem170",13826,3991,9835
"Chst5",21065,1935,19130
"Tmem231",21801,3245,18556
"Gm36531",14977,745,14232
"LOC105246820",1047,880,167
"Gabarapl2",12213,980,11233
"Adat1",25411,3175,22236
"Kars",17916,2340,15576
"Terf2ip",9170,3599,5571
"Gm6793",1604,1604,0
"Gm9564",2419,802,1617
"Gm36671",2109,380,1729
"Gm3635",733,733,0
"LOC105243291",3308,902,2406
"LOC105243292",3385,375,3010
"Gm26994",15330,9740,5590
"Cntnap4",312743,4974,307769
"LOC105243293",26966,6302,20664
"Gm10280",26073,2006,24067
"Gm29896",5377,609,4768
"Gm29955",53801,270,53531
"4930571O06Rik",33527,418,33109
"Gm18395",2092,2092,0
"Mon1b",9607,5170,4437
"Syce1l",12321,901,11420
"Gm30052",8533,913,7620
"Adamts18",157928,11191,146737
"Gm30107",70483,911,69572
"Nudt7",21166,5704,15462
"Gm30272",16109,922,15187
"Vat1l",168493,3820,164673
"4933408N05Rik",10318,1582,8736
"Clec3a",10100,2930,7170
"Gm30330",12790,283,12507
"Wwox",913083,7306,905777
"Gm16116",12492,7120,5372
"Gm30554",8463,5841,2622
"Gm16118",13083,8950,4133
"LOC105243295",6132,2314,3818
"LOC105243294",2893,2415,478
"Maf",3642,3642,0
"Gm30712",14133,2722,11411
"Gm30925",11746,995,10751
"Gm31037",13241,314,12927
"Gm31106",6614,463,6151
"Gm31164",2396,655,1741
"Gm31225",1531,817,714
"Gm31278",108921,1591,107330
"Gm5357",2173,2173,0
"Gm9058",875,875,0
"Dynlrb2",10901,515,10386
"LOC105243297",1517,478,1039
"Cdyl2",164268,8087,156181
"Gm31367",4603,315,4288
"4930563M20Rik",19701,558,19143
"LOC105246821",11214,2262,8952
"LOC105243298",15719,3847,11872
"Cmc2",55525,1832,53693
"Cenpn",19904,2327,17577
"Atmin",17060,4884,12176
"1700030J22Rik",9408,3112,6296
"Gcsh",11622,1337,10285
"Pkd1l2",87271,7895,79376
"Gm31519",2521,397,2124
"Gm15395",10827,876,9951
"Bco1",37870,4241,33629
"Gan",47052,2652,44400
"Cmip",204488,5129,199359
"LOC105243299",5328,4979,349
"Mir7077",57,57,0
"Mir7078",64,64,0
"Plcg2",136852,4314,132538
"Sdr42e1",12320,3083,9237
"LOC105243300",4846,3212,1634
"LOC330850",8459,5841,2618
"Hsd17b2",58049,1497,56552
"Gm31774",5961,1294,4667
"LOC105243301",14862,702,14160
"Mphosph6",10292,1069,9223
"LOC105243302",3638,1280,2358
"Cdh13",1292681,4076,1288605
"LOC105243303",75979,24688,51291
"Gm31893",10071,8559,1512
"Hsbp1",4392,1165,3227
"Mlycd",40246,4672,35574
"Gm32006",18053,8562,9491
"Osgin1",12108,2276,9832
"Necab2",25922,2063,23859
"Slc38a8",22135,3912,18223
"Mbtps1",50675,4732,45943
"Hsdl1",13223,3771,9452
"Dnaaf1",23220,2821,20399
"Taf1c",7267,3618,3649
"Rps13-ps4",529,529,0
"Adad2",4217,2002,2215
"Kcng4",12500,5941,6559
"Gm32352",12532,2387,10145
"Wfdc1",21862,1375,20487
"Atp2c2",57710,3223,54487
"Tldc1",18354,3312,15042
"Cotl1",31366,1639,29727
"Klhl36",14759,2216,12543
"Usp10",46928,4043,42885
"Crispld2",60351,4301,56050
"Zdhhc7",20382,3143,17239
"6430548M08Rik",51156,6365,44791
"Fam92b",11090,1441,9649
"A330074K22Rik",23797,2489,21308
"Gse1",352558,9112,343446
"Gm32968",11350,3781,7569
"LOC105243304",3048,686,2362
"Gm32911",4679,4433,246
"Gm32855",2213,2025,188
"Mir7687",59,59,0
"Gins2",7810,1038,6772
"Gm10614",8380,2218,6162
"1190005I06Rik",25781,734,25047
"Gm33075",3948,577,3371
"Emc8",14199,4933,9266
"Cox4i1",5985,764,5221
"LOC105243305",15128,591,14537
"Gm18709",801,603,198
"Irf8",20337,3435,16902
"LOC105243306",2755,744,2011
"Gm33199",8394,3453,4941
"LOC105243307",16237,1806,14431
"Gm33368",5608,3933,1675
"Gm26878",1819,1187,632
"Gm33471",2690,651,2039
"Gm33521",8347,590,7757
"Gm33579",7105,1820,5285
"Fendrr",28229,3323,24906
"Foxf1",3769,2425,1344
"Mthfsd",10855,3033,7822
"Foxc2",2725,2725,0
"Foxl1",2960,2960,0
"Gm33633",1448,943,505
"LOC105246822",11080,4358,6722
"5033426O07Rik",3421,1122,2299
"Gm33739",7186,1127,6059
"Gm33823",2934,1937,997
"Gm26747",11286,2614,8672
"1700018B08Rik",13576,2769,10807
"1700030M09Rik",3265,964,2301
"Fbxo31",29421,4499,24922
"Gm17786",430,430,0
"Map1lc3b",7580,1712,5868
"Zcchc14",54065,7310,46755
"Gm34089",744,704,40
"Jph3",60525,3903,56622
"Klhdc4",33270,2689,30581
"LOC105246823",3146,1447,1699
"LOC105246824",761,253,508
"Gm34168",29404,7479,21925
"Slc7a5",26541,3513,23028
"LOC105246825",1155,1108,47
"BC048644",10596,2260,8336
"Car5a",28778,1248,27530
"Banp",78769,5522,73247
"LOC105246826",1929,1887,42
"Gm17709",1093,1093,0
"Mir7237",63,63,0
"Gm22",229526,18503,211023
"Gm34413",5283,841,4442
"LOC105243310",4160,887,3273
"LOC105243311",30517,25301,5216
"Zfpm1",55722,4001,51721
"Trhr2",6846,3085,3761
"LOC105243312",11375,238,11137
"Zc3h18",40747,4656,36091
"Il17c",1555,654,901
"Cyba",8195,784,7411
"Mvd",9827,1864,7963
"9330133O14Rik",2821,2821,0
"Gm20735",6055,627,5428
"Snai3",6724,1826,4898
"Rnf166",9920,1997,7923
"LOC105246827",4452,4295,157
"Ctu2",6956,3109,3847
"Piezo1",69960,9338,60622
"Gm34847",3261,1367,1894
"Cdt1",5116,2191,2925
"Aprt",2271,866,1405
"Galns",33267,3228,30039
"Gm34962",1614,694,920
"Trappc2l",3966,610,3356
"Pabpn1l",3265,1144,2121
"Mir6396",111,111,0
"Cbfa2t3",74504,9077,65427
"C230057M02Rik",27707,6122,21585
"A530010L16Rik",2841,2688,153
"LOC105243314",5047,2721,2326
"Acsf3",42390,2465,39925
"Gm35466",12089,6215,5874
"Gm16378",671,671,0
"Cdh15",19024,2843,16181
"LOC105243316",33737,3925,29812
"Gm35622",1920,1879,41
"Ankrd11",158463,8816,149647
"Gm35564",3598,3480,118
"LOC105243315",17546,14627,2919
"2810013P06Rik",2028,2028,0
"Gm35677",1755,1631,124
"Spg7",32244,2558,29686
"Rpl13",2895,780,2115
"Snord68",48,48,0
"Mir7079",69,69,0
"Cpne7",17871,2487,15384
"Mir7080",67,67,0
"Sult5a1",16072,1605,14467
"LOC105246828",2019,848,1171
"Dpep1",15578,2243,13335
"Chmp1a",8528,2171,6357
"Rps12-ps9",506,506,0
"Spata33",9230,3336,5894
"Cdk10",7417,3493,3924
"Spata2l",3991,2561,1430
"4933417D19Rik",7269,1229,6040
"Vps9d1",11862,3256,8606
"Zfp276",16357,5314,11043
"Fanca",50408,4816,45592
"LOC105243317",9777,388,9389
"Gm35738",6099,470,5629
"Spire2",36806,2508,34298
"Tcf25",30540,3973,26567
"Mc1r",3663,3663,0
"Tubb3",10447,1723,8724
"Def8",20944,5036,15908
"LOC105243318",653,443,210
"Afg3l1",26055,4270,21785
"Dbndd1",13324,3750,9574
"Gas8",17823,1771,16052
"n-R5s100",121,121,0
"n-R5s103",121,121,0
"n-R5s104",121,121,0
"n-R5s105",121,121,0
"n-R5s108",121,121,0
"n-R5s110",121,121,0
"n-R5s111",121,121,0
"n-R5s113",121,121,0
"Gm25018",121,121,0
"n-R5s117",121,121,0
"n-R5s121",121,121,0
"n-R5s122",121,121,0
"n-R5s123",121,121,0
"n-R5s124",121,121,0
"n-R5s128",121,121,0
"Gm26391",121,121,0
"n-R5s133",121,121,0
"n-R5s134",121,121,0
"Rn5s",121,121,0
"n-R5s136",121,121,0
"Rn5s-ps1",111,111,0
"n-R5s138",121,121,0
"n-R5s139",121,121,0
"Gm22109",121,121,0
"n-R5s141",121,121,0
"n-R5s142",121,121,0
"n-R5s143",121,121,0
"n-R5s144",121,121,0
"Gm25212",121,121,0
"n-R5s146",121,121,0
"Gm22291",121,121,0
"Gm23284",121,121,0
"n-R5s149",121,121,0
"Gm19600",13596,2333,11263
"Gm35930",3544,1846,1698
"Gm35874",1760,958,802
"Rhou",9952,3367,6585
"LOC105243320",3727,3695,32
"Gm35995",1807,650,1157
"LOC105243321",2949,309,2640
"Gm36059",2216,1138,1078
"LOC105243322",1247,593,654
"6030466F02Rik",5984,1434,4550
"4732419C18Rik",9843,4598,5245
"Gm36188",17310,4773,12537
"Rab4a",29445,1561,27884
"LOC105243323",4613,658,3955
"Ccsap",20237,3620,16617
"Gm4342",446,446,0
"Gm9901",947,712,235
"Gm36896",1757,417,1340
"Acta1",3018,1571,1447
"Gm29773",3591,1138,2453
"Nup133",52143,5980,46163
"LOC105246829",2218,1019,1199
"Abcb10",30664,4485,26179
"Taf5l",25000,3126,21874
"Gm17827",800,800,0
"Urb2",27064,6153,20911
"Mir1967",82,82,0
"Gm29897",24133,3828,20305
"Gm30005",12751,2180,10571
"Gm30081",15089,5768,9321
"Gm3889",2983,919,2064
"LOC105246830",9755,3927,5828
"Galnt2",114329,4110,110219
"Pgbd5",65414,3350,62064
"C330016L05Rik",14727,3645,11082
"Gm30209",7528,210,7318
"LOC105243327",4070,580,3490
"Cog2",31242,2872,28370
"Agt",13121,1839,11282
"Capn9",42670,2463,40207
"2310022B05Rik",27614,3307,24307
"Ttc13",50687,5762,44925
"Gm30273",2222,2202,20
"LOC105246831",1076,1033,43
"Arv1",18511,8033,10478
"Fam89a",11553,1315,10238
"Gm9172",1010,1010,0
"Trim67",41686,9605,32081
"2810004N23Rik",23675,1382,22293
"Gnpat",27025,2984,24041
"Exoc8",7407,7407,0
"Sprtn",8394,5055,3339
"Egln1",40734,3590,37144
"LOC105243328",1664,1394,270
"Tsnax",21196,2391,18805
"Disc1",213675,8975,204700
"LOC102632636",5362,4814,548
"Gm30713",3365,1613,1752
"Sipa1l2",151801,6758,145043
"4930567H12Rik",32033,955,31078
"Gm30871",9415,3965,5450
"Map10",3548,3548,0
"LOC105243329",4559,447,4112
"LOC105243330",10950,2681,8269
"Ntpcr",18260,3090,15170
"Pcnxl2",146814,7464,139350
"LOC105243332",870,746,124
"LOC105243331",17850,5271,12579
"LOC102632990",7854,1165,6689
"BC021891",36991,5693,31298
"Gm31069",1088,528,560
"LOC105246832",4249,3897,352
"Kcnk1",35584,2303,33281
"Slc35f3",258387,6769,251618
"Gm31165",11270,1684,9586
"Gm9168",909,909,0
"Coa6",2935,763,2172
"Gm17296",49800,10277,39523
"Gm6091",1238,1238,0
"LOC105243334",4815,1880,2935
"Irf2bp2",5141,4530,611
"Gm31546",1904,1692,212
"Gm31603",1811,650,1161
"Gm31718",103809,6645,97164
"A630001O12Rik",3356,3226,130
"Tomm20",15258,4986,10272
"LOC105243335",4214,2080,2134
"Rbm34",23955,3566,20389
"Gm29688",1454,380,1074
"LOC102641752",688,688,0
"Gm5358",592,592,0
"Pard3",548231,8554,539677
"LOC102634904",20278,12387,7891
"Gm6921",3317,3317,0
"Gm32478",9306,1789,7517
"Gm32532",13743,938,12805
"Gm32590",4674,559,4115
"LOC105243337",153001,1360,151641
"Mir21c",78,78,0
"Nrp1",147192,6631,140561
"Mir1903",80,80,0
"Gm32643",39966,8385,31581
"Gm9204",1217,1217,0
"Itgb1",48296,4564,43732
"LOC105242417",163777,8604,155173
"Ccdc7",104170,2497,101673
"1700008F21Rik",116669,1816,114853
"2610044O15Rik8",17693,1776,15917
"Gm21399",1415,1415,0
"Gm32856",15877,2564,13313
"Mir101c",75,75,0
"Gm32390",20307,1864,18443
"Gm7344",1478,1478,0
"4930433N12Rik",9545,1382,8163
"Gm31138",15524,1893,13631
"Olfr369-ps1",3024,3024,0
"Alkbh8",52083,4361,47722
"Cwf19l2",75645,4487,71158
"Gm5362",3093,3093,0
"LOC105244989",3684,1293,2391
"Gucy1a2",373443,13815,359628
"LOC102633425",77573,1571,76002
"Aasdhppt",14717,2885,11832
"Kbtbd3",22087,3466,18621
"Msantd4",10478,2971,7507
"Gria4",378355,6396,371959
"LOC105244990",55148,437,54711
"Gm7390",1580,1580,0
"LOC105244991",28065,410,27655
"Gm31429",9869,433,9436
"Gm31492",12137,689,11448
"Casp1",8765,1513,7252
"Casp4",27967,1467,26500
"Casp12",27593,2639,24954
"Gm6015",3818,3818,0
"Gm7425",691,691,0
"Gm9662",4610,4610,0
"Pdgfd",367653,4181,363472
"Gm31553",8336,1090,7246
"Ddi1",1520,1520,0
"Gm21089",349,349,0
"Dync2h1",248729,14178,234551
"Dcun1d5",24022,2907,21115
"Gm31639",16015,3215,12800
"Mmp13",10820,2675,8145
"Mmp12",16065,3706,12359
"Mmp1b",20387,2038,18349
"Mmp3",10154,1801,8353
"Mmp1a",12729,2024,10705
"Mmp10",7901,1734,6167
"Mmp8",10058,2453,7605
"Gm31751",64124,530,63594
"Mmp27",10490,2522,7968
"Mmp20",46738,3276,43462
"AV064505",26203,522,25681
"Gm19212",850,850,0
"Mmp7",7306,878,6428
"Gm7469",1727,1727,0
"Gm10709",647,647,0
"Tmem123",30257,2871,27386
"Gm31868",1570,1112,458
"Mir5618",51,51,0
"Birc2",18908,3703,15205
"Birc3",24515,5653,18862
"Yap1",72598,4189,68409
"9230110C19Rik",21223,1704,19519
"AK129341",57835,9635,48200
"Gm19324",38572,38572,0
"Gm7495",488,488,0
"1700128F08Rik",20099,1110,18989
"Mir1899",96,96,0
"Trpc6",136821,5245,131576
"Gm32014",96911,4163,92748
"Pgr",73876,12667,61209
"Arhgap42",244834,6279,238555
"Gm16833",24598,674,23924
"Cntn5",1322111,11869,1310242
"Mir6237",91,91,0
"LOC105243340",12216,682,11534
"LOC105243478",5620,855,4765
"Gm7529",12308,5096,7212
"Gm32710",4065,1209,2856
"Gm18488",939,939,0
"Gm18934",1282,1282,0
"Gm18160",709,709,0
"Gm29785",40089,392,39697
"Gm7570",695,695,0
"Gm21070",985,985,0
"4930568E12Rik",14589,781,13808
"Jrkl",2952,2952,0
"Ccdc82",45375,4642,40733
"Maml2",411576,5056,406520
"Phxr4",1391,1391,0
"LOC105243341",5297,5297,0
"Gm33855",15540,7175,8365
"LOC105243343",11824,695,11129
"Mtmr2",60665,5647,55018
"Cep57",19768,3291,16477
"Fam76b",26986,3939,23047
"Gm7588",590,590,0
"1700019J19Rik",20459,2341,18118
"LOC105243344",6377,777,5600
"Gm34069",4129,3092,1037
"Sesn3",49834,2158,47676
"Endod1",27253,4470,22783
"Gm34156",7124,6405,719
"Kdm4dl",999,999,0
"Kdm4d",37975,3026,34949
"Cwc15",10015,1165,8850
"Amotl1",120995,9740,111255
"Gm34263",2848,1401,1447
"Gm7607",2081,521,1560
"LOC102637863",1329,1329,0
"Gm18997",816,816,0
"Piwil4",38984,4059,34925
"Gm10706",14484,2054,12430
"Gm34651",7454,2023,5431
"Gm15586",530,530,0
"Fut4",3664,3664,0
"1700012B09Rik",14446,821,13625
"Ankrd49",4820,2542,2278
"Mre11a",52456,5888,46568
"Mif-ps6",526,526,0
"Gpr83",10987,4053,6934
"Izumo1r",18138,2092,16046
"Gm18789",550,550,0
"Panx1",43390,5740,37650
"Hephl1",60268,5261,55007
"Gm33698",4396,819,3577
"LOC105243345",6441,337,6104
"Vstm5",20503,2538,17965
"Med17",19598,3981,15617
"4931406C07Rik",23112,3062,20050
"Taf1d",10796,2880,7916
"Gm25500",59,59,0
"Cep295",40907,7914,32993
"Scarna9",42,42,0
"Gm34973",20134,2294,17840
"Gm2517",1003,1003,0
"LOC105243346",19932,2715,17217
"Smco4",76821,2171,74650
"Gm35176",4625,2641,1984
"Gm35056",9107,6153,2954
"Ccdc67",68475,4019,64456
"LOC105243347",788,673,115
"4930540M03Rik",21364,433,20931
"Gm7642",1821,1821,0
"Gm35225",6354,433,5921
"Gm5119",631,631,0
"Slc36a4",32620,5836,26784
"Mtnr1b",11943,1244,10699
"Fat3",592691,26218,566473
"Gm5611",1231,1231,0
"LOC105243349",175390,256,175134
"Gm2594",742,477,265
"Gm4977",1637,1637,0
"Gm2815",529,529,0
"Gm7680",1361,1361,0
"Gm7692",1554,1554,0
"Chordc1",21768,2302,19466
"Gm19178",1860,1860,0
"Naalad2",75585,4257,71328
"Gm19174",2319,2319,0
"Ubtfl1",7085,2757,4328
"Gm5612",1542,1542,0
"Mbd3l2",15702,2155,13547
"Zfp558",24744,4869,19875
"Mbd3l1",6969,899,6070
"Muc16",179377,26897,152480
"Gm21044",2217,2217,0
"LOC105243350",44869,603,44266
"Olfr24",942,942,0
"Olfr828",939,939,0
"Olfr829",2531,987,1544
"Olfr830",1317,981,336
"Olfr831-ps1",1042,1042,0
"Olfr832",939,939,0
"Olfr833-ps1",910,910,0
"Olfr834",939,939,0
"Olfr835",936,936,0
"Olfr836",955,955,0
"Olfr837",1040,1040,0
"Olfr838-ps1",892,892,0
"Olfr839-ps1",954,954,0
"Olfr840-ps1",787,787,0
"Olfr841-ps1",536,536,0
"Olfr842-ps1",355,355,0
"Olfr843",1107,1107,0
"LOC100503048",3013,948,2065
"Olfr845",942,942,0
"Olfr846",942,942,0
"Gm7751",658,658,0
"Olfr847",3729,1112,2617
"Olfr848-ps1",879,879,0
"Olfr849",939,939,0
"Olfr850",948,948,0
"Olfr851",939,939,0
"Olfr852-ps1",241,241,0
"Olfr853",918,918,0
"Olfr854",948,948,0
"Olfr855",992,992,0
"Zfp317",27696,5485,22211
"Olfr857",63998,1768,62230
"Olfr856-ps1",1642,1642,0
"Gm7769",933,933,0
"Olfr858-ps1",927,927,0
"Olfr58",3782,1185,2597
"Olfr859",930,930,0
"Olfr860",4125,1219,2906
"Olfr861-ps1",1064,1064,0
"Olfr862",921,921,0
"Olfr77",5282,2671,2611
"Gm7808",494,494,0
"Olfr863-ps1",968,968,0
"Olfr864-ps1",927,927,0
"Olfr865-ps1",344,344,0
"Olfr866",1077,1077,0
"Olfr867",996,996,0
"Olfr868",3065,1132,1933
"Olfr869",8970,998,7972
"Olfr870",936,936,0
"Olfr871",1147,1147,0
"Olfr872",23752,1124,22628
"Olfr39",4298,1098,3200
"Olfr873",960,960,0
"Olfr18",22203,1156,21047
"Zfp560",40023,4732,35291
"Gm29761",2365,1696,669
"Zfp26",31852,11473,20379
"Zfp426",25375,7510,17865
"Zfp266",26552,7326,19226
"Zfp846",24123,13114,11009
"LOC105243351",6174,2728,3446
"Fbxl12os",9797,2355,7442
"Fbxl12",7019,4664,2355
"Ubl5",3473,2143,1330
"Pin1",14455,3808,10647
"Olfm2",78621,2494,76127
"LOC105243352",7258,5255,2003
"Gm35860",9862,498,9364
"Col5a3",45068,6332,38736
"Rdh8",7660,1450,6210
"LOC105243353",20344,858,19486
"A230050P20Rik",5716,3168,2548
"Angptl6",6009,2427,3582
"Ppan",4005,1671,2334
"Eif3g",4242,1068,3174
"Dnmt1",52684,6326,46358
"Mir7081",75,75,0
"S1pr2",10842,3927,6915
"Mrpl4",6235,1591,4644
"Icam1",12838,2540,10298
"Icam4",1159,907,252
"Icam5",6999,2982,4017
"Mir1900",78,78,0
"Gm26592",2357,594,1763
"Zglp1",4701,1010,3691
"Raver1-fdx1l",24495,2999,21496
"Fdx1l",5995,782,5213
"Raver1",17831,3450,14381
"Mir7082",92,92,0
"Tyk2",27208,5116,22092
"Cdc37",11437,2674,8763
"Gm36118",18177,4216,13961
"Gm35977",7416,1041,6375
"LOC105243354",628,535,93
"Pde4a",47566,7127,40439
"Keap1",9603,4470,5133
"S1pr5",5564,2532,3032
"Atg4d",9553,3170,6383
"Kri1",14513,2598,11915
"Cdkn2d",2944,1456,1488
"Ap1m2",17737,2598,15139
"LOC105243355",2366,261,2105
"Slc44a2",34310,3879,30431
"Gm36198",6886,2866,4020
"Ilf3",37493,5527,31966
"Gm16853",6479,1986,4493
"Qtrt1",8708,2026,6682
"Dnm2",82852,4706,78146
"Mir199a-1",70,70,0
"Tmed1",2808,1488,1320
"AB124611",19166,1956,17210
"Carm1",42574,3708,38866
"LOC105243356",14449,4732,9717
"Yipf2",4150,2177,1973
"1810026J23Rik",3249,3170,79
"Gm7904",1253,1253,0
"LOC105243357",3734,578,3156
"Mir1946b",133,133,0
"Smarca4",88125,7092,81033
"Gm26511",10140,1665,8475
"Ldlr",26344,4534,21810
"Spc24",5011,1574,3437
"Kank2",31774,4853,26921
"Dock6",52540,7428,45112
"LOC105243358",3968,1364,2604
"Mir7083",60,60,0
"Gm6484",1838,865,973
"Rab3d",10707,4059,6648
"Tmem205",6527,1102,5425
"Ccdc159",8786,2096,6690
"Lppr2",12486,3361,9125
"Swsap1",2518,1846,672
"Epor",4680,1831,2849
"Rgl3",18287,2937,15350
"Gm36414",1197,251,946
"Ccdc151",13102,2550,10552
"Prkcsh",11258,2109,9149
"Elavl3",37019,5276,31743
"Zfp653",15911,2171,13740
"Gm16845",15130,1518,13612
"Ecsit",14336,2106,12230
"Gm6581",520,520,0
"Cnn1",10001,2131,7870
"Elof1",1181,1053,128
"Mir7084",70,70,0
"Acp5",9020,2881,6139
"LOC105243359",1776,495,1281
"Pigyl",1510,692,818
"Gm18227",817,817,0
"Rpl15-ps3",698,698,0
"Zfp872",13958,2960,10998
"Gm18228",1091,1091,0
"1810064F22Rik",7075,2302,4773
"Zfp809",28159,2319,25840
"Zfp599",12466,3574,8892
"LOC105243360",2944,793,2151
"LOC105243361",2003,1382,621
"Zfp810",30904,3355,27549
"Gm18225",742,742,0
"Gm10182",1170,1170,0
"Gm6607",559,559,0
"Anln",58483,6716,51767
"9530077C05Rik",56953,4727,52226
"Rp9",20046,1142,18904
"Bbs9",412742,4078,408664
"Gm2976",568,568,0
"Gm16165",780,780,0
"LOC105243363",4936,4857,79
"LOC105243362",14294,2360,11934
"Gm36685",4382,3784,598
"Gm36743",151173,4861,146312
"Bmper",262140,3806,258334
"LOC105243364",5938,420,5518
"Gm3011",622,622,0
"Gm3028",1099,1099,0
"Npsr1",219641,5146,214495
"Dpy19l1",91566,4943,86623
"Dpy19l2",139895,4345,135550
"Cypt4",644,644,0
"Tbx20",53492,6892,46600
"Gm29824",20171,820,19351
"Amd-ps6",1992,1992,0
"LOC105244992",18109,374,17735
"Gm18377",556,556,0
"LOC102631612",24514,1370,23144
"Herpud2",43658,2750,40908
"Gm30066",21641,1423,20218
"Gm8031",623,623,0
"Gm29642",5095,1958,3137
"Sept7",57482,4146,53336
"LOC105243365",5058,5058,0
"Gm18891",2164,2164,0
"Gm8049",1750,1750,0
"Eepd1",122585,3038,119547
"LOC105243366",3152,552,2600
"Gm19113",1828,1828,0
"Gm30313",45912,1306,44606
"LOC102641308",13860,7523,6337
"B3gat1",27560,3882,23678
"Glb1l2",43431,4525,38906
"Glb1l3",44148,2741,41407
"Gm1110",43618,3065,40553
"Gm5120",2411,2411,0
"Acad8",25439,3069,22370
"Thyn1",7676,1336,6340
"Vps26b",25593,6873,18720
"Ncapd3",66407,6932,59475
"Jam3",58038,1970,56068
"Igsf9b",58446,18595,39851
"AI414108",4862,4862,0
"Spata19",4891,839,4052
"Gm30791",3604,601,3003
"Gm18585",556,556,0
"Gm8106",516,516,0
"Gm18656",562,562,0
"LOC105243368",6612,2082,4530
"Opcml",1134459,12362,1122097
"Gm33456",650,650,0
"LOC105243367",34754,3727,31027
"Ntm",968564,5789,962775
"Gm15520",29325,28625,700
"LOC105243370",39189,4006,35183
"LOC105243369",9498,8874,624
"Gm19640",467,467,0
"Gm30933",41416,685,40731
"Snx19",39398,7834,31564
"Rps2-ps12",599,599,0
"Gm31013",59867,847,59020
"Gm31140",7366,566,6800
"Adamts15",23298,6972,16326
"Adamts8",20296,3632,16664
"Gm29724",51287,2982,48305
"Zbtb44",45492,9330,36162
"LOC105244993",13050,11872,1178
"St14",43285,4248,39037
"Gm16071",862,862,0
"Aplp2",62287,3736,58551
"Gm33535",748,748,0
"LOC105243371",3808,3776,32
"Gm7244",20620,2232,18388
"Prdm10",102952,12909,90043
"Gm10910",1059,1059,0
"Nfrkb",35173,5434,29739
"Tmem45b",38043,1677,36366
"Gm8162",662,662,0
"Gm31408",20026,1455,18571
"Gm18226",512,512,0
"Gm18820",888,888,0
"Gm8171",74095,1113,72982
"Barx2",67242,1791,65451
"Gm31497",6559,2732,3827
"Gm3756",1349,1349,0
"Tpi-rs4",1288,1288,0
"Arhgap32",251562,15321,236241
"Gm31669",1140,1140,0
"Kcnj5",29684,4879,24805
"LOC105243373",14266,2374,11892
"Gm31755",41668,2723,38945
"Kcnj1",26780,3271,23509
"Fli1",121224,4236,116988
"Gm31871",12590,1572,11018
"Gm31928",2672,825,1847
"Ets1",121611,5393,116218
"Gm3331",50429,933,49496
"LOC330917",27308,796,26512
"Gm27166",59009,1930,57079
"Gm32171",8057,1139,6918
"Gm21540",1194,1194,0
"Gm32359",25942,675,25267
"7630403G23Rik",16649,1082,15567
"Kirrel3",550464,5367,545097
"Gm33777",17435,1212,16223
"Gm33613",88542,11725,76817
"LOC105243374",25767,25335,432
"Kirrel3os",137030,15678,121352
"St3gal4",70870,7571,63299
"4930581F22Rik",14195,2402,11793
"Dcps",51574,1194,50380
"Tirap",15901,4868,11033
"LOC105243376",3939,1026,2913
"Foxred1",6848,2610,4238
"Srpr",5801,2934,2867
"Fam118b",50848,2114,48734
"Rpusd4",8077,1797,6280
"4933422A05Rik",4319,1356,2963
"Gm5614",404,404,0
"Gm33838",22245,1301,20944
"Gm33974",2412,1509,903
"Cdon",86524,13998,72526
"Ddx25",16623,1675,14948
"Pus3",8804,2312,6492
"Hyls1",9249,1643,7606
"Gm6762",1029,1029,0
"Pate2",124381,3498,120883
"Gm10105",570,570,0
"Pate4",9279,1060,8219
"Gm17365",3090,1329,1761
"Gm17252",2293,389,1904
"Gm17677",1204,351,853
"Gm17727",1586,643,943
"D730048I06Rik",2063,1334,729
"9230110F15Rik",5822,1135,4687
"Gm3428",1336,521,815
"9230113P08Rik",2916,2236,680
"Gm5916",15020,1755,13265
"Gm3434",1344,416,928
"LOC105244994",514,106,408
"Gm7257",3055,519,2536
"Gm9513",6254,562,5692
"Gm5615",9561,2342,7219
"Gm17689",1358,330,1028
"A630095E13Rik",2849,619,2230
"1700027I24Rik",24334,696,23638
"Acrv1",5618,1095,4523
"Chek1",18177,3397,14780
"Stt3a",38330,5861,32469
"Gm26787",14425,907,13518
"Ei24",18241,2291,15950
"Gm27219",19451,1028,18423
"Fez1",56983,2506,54477
"Pknox2",256363,4190,252173
"Gm34652",7260,4846,2414
"Gm3896",5141,4321,820
"Gm34538",41054,26188,14866
"Tmem218",15650,1791,13859
"Slc37a2",26590,4436,22154
"Gm10177",424,424,0
"Ccdc15",82237,14461,67776
"Gm18329",573,573,0
"Gm34885",12233,4327,7906
"Hepacam",18967,3089,15878
"Robo4",12122,4011,8111
"Robo3",17364,6499,10865
"Msantd2",38341,6626,31715
"Esam",10265,2820,7445
"Vsig2",6310,2529,3781
"Nrgn",8253,1293,6960
"Siae",93418,4682,88736
"Spa17",10540,1099,9441
"Tbrg1",8131,1565,6566
"Panx3",9321,2518,6803
"Gm8343",1208,1208,0
"Tpt1-ps5",836,836,0
"Olfr160",933,933,0
"Olfr151",1085,1085,0
"Olfr874",3973,1238,2735
"Olfr875",1004,1004,0
"Olfr876",1048,1048,0
"Olfr877",936,936,0
"Olfr145",933,933,0
"Gm6796",292,292,0
"Olfr878",1065,1065,0
"Olfr879-ps1",864,864,0
"Olfr880-ps1",236,236,0
"Olfr881",948,948,0
"Olfr882-ps1",832,832,0
"Olfr883",930,930,0
"Olfr884",1578,1180,398
"Olfr885",930,930,0
"Olfr886-ps1",657,657,0
"Olfr887",930,930,0
"Olfr888",1505,1181,324
"Olfr889",930,930,0
"Olfr890",945,945,0
"Olfr891",951,951,0
"Gm17798",1254,1254,0
"Olfr892-ps1",857,857,0
"Olfr893",942,942,0
"Olfr894",949,949,0
"Olfr143",942,942,0
"Olfr895",1753,1426,327
"Olfr896-ps1",924,924,0
"Olfr897-ps1",944,944,0
"Olfr25",1068,1068,0
"Olfr898",951,951,0
"Olfr250",996,996,0
"Olfr251",951,951,0
"Olfr147",2119,1175,944
"Olfr901",1765,1176,589
"Olfr902",1056,1056,0
"Olfr1543-ps1",1080,1080,0
"Olfr904",933,933,0
"Olfr905",933,933,0
"Olfr906",936,936,0
"Olfr907",3803,1235,2568
"Olfr908",932,932,0
"Olfr911-ps1",940,940,0
"Olfr910",1948,972,976
"Olfr912",1968,995,973
"Olfr913",2359,1275,1084
"Olfr914",2289,1360,929
"Olfr915",933,933,0
"Olfr916",2418,1279,1139
"Olfr917",930,930,0
"Olfr918",978,978,0
"Gm5010",597,597,0
"Olfr919",948,948,0
"Vwa5a",25070,4157,20913
"Olfr920",4068,1960,2108
"Olfr921",3267,1520,1747
"Gm19709",8299,572,7727
"Olfr922",1132,1132,0
"Olfr923",1068,1068,0
"Olfr924",927,927,0
"Olfr26",931,931,0
"Olfr925-ps1",830,830,0
"Olfr926",927,927,0
"Olfr927-ps1",782,782,0
"Olfr928-ps1",243,243,0
"Olfr929-ps1",907,907,0
"Olfr930",927,927,0
"Gm20953",2614,2614,0
"Olfr931-ps1",567,567,0
"Olfr1545-ps1",692,692,0
"Olfr932-ps1",270,270,0
"Olfr933",4292,1218,3074
"Olfr934",933,933,0
"Olfr935",927,927,0
"Olfr146",4759,1134,3625
"Olfr936",936,936,0
"Olfr937",1501,970,531
"Gm8543",1634,1634,0
"Olfr938",948,948,0
"Olfr939-ps1",357,357,0
"Olfr940-ps1",455,455,0
"Olfr941-ps1",941,941,0
"Olfr27",16906,1041,15865
"Olfr942-ps1",1002,1002,0
"Olfr943",18815,1079,17736
"Olfr944",936,936,0
"Olfr1537",945,945,0
"Olfr945",960,960,0
"Olfr946-ps1",945,945,0
"Olfr947-ps1",11558,2177,9381
"Olfr948",966,966,0
"Gm21041",1149,1149,0
"Olfr949-ps1",929,929,0
"Olfr950-ps1",950,950,0
"Olfr951",945,945,0
"Olfr952",945,945,0
"Olfr953-ps1",956,956,0
"Olfr954",945,945,0
"Olfr955",945,945,0
"Olfr956-ps1",829,829,0
"Olfr44",9902,1274,8628
"Olfr957",936,936,0
"Olfr958",939,939,0
"Olfr959",936,936,0
"AW551984",17379,4832,12547
"Olfr148",933,933,0
"Olfr960",951,951,0
"Olfr961",945,945,0
"Olfr962-ps1",778,778,0
"Olfr963",936,936,0
"Olfr964-ps1",914,914,0
"Olfr149",936,936,0
"Olfr965",939,939,0
"Olfr966-ps1",826,826,0
"Olfr150",939,939,0
"Olfr967",933,933,0
"Olfr968",1027,1027,0
"Olfr969",5593,1499,4094
"Olfr970",936,936,0
"Olfr971",924,924,0
"Olfr972",945,945,0
"Olfr229",924,924,0
"Olfr974",933,933,0
"Olfr975",933,933,0
"Olfr976",6788,3032,3756
"Olfr977-ps1",943,943,0
"Olfr978",936,936,0
"Olfr979",1045,1045,0
"Olfr980",1036,1036,0
"Olfr981",933,933,0
"Gm18892",884,884,0
"1700001J11Rik",2468,2468,0
"Olfr982",966,966,0
"Olfr983",1542,1050,492
"Olfr984",55486,2608,52878
"Olfr985",1116,1116,0
"Gm35123",7555,192,7363
"Tmem225",2802,1036,1766
"Gm4893",685,685,0
"Olfr986",1016,1016,0
"Zfp202",22436,5042,17394
"Scn3b",22432,4270,18162
"Gramd1b",238267,12511,225756
"1700110K17Rik",9866,708,9158
"Gm5055",583,583,0
"Gm35177",14092,681,13411
"LOC105244995",4229,706,3523
"Gm35259",8942,2344,6598
"LOC105243378",3011,515,2496
"Gm35371",2015,299,1716
"Clmp",99590,4632,94958
"LOC102642644",4438,556,3882
"Gm16096",3858,3613,245
"Hspa8",3927,2104,1823
"Snord14c",87,87,0
"Snord14d",87,87,0
"Snord14e",91,91,0
"Bsx",7109,3491,3618
"4931429I11Rik",72016,6215,65801
"Gm18586",518,518,0
"Crtam",31831,1939,29892
"Ubash3b",150933,7389,143544
"Gm35657",26246,5010,21236
"Gm6885",776,776,0
"1700063D05Rik",11473,709,10764
"3110039I08Rik",55519,728,54791
"LOC102639429",100364,9183,91181
"Mir100",80,80,0
"Mirlet7a-2",96,96,0
"LOC105244997",6751,5816,935
"LOC105244996",8308,4036,4272
"2610203C20Rik",11149,2578,8571
"Mir125b-1",77,77,0
"LOC105243384",12903,2603,10300
"Gm8707",1190,1190,0
"Gm35835",82245,14971,67274
"6720432D03Rik",2525,939,1586
"Gm35940",29965,3956,26009
"Gm36032",24138,1318,22820
"Gm36119",1797,607,1190
"LOC105244998",3923,241,3682
"Gm36170",1817,262,1555
"LOC105244999",5379,3628,1751
"Gm36227",7365,3805,3560
"Sorl1",155801,6938,148863
"LOC102640140",5121,4240,881
"LOC105243385",3303,1165,2138
"4930546K05Rik",26994,3539,23455
"Gm36390",3343,545,2798
"LOC105245000",12961,1577,11384
"Sc5d",12709,4964,7745
"Gm36435",5057,1120,3937
"Tecta",73558,8480,65078
"Tbcel",59960,6322,53638
"Gm16322",49685,7457,42228
"Grik4",424725,5683,419042
"Gm36590",10172,5011,5161
"Gm36648",4269,3894,375
"Arhgef12",141877,10487,131390
"Gm5831",1551,1551,0
"LOC102643069",3174,3109,65
"Tmem136",8065,4593,3472
"Pou2f3",81829,2848,78981
"Rpl26-ps6",513,513,0
"Oaf",18539,2388,16151
"D630033O11Rik",36538,3976,32562
"Trim29",25411,2980,22431
"Gm36799",20814,1667,19147
"Gm36855",14467,3391,11076
"Gm29909",12699,1091,11608
"Gm29961",3158,773,2385
"Gm5364",1186,1186,0
"Gm30015",20259,1283,18976
"LOC102631930",7744,2903,4841
"Pvrl1",62886,5061,57825
"Gm3898",18625,2387,16238
"LOC105243387",1160,584,576
"LOC105243389",21738,2930,18808
"Gm30373",13205,8361,4844
"LOC105243388",30005,4897,25108
"Thy1",5196,1735,3461
"LOC105243390",18494,2406,16088
"Usp2",28607,6271,22336
"LOC102632388",4006,1799,2207
"C1qtnf5",7418,4275,3143
"Mfrp",7418,4275,3143
"Rnf26",2271,2271,0
"Gm10687",9228,161,9067
"Mcam",8144,3142,5002
"Cbl",89007,9305,79702
"Ccdc153",6652,1145,5507
"Pdzd3",4153,2181,1972
"Nlrx1",15887,3980,11907
"Abcg4",15915,4494,11421
"Hinfp",13268,6470,6798
"C2cd2l",11088,4379,6709
"Dpagt1",7590,2402,5188
"H2afx",1363,1363,0
"Hmbs",7881,1757,6124
"Vps11",13795,4151,9644
"LOC105245001",687,273,414
"Gm10080",646,646,0
"Hyou1",12880,4774,8106
"Slc37a4",6112,2734,3378
"Mir7085",66,66,0
"Trappc4",3805,1404,2401
"Rps25",2693,684,2009
"Ccdc84",7926,1480,6446
"Foxr1",6635,1666,4969
"Upk2",2053,874,1179
"Gm9830",1370,1370,0
"LOC105245006",4215,2092,2123
"Bcl9l",28789,8235,20554
"Cxcr5",50341,3096,47245
"Ddx6",38016,8185,29831
"Gm30671",1144,1144,0
"Gm3953",789,789,0
"Treh",13073,2177,10896
"Phldb1",49844,9122,40722
"Arcn1",25666,3456,22210
"Ift46",19777,4433,15344
"Tmem25",5502,2894,2608
"Ttc36",3552,764,2788
"Kmt2a",78005,16821,61184
"Gm30816",9273,8410,863
"LOC105243391",4173,1772,2401
"Gm30883",4382,570,3812
"Atp5l",7495,513,6982
"Gm30934",518,408,110
"Ube4a",42474,6428,36046
"Gm19121",1036,1036,0
"Cd3g",10860,1023,9837
"Cd3d",5284,1512,3772
"Cd3e",10928,1516,9412
"Mpzl2",13753,3785,9968
"Mpzl3",19862,1035,18827
"Amica1",29370,4359,25011
"Gm10684",28431,2203,26228
"Scn2b",12195,5417,6778
"Scn4b",15020,4244,10776
"LOC105243393",4663,1886,2777
"Tmprss4",31350,2267,29083
"BC049352",69863,9073,60790
"Il10ra",15415,3600,11815
"Mir7086",65,65,0
"1700003G13Rik",3814,705,3109
"Tmprss13",28511,3671,24840
"Fxyd6",25975,1792,24183
"Fxyd2",10570,1017,9553
"4833428L15Rik",14607,1259,13348
"Dscaml1",324219,7683,316536
"LOC105243394",18920,8510,10410
"Cep164",61741,7870,53871
"Gm7286",1222,1222,0
"Bace1",23956,4275,19681
"Rnf214",43375,4896,38479
"Pcsk7",23158,4264,18894
"Tagln",6431,1586,4845
"Sidt2",17393,4521,12872
"Mir7087",70,70,0
"A830035O19Rik",1271,1271,0
"Pafah1b2",47375,4874,42501
"Sik3",211375,6287,205088
"Gm18915",921,921,0
"Apoa1",1840,988,852
"Apoc3",2587,746,1841
"Apoa4",2615,1666,949
"Apoa5",3312,2494,818
"Zpr1",9580,2984,6596
"Bud13",15772,2208,13564
"4931429L15Rik",19074,2379,16695
"LOC105243395",11592,860,10732
"LOC102633321",4150,2018,2132
"Gm31374",2353,311,2042
"Gm31432",157810,5449,152361
"Gm31557",67184,4621,62563
"Gm8863",1087,1087,0
"Gm31614",5589,2122,3467
"LOC105243396",2045,1213,832
"2900052N01Rik",13764,2585,11179
"LOC105243397",1592,526,1066
"Gm4791",5120,1021,4099
"Gm31698",64629,1047,63582
"Gm31756",9063,1403,7660
"LOC105243398",4190,3835,355
"Gm31816",110814,909,109905
"Cadm1",323147,4554,318593
"LOC105245002",22452,9839,12613
"Gm10677",19049,2102,16947
"Gm32016",8572,465,8107
"LOC105245003",26001,3991,22010
"Nxpe4",238025,4088,233937
"LOC105243400",23631,9766,13865
"Nxpe2",35451,4265,31186
"Gm32131",1616,588,1028
"Nxpe1-ps",11895,11895,0
"Gm5616",1256,1256,0
"LOC105243403",12760,3069,9691
"Gm8884",384,384,0
"LOC105243402",1755,1144,611
"Rexo2",12203,1566,10637
"Rbm7",6645,1930,4715
"Gm5617",633,633,0
"Nnmt",69635,3251,66384
"Zbtb16",184585,7942,176643
"Gm32280",11277,8300,2977
"Gm32335",10038,3147,6891
"Htr3a",11939,2135,9804
"Htr3b",29983,2411,27572
"Usp28",57187,5525,51662
"Cldn21-ps",592,592,0
"Zw10",23195,2914,20281
"Tmprss5",37153,3767,33386
"Gm4894",30064,2294,27770
"Drd2",67747,2743,65004
"Ankk1",14837,5946,8891
"Ttc12",49266,3714,45552
"Ncam1",297294,10266,287028
"Gm11149",49738,1275,48463
"Gm8907",1221,1221,0
"Gm4042",627,627,0
"2310003N18Rik",996,794,202
"LOC105245004",7786,603,7183
"LOC105243405",3547,490,3057
"Rpl10-ps3",759,759,0
"LOC102641836",1550,1280,270
"Gm32462",13937,1709,12228
"Gm9557",1482,1482,0
"Plet1os",16007,1119,14888
"Plet1",11115,1846,9269
"Pts",7025,1036,5989
"Bco2",22134,2554,19580
"Il18",27137,1858,25279
"Tex12",4121,617,3504
"Sdhd",7510,1285,6225
"Timm8b",1420,527,893
"AU019823",12350,4011,8339
"Pih1d2",7680,1472,6208
"Dlat",25148,4035,21113
"LOC102635122",1513,1238,275
"Dixdc1",74986,7737,67249
"LOC105243406",19784,1030,18754
"2310030G06Rik",6831,1242,5589
"Hspb2",1283,840,443
"Cryab",5312,1412,3900
"1110032A03Rik",6153,3025,3128
"Fdxacb1",4433,1978,2455
"LOC102635198",2999,240,2759
"Alg9",68759,4428,64331
"Ppp2r1b",42699,6927,35772
"Sik2",119430,7401,112029
"Gm32681",22813,2155,20658
"Layn",20430,1901,18529
"4833427G06Rik",20766,775,19991
"Btg4",17436,3565,13871
"Mir34c",77,77,0
"Mir34b",84,84,0
"Gm32742",39070,5276,33794
"Pou2af1",26390,2566,23824
"Gm684",9472,3597,5875
"LOC102635638",3660,494,3166
"Gm32819",21226,4932,16294
"1810046K07Rik",39239,1463,37776
"LOC105243408",57804,914,56890
"Gm7293",1227,1227,0
"Gm8959",686,686,0
"LOC105245005",11534,329,11205
"Arhgap20",88770,11655,77115
"Arhgap20os",36393,1484,34909
"4933407I05Rik",12575,796,11779
"Gm6980",14357,1543,12814
"Fdx1",20580,3441,17139
"Gm6981",46645,1466,45179
"Rdx",41589,4842,36747
"Gm33614",2200,631,1569
"Zc3h12c",59572,9858,49714
"Mir6244",117,117,0
"Gm29692",12131,588,11543
"Gm33125",4806,940,3866
"Gm33210",44618,3178,41440
"AI593442",7033,6289,744
"Gm1715",118910,1016,117894
"Gm33256",4567,415,4152
"LOC105243409",16492,637,15855
"Ddx10",149717,6774,142943
"Exph5",79648,9673,69975
"Kdelc2",18042,3897,14145
"Mir130c",82,82,0
"4930550C14Rik",36379,8227,28152
"Atm",99695,12254,87441
"Npat",38587,7486,31101
"Acat1",29829,3373,26456
"Cul5",52926,6023,46903
"Gm16124",14085,581,13504
"Rab39",22123,2971,19152
"Rps6-ps3",827,827,0
"Slc35f2",46936,3217,43719
"Sln",3599,520,3079
"Gm16380",539,539,0
"LOC105243410",2338,1636,702
"Elmod1",63854,3819,60035
"Tnfaip8l3",42806,2300,40506
"Cyp19a1",63671,3793,59878
"Gldnos",32991,839,32152
"Gldn",55292,4649,50643
"Dmxl2",136540,10685,125855
"Sh2d7",10891,3061,7830
"Cib2",14728,736,13992
"Idh3a",18152,2404,15748
"Acsbg1",57006,3374,53632
"LOC105243411",12897,919,11978
"Gm7368",1569,1569,0
"Dnaja4",19728,5829,13899
"Mir5710",69,69,0
"Wdr61",17397,1331,16066
"Crabp1",8363,802,7561
"Gm30935",795,469,326
"Rab7-ps1",903,903,0
"Ireb2",48868,7448,41420
"Hykk",32635,5103,27532
"AY074887",711,711,0
"Psma4",7228,1237,5991
"Chrna5",29404,5872,23532
"Chrna3",15217,3123,12094
"Chrnb4",20794,4117,16677
"Gm7395",1042,1042,0
"Ube2q2",59071,4416,54655
"Fbxo22",15499,4531,10968
"Nrg4",63404,1928,61476
"Gm15625",1096,1096,0
"AI118078",111427,4722,106705
"Etfa",57808,1464,56344
"Gm5917",784,784,0
"Isl2",8991,3608,5383
"Scaper",388276,5420,382856
"Gm18102",620,620,0
"LOC105243412",5379,5059,320
"Gm7435",2467,2467,0
"Rfpl3s",63932,2275,61657
"Gm7439",837,837,0
"Gm7444",3938,3938,0
"Rcn2",17239,2607,14632
"Gm31261",3117,2271,846
"Pstpip1",50446,2521,47925
"Tspan3",25187,1729,23458
"Peak1",216925,11062,205863
"Peak1os",84650,11829,72821
"Hmg20a",78309,4651,73658
"Gm2296",988,988,0
"Gm31529",6701,1168,5533
"Gm26868",12904,4518,8386
"Lingo1",178325,5153,173172
"Gm31642",23470,8298,15172
"Gm31586",1416,978,438
"Odf3l1",16018,1463,14555
"Cspg4",34767,8050,26717
"Snx33",11252,4644,6608
"Gm19936",1688,1688,0
"Imp3",899,899,0
"Snupn",32283,1448,30835
"Ptpn9",67841,4057,63784
"Gm10658",15070,1133,13937
"Sin3a",56378,5920,50458
"2700012I20Rik",3348,2757,591
"Man2c1os",1309,888,421
"Man2c1",11596,4014,7582
"Neil1",5888,2581,3307
"Commd4",3315,962,2353
"1700041C23Rik",10834,395,10439
"Trcg1",15716,5159,10557
"1700017B05Rik",10278,6124,4154
"LOC105243414",22051,1093,20958
"Gm18996",775,775,0
"Gm5121",721,721,0
"Ppcdc",55081,5017,50064
"4930430J02Rik",9295,448,8847
"Scamp5",26773,4979,21794
"D9Wsu149",576,576,0
"Gm6166",678,678,0
"Gm18103",688,688,0
"Rpp25",1346,1346,0
"Cox5a",11196,693,10503
"Fam219b",5661,3056,2605
"Mpi",8553,2459,6094
"Scamp2",27871,2487,25384
"Ulk3",7097,3397,3700
"Cplx3",6290,2859,3431
"Gm32392",9466,785,8681
"Lman1l",14703,2938,11765
"Csk",26981,3479,23502
"Cyp1a2",6719,1892,4827
"Cyp1a1",15897,2851,13046
"Edc3",41634,3489,38145
"Clk3",15240,2621,12619
"Gm32510",2144,591,1553
"Arid3b",46495,4936,41559
"Gm7547",433,433,0
"Gm9715",874,874,0
"Ubl7",18991,1593,17398
"Sema7a",22731,3363,19368
"Gm17322",589,589,0
"Cyp11a1",12007,1774,10233
"Ccdc33",90151,4207,85944
"Gm16130",16724,2799,13925
"Stra6",90395,4475,85920
"Islr",2994,2427,567
"LOC105243416",13869,780,13089
"Islr2",8023,5361,2662
"1600029O15Rik",5912,1809,4103
"Pml",32618,9874,22744
"Mir6385",105,105,0
"Stoml1",9361,2268,7093
"Loxl1",25490,3338,22152
"Tbc1d21",10766,1848,8918
"1700072B07Rik",3680,445,3235
"Gm32713",11612,1196,10416
"4930461G14Rik",14451,780,13671
"Gm32820",6568,3773,2795
"Gm32768",9257,3748,5509
"6030419C18Rik",11140,2139,9001
"Cd276",30734,3197,27537
"LOC105245007",2798,1883,915
"Nptn",70640,2534,68106
"Rec114",88875,2828,86047
"Gm21183",525,358,167
"Hcn4",37444,3798,33646
"Neo1",162279,7903,154376
"LOC102642841",1056,919,137
"Gm33003",2706,1213,1493
"Gm7589",582,582,0
"Gm33053",43910,1269,42641
"LOC105243417",2561,1264,1297
"Adpgk",24656,2498,22158
"Bbs4",31543,2542,29001
"Arih1",98107,13917,84190
"Rps11-ps1",2849,2849,0
"Gm20199",3997,3997,0
"Gm33180",13505,1480,12025
"Tmem202",6817,1256,5561
"Hexa",25565,1991,23574
"Celf6",29008,3300,25708
"LOC105243419",10226,5564,4662
"Parp6",33007,3298,29709
"Pkm",23008,2933,20075
"Gramd2",39410,5497,33913
"LOC105243420",8072,4051,4021
"Senp8",16391,3904,12487
"Myo9a",178011,12291,165720
"Gm7613",844,844,0
"Gm20275",116708,4115,112593
"Nr2e3",18064,2235,15829
"Gm7616",7751,615,7136
"Thsd4",555241,9593,545648
"2010001M07Rik",4115,3652,463
"9230112J17Rik",21916,2448,19468
"Gm33406",22756,3628,19128
"Gm17853",1349,1349,0
"Lrrc49",100906,3212,97694
"B930082K07Rik",2589,2388,201
"Larp6",25681,2308,23373
"Uaca",87165,6229,80936
"Gm9869",18113,2144,15969
"Gm33643",4886,1785,3101
"Gm5122",2729,1637,1092
"Gm33699",26969,3896,23073
"LOC105243422",4475,2635,1840
"Gm34004",34813,2216,32597
"4933433G08Rik",2375,1846,529
"Gm33914",17413,1927,15486
"I730028E13Rik",6745,1959,4786
"Gm34105",6237,570,5667
"B930092H01Rik",34583,2678,31905
"Gm34264",16278,306,15972
"LOC105243423",4765,1041,3724
"Gm34209",4088,1191,2897
"Gm34157",813,288,525
"Tle3",46172,5242,40930
"Gm34322",13244,834,12410
"Gm34424",24534,1661,22873
"Gm34479",6941,418,6523
"LOC105243424",11065,1689,9376
"Gm34770",1403,631,772
"Gm34828",76801,3600,73201
"Gm19208",914,914,0
"Gm34974",14711,1883,12828
"Gm35058",3425,1247,2178
"Rplp1",1228,468,760
"Kif23",29536,3481,26055
"Paqr5",73053,3637,69416
"Gm35152",19822,1291,18531
"Glce",65473,4960,60513
"Mir5133",77,77,0
"LOC105243425",7164,3174,3990
"Gm35227",20816,1502,19314
"A730043L09Rik",1505,1205,300
"Spesp1",11451,3013,8438
"Gm35288",26648,1991,24657
"Anp32a",37462,2322,35140
"LOC102638888",3099,1139,1960
"LOC105245008",1146,797,349
"LOC105245009",1336,627,709
"Coro2b",117555,3877,113678
"LOC105245012",210,171,39
"LOC105245011",6967,3700,3267
"LOC105245010",249,171,78
"LOC105243426",3416,3103,313
"LOC105243427",5882,1867,4015
"Itga11",106132,4967,101165
"Gm7653",605,605,0
"Fem1b",19825,6496,13329
"Cln6",13216,2136,11080
"Gm10653",20548,1232,19316
"Calml4",18441,1505,16936
"Pias1",102514,6052,96462
"Gm35574",29558,856,28702
"LOC105243428",6464,987,5477
"Gm35658",14818,5696,9122
"Gm6082",686,686,0
"Skor1",10798,5419,5379
"Map2k5",214671,3780,210891
"LOC105243431",19674,429,19245
"LOC105243430",7546,3386,4160
"LOC105243429",1984,1953,31
"2300009A05Rik",4798,598,4200
"Gm16759",81395,976,80419
"Iqch",181533,4748,176785
"Gm6257",998,998,0
"Gm35809",8145,6376,1769
"LOC105243432",6216,3950,2266
"Aagab",39269,2634,36635
"Smad3",111229,5273,105956
"Gm35941",7945,1207,6738
"LOC105243433",1701,1350,351
"Gm2553",605,605,0
"Gm18541",830,830,0
"Gm36033",8037,3081,4956
"Smad6",69010,2997,66013
"1700055C04Rik",3001,355,2646
"1110036E04Rik",4272,777,3495
"Scarletltr",7285,316,6969
"LOC105243435",12071,228,11843
"Lctl",20996,2239,18757
"Zwilch",35961,3108,32853
"Rpl4",5176,1422,3754
"Snord16a",91,91,0
"Snapc5",3392,761,2631
"Map2k1",67836,2632,65204
"Uchl4",1162,1162,0
"Tipin",23306,1618,21688
"Dis3l",34668,5830,28838
"Megf11",323588,7404,316184
"Gm36311",11865,1060,10805
"Rab11a",22457,2333,20124
"Gm36365",7752,2021,5731
"Gm36459",16961,669,16292
"Dennd4a",113545,12523,101022
"Slc24a1",28747,5213,23534
"LOC105243436",5229,556,4673
"Vwa9",26150,3215,22935
"Ptplad1",34753,3505,31248
"LOC105243437",6505,2003,4502
"Dpp8",52046,6802,45244
"Igdcc4",36487,7130,29357
"Igdcc3",45911,4437,41474
"LOC105245013",19033,2481,16552
"Rnu5g",116,116,0
"Parp16",24841,3202,21639
"Gm36538",31770,455,31315
"Cilp",15426,4153,11273
"Clpx",36409,2962,33447
"LOC105243438",14168,1803,12365
"Gm19219",858,858,0
"Pdcd7",13576,2455,11121
"Ubap1l",20642,3993,16649
"Gm17875",607,607,0
"Kbtbd13",2969,2969,0
"Rasl12",16576,4087,12489
"Slc51b",10021,488,9533
"Mtfmt",17493,3376,14117
"Spg21",27534,2767,24767
"A730067D02Rik",41436,5745,35691
"Plekho2",27511,5497,22014
"Pif1",8821,4452,4369
"Gm10144",1148,1148,0
"Rbpms2",31201,2254,28947
"Oaz2",13753,1844,11909
"Zfp609",135987,8833,127154
"Gm30089",2051,2051,0
"Trip4",79884,8780,71104
"Gm30314",9083,1690,7393
"Gm16073",528,528,0
"2810417H13Rik",13254,2412,10842
"Csnk1g1",136054,11178,124876
"Ppib",6461,960,5501
"Snx22",4605,2699,1906
"Snx1",36760,2079,34681
"Fam96a",12358,1323,11035
"Dapk2",114017,1769,112248
"Gm19247",326,326,0
"LOC105243439",1465,1391,74
"Gm30447",3834,3732,102
"Herc1",158326,15307,143019
"Gm23428",5303,725,4578
"Fbxl22",6135,3935,2200
"Usp3",78477,7998,70479
"Car12",53167,3726,49441
"Aph1b",22092,7107,14985
"Ppp1r2-ps4",1618,1618,0
"Aph1c",19786,5715,14071
"Rab8b",76042,4751,71291
"LOC105245014",11871,962,10909
"Rps27l",3445,596,2849
"Lactb",20092,2031,18061
"Gm30639",10133,1360,8773
"Tpm1",26812,3576,23236
"LOC102632690",33422,1392,32030
"Gm19299",30228,1435,28793
"LOC105245015",21875,722,21153
"Tln2",416952,12629,404323
"Mir190a",67,67,0
"LOC105243440",4765,339,4426
"LOC105243441",440,99,341
"Gm30936",4558,3246,1312
"C2cd4b",44710,1348,43362
"Mir7241",64,64,0
"Mir7242",79,79,0
"Gm7787",725,725,0
"LOC102633151",3097,2993,104
"C2cd4a",1799,1352,447
"Vps13c",155310,15663,139647
"Gm20745",7751,3796,3955
"Gm19987",3907,555,3352
"4930502A04Rik",49299,865,48434
"Gm31141",6013,1794,4219
"Gm31325",725,409,316
"Rora",734845,19492,715353
"9530091C08Rik",7977,7977,0
"Gm31262",8356,7108,1248
"LOC102642202",64784,9953,54831
"Ice2",35166,4647,30519
"LOC105243444",3433,3433,0
"Gm18587",776,776,0
"Gm4978",865,865,0
"Anxa2",38113,1796,36317
"Mir3109",88,88,0
"Gm31469",5299,355,4944
"LOC105243445",4524,394,4130
"Foxb1",3231,2984,247
"B230323A14Rik",69054,1635,67419
"Gm31530",2716,2299,417
"Gm18745",567,567,0
"LOC105243446",17785,615,17170
"Gm31587",5433,1941,3492
"Bnip2",22235,6040,16195
"LOC105245016",2794,2724,70
"Gtf2a2",11016,4204,6812
"Gm31643",1307,1257,50
"Gcnt3",8392,4710,3682
"LOC105243447",3256,720,2536
"Fam81a",53389,3488,49901
"LOC105243607",10581,723,9858
"LOC105243448",74222,3506,70716
"Myo1e",192718,4998,187720
"Gm31817",633,590,43
"LOC105245017",9158,6520,2638
"Gm18017",763,763,0
"Mir5626",60,60,0
"Ccnb2",13866,1541,12325
"Rnf111",78302,5302,73000
"Sltm",50442,5586,44856
"Fam63b",58283,8610,49673
"Gm31872",9028,2055,6973
"Adam10",101229,4677,96552
"Cycs-ps1",870,870,0
"Lipc",154094,2717,151377
"Gm3436",1930,1930,0
"Gm32017",45273,4166,41107
"Gm32074",13408,564,12844
"Gm18013",549,549,0
"Aqp9",57427,4588,52839
"Gm32714",9592,2976,6616
"Gm32511",39347,2067,37280
"Gm3458",3474,1189,2285
"Aldh1a2",80455,2264,78191
"Gm32769",2117,895,1222
"Polr2m",7547,2472,5075
"Myzap",88014,2283,85731
"Gm6018",1505,1505,0
"LOC102638089",2036,608,1428
"Cgnl1",182794,7565,175229
"LOC105245018",5424,5031,393
"Tcf12",267568,5595,261973
"Gm18821",705,705,0
"Rpl15-ps2",1060,1060,0
"Gm7863",872,872,0
"Gm7866",588,588,0
"Gm7870",611,611,0
"LOC105243451",56302,4227,52075
"Zfp280d",88887,5728,83159
"Gm19353",512,512,0
"Gm17828",811,811,0
"Gm27230",20659,2293,18366
"BC065403",1224,1043,181
"Gm27254",1374,1374,0
"Mns1",20059,2555,17504
"LOC105243452",3714,1130,2584
"Tex9",52890,6012,46878
"Gm33004",34121,3118,31003
"4930509E16Rik",13609,1191,12418
"Rfx7",90783,8073,82710
"LOC105243453",6641,6641,0
"Gm18014",751,751,0
"Nedd4",87505,5505,82000
"Gm7265",10485,10485,0
"Gm27204",5830,1442,4388
"Prtg",110034,8764,101270
"Gm34915",3798,1086,2712
"Pygo1",20366,1745,18621
"Dyx1c1",16325,4020,12305
"Ccpg1os",5660,1035,4625
"Ccpg1",30914,5652,25262
"Pigb",25974,4108,21866
"2310009A05Rik",3058,492,2566
"Rab27a",52814,3709,49105
"Khdc3",4823,4462,361
"Rsl24d1",9865,1522,8343
"Gm5745",388,388,0
"Gm27211",75754,843,74911
"LOC105243455",2445,642,1803
"Unc13c",528732,9851,518881
"Gm33407",22878,617,22261
"Wdr72",172873,5387,167486
"Nr1h2-ps",417,417,0
"Gm33459",8991,2092,6899
"LOC105245019",7726,1025,6701
"LOC105243456",11450,521,10929
"Gm33562",70555,1492,69063
"Gm16551",4436,2707,1729
"Onecut1",27728,1824,25904
"LOC105242394",8337,6827,1510
"Gm33615",1122,1041,81
"Fam214a",79550,5423,74127
"Arpp19",22700,4142,18558
"Gm2981",696,696,0
"Myo5a",154391,13765,140626
"Gm16353",734,734,0
"Myo5c",74539,7834,66705
"Gm33750",2355,1248,1107
"LOC105245020",2116,648,1468
"Gnb5",39636,2647,36989
"LOC102636700",4051,891,3160
"Bcl2l10",3883,1228,2655
"Gm18015",809,809,0
"Gm5366",1340,1340,0
"Mapk6",23237,4373,18864
"4933433G15Rik",5354,1153,4201
"Leo1",24909,2192,22717
"Gm7972",16348,3103,13245
"Tmod3",61874,3783,58091
"Tmod2",45728,10689,35039
"Lysmd2",12042,1280,10762
"Scg3",40717,2233,38484
"Gm3671",1237,1237,0
"LOC105243457",5636,664,4972
"Bmp5",123653,2528,121125
"Gm34005",297,297,0
"Hmgcll1",121701,6541,115160
"Gfral",49556,2080,47476
"Hcrtr2",97989,6316,91673
"Fam83b",77493,7078,70415
"Gm34158",30093,287,29806
"LOC105243458",17386,325,17061
"Gm18486",574,574,0
"Gm34210",114,114,0
"Tinag",94120,1753,92367
"Gm5746",2311,2311,0
"Mlip",245787,4065,241722
"5730403I07Rik",33005,2031,30974
"Lrrc1",114030,3139,110891
"LOC105245021",10649,10560,89
"Gm21013",1185,1185,0
"Klhl31",23394,6260,17134
"Gclc",39974,3852,36122
"Gm34654",51096,2623,48473
"Gm19572",465,400,65
"Elovl5",67155,3002,64153
"Gm34771",1687,1508,179
"Gm34829",15770,2045,13725
"LOC105243459",7887,1726,6161
"Gcm1",13667,2034,11633
"Gm8058",620,620,0
"Fbxo9",27567,2219,25348
"Ick",62923,7057,55866
"Rn7sk",332,332,0
"C920006O11Rik",2969,1447,1522
"Gsta4",17384,958,16426
"Gm3126",1552,1552,0
"Gsta1",12015,861,11154
"Dppa5b",1114,604,510
"Gm3776",12038,874,11164
"Dppa5c",1112,604,508
"Gm10639",15598,874,14724
"Omt2a",2826,1332,1494
"Omt2b",1591,735,856
"Gsta2",16175,1386,14789
"Dppa5a",1148,641,507
"Ooep",1686,1207,479
"LOC102638439",5633,795,4838
"Ddx43",27813,2209,25604
"Gm8093",2535,2535,0
"Mb21d1",13007,4421,8586
"Mto1",26138,2570,23568
"Eef1a1",3272,1790,1482
"Slc17a5",51579,3818,47761
"Gm34887",770,295,475
"Cd109",100715,5867,94848
"LOC105243460",3920,382,3538
"Gm8116",1098,1098,0
"LOC102638361",1364,1260,104
"Gm18863",1299,1299,0
"Gm35024",2715,876,1839
"Gm5747",4426,860,3566
"Gm4896",750,750,0
"LOC105243461",12737,2533,10204
"Gm35262",3522,336,3186
"Gm10635",75266,3721,71545
"Gm8125",859,806,53
"Col12a1",121855,13838,108017
"LOC105243462",5433,884,4549
"Cox7a2",4613,754,3859
"Tmem30a",33753,4323,29430
"4930429F24Rik",9595,1520,8075
"Filip1",173033,5626,167407
"Gm35261",9938,3172,6766
"Gm8131",1123,1123,0
"Senp6",78267,5348,72919
"LOC105243464",8009,6761,1248
"Myo6",146754,8137,138617
"Gm27227",3160,1648,1512
"Impg1",156898,8327,148571
"Gm18292",919,919,0
"LOC105243465",98363,904,97459
"Gm35397",2168,484,1684
"LOC105243466",23387,513,22874
"Gm8151",849,849,0
"Htr1b",1161,1161,0
"D430036J16Rik",13227,1855,11372
"Gm9531",1139,1139,0
"Gm26907",87478,1115,86363
"Mei4",342361,4609,337752
"Gm19228",711,711,0
"Gm35548",10278,441,9837
"Gm35690",18194,1044,17150
"Irak1bp1",17883,1893,15990
"LOC102641372",12254,3887,8367
"Phip",109542,11601,97941
"LOC105243467",6185,969,5216
"LOC105243468",34680,2074,32606
"Gm35746",4670,1153,3517
"LOC102639511",27640,8342,19298
"Gm2065",6286,1170,5116
"Hmgn3",36793,1483,35310
"LOC105243469",14073,1342,12731
"LOC105245022",12938,5769,7169
"Lca5",50379,5588,44791
"Rps27a-ps2",543,543,0
"Gm2087",23028,367,22661
"LOC101696218",440,440,0
"Sh3bgrl2",51955,3501,48454
"LOC105243470",2419,1432,987
"Gm36120",2255,283,1972
"Gm2109",1773,1433,340
"LOC105243471",10501,1058,9443
"LOC105243472",2175,2059,116
"Elovl4",27614,3054,24560
"Ttk",37740,3187,34553
"LOC105243473",16340,4812,11528
"Gm36278",3185,894,2291
"Bckdhb",199130,1792,197338
"Gm18487",1100,1100,0
"Gm8226",864,864,0
"LOC105243474",31353,796,30557
"4930554C24Rik",9954,1084,8870
"Gm36366",6235,313,5922
"Gm8228",3323,2349,974
"Fam46a",6712,5505,1207
"Ibtk",63077,6752,56325
"Gm5619",864,864,0
"Gm18766",804,804,0
"9330154J02Rik",22466,2965,19501
"Tpbg",4676,3722,954
"Gm18016",842,842,0
"Ube2cbp",157948,2093,155855
"Gm16202",543,543,0
"Dopey1",88653,10137,78516
"Pgm3",29338,4728,24610
"Rwdd2a",2912,1383,1529
"Me1",114552,3654,110898
"A330041J22Rik",5812,1843,3969
"Prss35",15204,3819,11385
"Snap91",114786,4758,110028
"LOC105243476",7862,642,7220
"Gm36539",22160,3505,18655
"Ripply2",5314,1673,3641
"LOC105243477",1044,664,380
"Cyb5r4",55767,2650,53117
"Gm8282",462,462,0
"Gm36714",4347,265,4082
"Mrap2",39828,2757,37071
"Cep162",65967,7696,58271
"Gm9540",13463,807,12656
"Tbx18",28461,4679,23782
"Gm36767",9208,2040,7168
"Gm9541",503,503,0
"Gm28877",1920,666,1254
"Gm2324",1472,1472,0
"Gm5368",577,577,0
"Gm28231",3149,2607,542
"Gm5066",2460,2460,0
"Nt5e",44481,3580,40901
"Snx14",62819,3753,59066
"Gm10163",548,548,0
"Syncrip",33229,8010,25219
"Snhg5",1846,1011,835
"Zfp949",23067,3551,19516
"Trim43a",8074,2129,5945
"9430037G07Rik",3919,3177,742
"Gm29603",2275,2275,0
"LOC105245025",12391,2798,9593
"Gm29881",26270,1955,24315
"LOC105245029",2282,441,1841
"Mthfsl",31814,2135,29679
"Bcl2a1d",8563,796,7767
"Gm10634",85658,1913,83745
"LOC105245028",1346,450,896
"Trim43c",9176,3287,5889
"9330159M07Rik",17073,2818,14255
"LOC102631716",2050,2050,0
"LOC105245027",10794,541,10253
"LOC105245043",59932,1753,58179
"Bcl2a1a",5497,796,4701
"Gm24463",8619,750,7869
"LOC102632278",2117,2117,0
"Trim43b",8212,2262,5950
"LOC105245031",814,301,513
"4930579C12Rik",67561,1910,65651
"LOC105245033",1149,255,894
"Bcl2a1b",8566,764,7802
"Mthfs",29036,768,28268
"LOC105245032",9128,4769,4359
"AF529169",36374,9477,26897
"Tmed3",5841,1324,4517
"Ankrd34c",14945,7201,7744
"Mir184",69,69,0
"4930524O08Rik",37510,1451,36059
"Rasgrf1",117508,6078,111430
"Gm17944",634,634,0
"Ctsh",21829,2966,18863
"Morf4l1",23152,1983,21169
"Gm6223",2236,2236,0
"Adamts7",37125,5829,31296
"Tbc1d2b",68723,6172,62551
"Gm30849",2192,599,1593
"LOC105243494",23901,443,23458
"Gm30905",17547,886,16661
"Gm2497",719,719,0
"Gm29605",298,298,0
"Gm28703",4883,2483,2400
"Gm31114",26941,188,26753
"Gm5620",1570,1570,0
"Gm18378",622,622,0
"LOC105245035",37862,1497,36365
"LOC102633322",13847,1799,12048
"LOC105245034",1324,713,611
"Zic1",7769,5664,2105
"Zic4",27573,10824,16749
"Gm29478",202414,2155,200259
"LOC105245036",1318,981,337
"LOC105243496",80433,994,79439
"Gm31409",38597,924,37673
"Plscr5",26029,4597,21432
"Gm31588",41778,4113,37665
"Gm31531",5705,1010,4695
"Plscr1",22368,2205,20163
"Mir6386",104,104,0
"Gm31700",3647,788,2859
"Plscr2",22151,2724,19427
"1700057G04Rik",48550,1433,47117
"Gm15493",531,531,0
"Plscr4",35145,3265,31880
"B430319G15Rik",4069,4069,0
"Plod2",66206,3712,62494
"Gm2495",1059,1059,0
"Gm29396",5990,798,5192
"4933400C23Rik",76996,1708,75288
"1700034K08Rik",25818,617,25201
"Gm18841",841,841,0
"Gm9621",1215,1215,0
"LOC105243499",9077,1043,8034
"Gm31847",210071,1115,208956
"LOC105243501",10704,354,10350
"Gm5369",1635,1635,0
"Gm5370",623,623,0
"Gm31957",4311,818,3493
"1190002N15Rik",20218,3950,16268
"LOC105245038",3214,2755,459
"LOC105243502",21636,12952,8684
"Slc9a9",560561,3492,557069
"Mir7656",62,62,0
"Gm32018",9811,1236,8575
"Chst2",6345,6242,103
"Gm35915",2062,2021,41
"Gm8449",1005,1005,0
"Gm19193",730,730,0
"Gm32133",3485,2790,695
"U2surp",56315,8948,47367
"LOC105243503",9486,1238,8248
"Gm32281",1960,969,991
"Paqr9",2305,2305,0
"LOC105243504",2587,1996,591
"Gm32542",11897,698,11199
"Pcolce2",57924,1866,56058
"Itpa-ps2",1187,1187,0
"Trpc1",45319,4842,40477
"LOC105243505",1780,272,1508
"Pls1",92665,3926,88739
"1700065D16Rik",2465,758,1707
"Atr",95164,9190,85974
"Gm16794",12121,1820,10301
"Xrn1",103041,12179,90862
"Gk5",65255,5596,59659
"Tfdp2",127372,7983,119389
"LOC105243506",1777,1737,40
"Atp1b3",32244,3308,28936
"LOC105243507",18698,1244,17454
"LOC105245039",14180,2219,11961
"Rnf7",7745,1238,6507
"Gm28729",39839,4030,35809
"Gm8495",670,670,0
"Rasa2",92316,6386,85930
"LOC105243508",23649,978,22671
"LOC102635386",3457,3457,0
"Zbtb38",46283,15070,31213
"E030011O05Rik",21257,763,20494
"C430002N11Rik",8836,1714,7122
"Gm8520",937,937,0
"Pxylp1",69345,3980,65365
"Gm10123",736,736,0
"Spsb4",74874,2232,72642
"Gm16010",4356,3845,511
"Gm18291",629,629,0
"Gm19325",7778,2301,5477
"Slc25a36",35761,7566,28195
"Gm16185",2082,2043,39
"Rpl7a-ps10",864,864,0
"Gm5371",1838,1838,0
"Gm29241",846,810,36
"Gm29240",6619,425,6194
"Gm33302",6360,1045,5315
"Gm33357",2322,1031,1291
"Trim42",20397,2463,17934
"Clstn2",588990,13437,575553
"4921534H16Rik",8756,2838,5918
"Nmnat3",133011,2700,130311
"Gm28530",4097,2596,1501
"Rbp1",23591,2628,20963
"Rbp2",19235,672,18563
"4930579K19Rik",1152,1152,0
"Copb2",24645,3043,21602
"Mrps22",12950,1216,11734
"E330023G01Rik",71489,1483,70006
"LOC105243509",1546,543,1003
"Gm33563",7554,2689,4865
"Gm33644",2458,364,2094
"Prr23a",1059,1059,0
"Gm6406",762,762,0
"2410012M07Rik",1814,1814,0
"Gm5920",2838,2838,0
"Gm33700",959,959,0
"7420426K07Rik",1504,1504,0
"Gm33778",901,739,162
"Foxl2os",6156,3732,2424
"Foxl2",2520,2520,0
"Faim",15647,1074,14573
"Gm1123",28726,1337,27389
"Pik3cb",101811,5286,96525
"Gm2773",24130,24130,0
"Gm18790",547,547,0
"Gm33857",14968,531,14437
"Cep70",118471,5961,112510
"Gm2950",690,690,0
"Gm6432",7864,785,7079
"Gm18914",707,707,0
"LOC105243511",8370,884,7486
"LOC100417984",1759,1759,0
"Esyt3",51667,6720,44947
"Mras",51542,4113,47429
"LOC105243512",695,447,248
"Nme9",23657,792,22865
"1600029I14Rik",4331,864,3467
"Armc8",90552,6913,83639
"LOC105243513",3643,3553,90
"Dbr1",8687,2245,6442
"A4gnt",31193,3023,28170
"Dzip1l",39763,7266,32497
"Cldn18",26472,3121,23351
"Gm518",25801,25801,0
"Sox14",2065,2065,0
"Gm8641",1327,1327,0
"4930519F24Rik",12371,577,11794
"LOC105245042",13102,494,12608
"LOC102637419",23772,1029,22743
"Gm28167",52306,1018,51288
"Gm34397",22927,598,22329
"LOC105243516",2185,1021,1164
"Il20rb",28755,2478,26277
"Nck1",51073,2480,48593
"Slc35g2",18898,1585,17313
"Stag1",360836,9369,351467
"Gm8661",1223,1223,0
"LOC100534380",2502,2502,0
"Pccb",52909,2362,50547
"Gm3096",603,603,0
"Msl2",30039,660,29379
"Ppp2r3a",146844,7384,139460
"LOC105243518",1892,1817,75
"LOC105243517",19013,1047,17966
"Gm3121",409,409,0
"Gm28979",5824,1540,4284
"Gm5161",875,875,0
"Ephb1",432566,4667,427899
"Gm31326",13334,11139,2195
"Gm31233",24985,4565,20420
"Mir7243",52,52,0
"LOC102642783",5743,5743,0
"Ky",40498,6545,33953
"Gm7364",1502,1502,0
"Gm17950",659,659,0
"Cep63",39776,3800,35976
"Anapc13",7949,927,7022
"Amotl2",16125,4663,11462
"Gm5627",17038,931,16107
"Gm18655",1080,1080,0
"Ryk",73388,3267,70121
"Gm31434",12609,6547,6062
"Slco2a1",80182,4957,75225
"Rab6b",73203,5043,68160
"LOC105243520",20906,3511,17395
"Srprb",14033,2991,11042
"Trf",21411,2332,19079
"1300017J02Rik",37775,2282,35493
"Gm31701",5532,565,4967
"Topbp1",45260,5408,39852
"Cdv3",12734,4630,8104
"5830418P13Rik",37683,2178,35505
"Bfsp2",55491,1904,53587
"LOC102643244",31309,3785,27524
"Tmem108",278937,5745,273192
"Gm32743",26883,3174,23709
"4932413F04Rik",8802,2765,6037
"Gm32682",29461,254,29207
"Gm29154",40932,1546,39386
"Gm32797",3645,788,2857
"Gm33054",770,503,267
"Nphp3",41268,6426,34842
"Gm18998",642,642,0
"Uba5",16589,2594,13995
"Acad11",63944,3348,60596
"Ackr4",28962,4807,24155
"Dnajc13",111588,8204,103384
"Hmgb1-rs16",195,195,0
"Acpp",49483,5957,43526
"Gm28996",6156,852,5304
"Gm28548",29046,450,28596
"Mir2136",75,75,0
"Cpne4",487259,4734,482525
"Mrpl3",24209,1531,22678
"Nudt16",2504,2028,476
"1700080E11Rik",1739,871,868
"Nek11",233369,4909,228460
"Aste1",13005,8972,4033
"Atp2c1",109896,5986,103910
"LOC105245059",1207,639,568
"Gm7436",2726,430,2296
"Gm5621",721,721,0
"Pik3r4",44661,4884,39777
"Col6a6",138829,7748,131081
"Col6a5",104574,9297,95277
"Col6a4",106374,7506,98868
"Gm9451",604,604,0
"D030055H07Rik",12118,2930,9188
"Glyctk",8206,5195,3011
"Mir135a-1",90,90,0
"Wdr82",20778,4313,16465
"Mirlet7g",88,88,0
"Ppm1m",4281,2070,2211
"Twf2",12280,1594,10686
"Tlr9",4279,3471,808
"Alas1",14500,3259,11241
"LOC102636338",2227,2086,141
"Gm33564",15295,3201,12094
"Poc1a",68868,1891,66977
"Dusp7",7115,3235,3880
"Gm33616",32407,1103,31304
"Rpl29",2137,992,1145
"Acy1",5256,1446,3810
"Abhd14a",11334,1919,9415
"Abhd14b",5187,2033,3154
"Pcbp4",10607,2828,7779
"Gpr62",2653,2653,0
"Parp3",6592,3265,3327
"Rrp9",8107,1537,6570
"Iqcf1",2284,634,1650
"Iqcf3",56966,2537,54429
"Iqcf5",1431,544,887
"Iqcf4",2649,727,1922
"LOC105243524",48746,895,47851
"LOC105243525",3025,1758,1267
"Iqcf6",1094,537,557
"Gm28111",2690,1446,1244
"Grm2",11576,3323,8253
"Tex264",27207,2025,25182
"Rad54l2",101134,9326,91808
"Vprbp",66821,5929,60892
"Manf",23676,4216,19460
"Rbm15b",3016,3016,0
"Dock3",339085,9186,329899
"Gm18542",918,918,0
"Gm17205",1204,1204,0
"AA543401",1255,1255,0
"Mapkapk3",34959,3559,31400
"Gm17040",887,887,0
"Cish",5278,3445,1833
"Hemk1",13330,2853,10477
"6430571L13Rik",9044,2552,6492
"4930429P21Rik",5235,4593,642
"Cacna2d2",129467,5545,123922
"LOC105243527",7239,3676,3563
"Gm34037",6734,2141,4593
"Tmem115",4712,2177,2535
"Cyb561d2",3184,2065,1119
"Nprl2",3501,1684,1817
"Zmynd10",5331,3188,2143
"Gm34106",2951,254,2697
"Rassf1",10713,2130,8583
"Tusc2",2854,1661,1193
"Hyal2",4891,2298,2593
"Hyal1",3186,2179,1007
"Nat6",3879,1998,1881
"Hyal3",6064,1830,4234
"Ifrd2",5469,2192,3277
"Lsmem2",4678,1656,3022
"Sema3b",11630,4470,7160
"Gnai2",21267,2239,19028
"Slc38a3",17815,2802,15013
"Gnat1",5119,2208,2911
"Sema3f",28977,4248,24729
"Gm34454",8661,4895,3766
"Gm34605",6973,441,6532
"Rbm5",30514,3468,27046
"Rbm6",99261,5108,94153
"Mon1a",15028,2112,12916
"Mst1r",13524,5153,8371
"Actl11",3993,3993,0
"Camkv",13841,3415,10426
"Traip",22135,4627,17508
"Uba7",8490,3162,5328
"Fam212a",1694,1062,632
"LOC105245060",1468,1103,365
"Cdhr4",7192,2484,4708
"4930535L15Rik",4342,709,3633
"Ip6k1",46135,4412,41723
"Gmppb",2708,1850,858
"Rnf123",28102,6213,21889
"Amigo3",2543,2543,0
"Mst1",4648,2570,2078
"Mir7088",86,86,0
"Apeh",9136,2618,6518
"Bsn",95917,17718,78199
"4930447F24Rik",4850,1414,3436
"Dag1",59098,5961,53137
"Nicn1",6040,2103,3937
"Amt",4801,1450,3351
"Tcta",3168,1803,1365
"Rhoa",31735,2354,29381
"Gpx1",1263,1045,218
"Usp4",44710,3694,41016
"Rps2-ps11",938,938,0
"1700102P08Rik",18133,1730,16403
"Ccdc36",28340,4184,24156
"BC048562",9602,687,8915
"Klhdc8b",13946,4116,9830
"Ccdc71",13375,3220,10155
"Lamb2",10674,5668,5006
"Usp19",11731,5287,6444
"Qars",7937,2722,5215
"Qrich1",43081,4111,38970
"Impdh2",5294,1925,3369
"Ndufaf3",1478,1067,411
"Dalrd3",5278,4379,899
"Mir191",74,74,0
"Mir425",85,85,0
"Wdr6",6358,4092,2266
"P4htm",19051,2228,16823
"Arih2",51778,5462,46316
"Slc25a20",22544,1783,20761
"Prkar2a",57370,4041,53329
"Ip6k2",22570,3068,19502
"Nckipsd",10493,3758,6735
"Gm35025",2793,2677,116
"Celsr3",26925,12046,14879
"Slc26a6",59007,2725,56282
"Tmem89",945,538,407
"Uqcrc1",12994,1656,11338
"Col7a1",31301,9312,21989
"Mir711",82,82,0
"Ucn2",1002,1002,0
"Pfkfb4",44204,5891,38313
"Shisa5",19226,2571,16655
"Trex1",1792,1137,655
"Atrip",15834,4245,11589
"Tma7",4394,637,3757
"Ccdc51",10868,3087,7781
"Plxnb1",26067,10890,15177
"LOC105243528",3271,3002,269
"Fbxw21",25136,2204,22932
"Fbxw13",16749,1485,15264
"Fbxw20",17323,1511,15812
"Fbxw14",16941,1884,15057
"Fbxw28",16774,1842,14932
"Fbxw22",25895,1833,24062
"Fbxw16",16823,1511,15312
"Fbxw19",17357,1532,15825
"Fbxw23",19531,2829,16702
"Gm34888",17687,3681,14006
"Fbxw15",16837,2871,13966
"Fbxw24",24944,1490,23454
"Fbxw25",20479,2436,18043
"Fbxw18",25969,1922,24047
"Fbxw26",28524,1870,26654
"Fbxw27",24999,1884,23115
"LOC105245077",2929,1535,1394
"Spink8",14426,810,13616
"3000002C10Rik",1279,1279,0
"Nme6",10264,1613,8651
"Camp",2080,599,1481
"LOC105243534",1930,1176,754
"Cdc25a",18559,3898,14661
"Mir7089",68,68,0
"Gm4644",411,411,0
"Map4",152181,10621,141560
"LOC102639109",2168,2168,0
"Dhx30",33298,5193,28105
"LOC105243536",1173,875,298
"Gm10615",2928,2832,96
"Smarcc1",108155,5673,102482
"Rn4.5s-ps2",91,91,0
"Cspg5",18794,3871,14923
"LOC105243537",15319,542,14777
"Mir6236",123,123,0
"Elp6",16911,2378,14533
"Gm35575",2563,2563,0
"Scap",51662,4667,46995
"Ptpn23",23127,5382,17745
"Ngp",3205,1161,2044
"Klhl18",50775,4638,46137
"Kif9",48389,3913,44476
"Setd2",89338,9186,80152
"Nradd",3263,1212,2051
"Nbeal2",29373,8803,20570
"Mir8107",117,117,0
"Ccdc12",55091,821,54270
"Gm35715",7109,3537,3572
"Gm35659",7297,3382,3915
"Pth1r",25061,2906,22155
"Gm35775",3277,3016,261
"Myl3",6114,898,5216
"Prss42",6484,1772,4712
"Prss44",4100,1932,2168
"Prss43",4818,1995,2823
"Prss45",6723,1232,5491
"Prss46",12017,1257,10760
"Prss50",6731,1524,5207
"Tmie",14377,3037,11340
"Als2cl",20395,5380,15015
"Gm590",3049,662,2387
"Tdgf1",6551,2004,4547
"Lrrc2",32522,4041,28481
"Rtp3",5641,3049,2592
"Gm10030",17863,3170,14693
"Ltf",23475,2742,20733
"Ccrl2",2685,2249,436
"Rp31-ps19",409,409,0
"Lrrfip2",107558,5662,101896
"Mlh1",43559,4760,38799
"Gm35979",1603,777,826
"Epm2aip1",7249,7249,0
"LOC105245078",780,546,234
"Trank1",84186,14000,70186
"Dclk3",50531,3498,47033
"Gm6167",848,848,0
"Stac",129155,2887,126268
"Gm36088",6820,3491,3329
"Gm36034",4319,2279,2040
"4930545L08Rik",6648,858,5790
"LOC105243538",2535,597,1938
"Arpp21",170932,15078,155854
"LOC105243542",3732,3619,113
"LOC105243541",5679,5485,194
"Mir128-2",76,76,0
"LOC102640027",2657,602,2055
"2310075C17Rik",2375,2037,338
"2900079G21Rik",114649,6716,107933
"LOC105243539",106814,1601,105213
"Gm19022",570,570,0
"Gm36251",81167,5865,75302
"LOC105243543",6878,2860,4018
"LOC105243544",25529,1454,24075
"Gm36367",23274,1293,21981
"LOC105243545",23706,2980,20726
"Gm36436",7616,525,7091
"LOC105243546",3667,950,2717
"Gm36485",4005,438,3567
"LOC105243547",12410,672,11738
"Gm36540",9815,569,9246
"AU023762",90407,2179,88228
"Gm7183",1229,1229,0
"Gm36592",6928,456,6472
"Gm36686",2517,935,1582
"Gm36745",8744,3135,5609
"Pdcd6ip",56517,5976,50541
"LOC102642652",8582,538,8044
"Clasp2",179672,9962,169710
"LOC105243548",12131,1106,11025
"Ubp1",46269,4466,41803
"Fbxl2",68031,4014,64017
"Gm36035",491,491,0
"Gm36883",6381,2024,4357
"Susd5",41380,3874,37506
"Gm29825",74589,2103,72486
"4921528I07Rik",79370,3841,75529
"Bcl2a1c",444,444,0
"4930525D18Rik",23517,936,22581
"4930520O04Rik",8915,1255,7660
"Crtap",15582,1714,13868
"Glb1",73302,2487,70815
"Tmppe",10107,6856,3251
"Gm30254",10369,617,9752
"Ccr4",15158,4062,11096
"Trim71",53102,5500,47602
"Cnot10",54343,3066,51277
"Gm7780",8069,885,7184
"Dync1li1",34958,2046,32912
"Cmtm6",18191,3402,14789
"Cmtm7",25158,1137,24021
"Cmtm8",54810,1195,53615
"Gm30448",6676,1290,5386
"Gpd1l",34649,4393,30256
"Osbpl10",254691,5950,248741
"Rps27rt",374,374,0
"Gm4665",10007,2881,7126
"Gm26962",3899,822,3077
"Stt3b",67841,4221,63620
"Stmn1-rs1",979,979,0
"Gm30673",15278,1489,13789
"4930428G15Rik",5764,807,4957
"Gm30762",23006,3126,19880
"Mir467h",121,121,0
"LOC105245081",2481,1446,1035
"LOC105245088",628,574,54
"Gm9487",531,531,0
"Gm5921",949,949,0
"LOC105243558",20824,791,20033
"LOC105243559",28287,388,27899
"D330037F02Rik",19928,2092,17836
"Gadl1",191533,4872,186661
"Gm31234",26861,449,26412
"Gm16142",10833,2850,7983
"Gm9385",597,597,0
"Gm31014",2753,286,2467
"Gm18328",776,776,0
"Tgfbr2",87669,4788,82881
"Gm31292",9060,5091,3969
"LOC105245082",2964,1750,1214
"Gm4668",10520,2104,8416
"D730003K21Rik",12352,1154,11198
"Gm31559",14472,2427,12045
"LOC105243560",15276,431,14845
"Rbms3",1467547,9569,1457978
"LOC105243565",7653,5639,2014
"Gm18489",561,561,0
"LOC105243563",3230,3134,96
"LOC102635502",2163,1657,506
"LOC105243562",36384,3438,32946
"LOC105243561",6729,5145,1584
"Azi2",29398,7186,22212
"Cmc1",86214,1866,84348
"Gm17399",20153,3775,16378
"Gm32867",18370,10765,7605
"Gm33088",2158,535,1623
"Gm26975",43920,3080,40840
"4933432G23Rik",7210,837,6373
"Gm33285",4697,330,4367
"Gm33408",31408,3207,28201
"Eomes",7953,3724,4229
"Gm33460",3536,1636,1900
"Golga4",76325,17368,58957
"Gm18935",664,664,0
"Itga9",294295,7116,287179
"Gm10157",1372,591,781
"LOC105243566",7956,2258,5698
"LOC102636563",3188,2887,301
"LOC105243567",855,374,481
"Ctdspl",117584,4688,112896
"Gm33645",3417,1233,2184
"Mir26a-1",90,90,0
"Vill",18797,3481,15316
"Plcd1",21976,3844,18132
"Dlec1",46712,7216,39496
"Acaa1b",9051,2705,6346
"Gm10608",1436,1436,0
"Slc22a14",20978,2429,18549
"Slc22a13",16138,2032,14106
"Slc22a13b-ps",11202,1455,9747
"Oxsr1",84279,6997,77282
"Myd88",4053,1905,2148
"Acaa1a",9245,1867,7378
"Xylb",36439,5202,31237
"Acvr2b",40552,11247,29305
"Exog",20596,4002,16594
"Scn5a",95627,8777,86850
"Scn10a",110577,6635,103942
"Gm33701",10236,351,9885
"Scn11a",71727,5971,65756
"Gm2449",11967,1443,10524
"Wdr48",31692,4014,27678
"Gorasp1",11886,3483,8403
"Ttc21a",30190,4184,26006
"Csrnp1",13972,7355,6617
"Gm33800",26403,2190,24213
"Xirp1",9844,5839,4005
"Cx3cr1",19614,3753,15861
"Gm33858",2083,1402,681
"Ccr8",2774,1156,1618
"Slc25a38",13952,3551,10401
"Rpsa",4604,1861,2743
"Snora62",130,130,0
"Gm5922",3882,2738,1144
"Mobp",31640,6376,25264
"LOC105245083",3928,3653,275
"LOC102642880",42450,562,41888
"Myrip",172183,7348,164835
"Gm15566",709,709,0
"Gm34159",19008,8361,10647
"Gm15565",1081,1081,0
"D830035M03Rik",2127,1152,975
"Eif1b",2722,917,1805
"Gm7229",20440,1866,18574
"Entpd3",28510,3453,25057
"Rpl14",3137,935,2202
"5830454E08Rik",743,743,0
"Gm34323",40950,1201,39749
"LOC105243569",8715,1237,7478
"LOC105243570",3241,1961,1280
"LOC105243571",7023,804,6219
"Gm18101",548,548,0
"LOC105243572",10457,1778,8679
"LOC105243573",5868,2769,3099
"Gm34425",2324,801,1523
"LOC105243574",2196,1186,1010
"Gm34480",4164,2185,1979
"1700020M21Rik",1477,642,835
"4930593C16Rik",6348,583,5765
"LOC102637827",1677,971,706
"Ctnnb1",27108,3623,23485
"Mir7090",62,62,0
"Ulk4",325944,10490,315454
"Gm34945",8250,5471,2779
"Gm18229",1138,1138,0
"Gm34735",3065,1676,1389
"Gm34655",2006,842,1164
"Trak1",177413,9943,167470
"LOC105245086",3968,3928,40
"Cck",5871,854,5017
"LOC102643147",30083,2457,27626
"Lyzl4",63726,1022,62704
"Lyzl4os",27236,726,26510
"Vipr1",30239,4902,25337
"Sec22c",26692,7474,19218
"Gm35095",3620,3563,57
"Deb1",2533,517,2016
"Nktr",38662,10281,28381
"E530011L22Rik",3304,3304,0
"Zfp651",13105,7249,5856
"Klhl40",13902,3041,10861
"Hhatl",8510,3187,5323
"Ccdc13",41892,5265,36627
"Higd1a",9798,2382,7416
"LOC105243577",1930,1467,463
"Ackr2",12717,3149,9568
"Cyp8b1",1950,1950,0
"1700048O20Rik",9742,1848,7894
"Fam198a",37223,4371,32852
"Pomgnt2",14421,2584,11837
"LOC105243578",20292,4689,15603
"LOC105243580",22026,1376,20650
"LOC105243579",4614,1223,3391
"Snrk",52442,5184,47258
"Ano10",118570,3157,115413
"Mir8106",139,139,0
"Gm35289",3189,597,2592
"Gm35398",2566,1878,688
"Abhd5",29986,3276,26710
"A730085K08Rik",16780,566,16214
"Gm35454",2236,334,1902
"9530059O14Rik",8147,3978,4169
"Mir138-1",99,99,0
"Gm35501",9155,6543,2612
"Topaz1",54858,5098,49760
"Tcaim",30972,3628,27344
"Gm35549",9273,4411,4862
"Zfp445",37941,6579,31362
"Zkscan7",11641,4857,6784
"Znf660",8050,2791,5259
"Zfp105",8003,2176,5827
"1110059G10Rik",5912,3361,2551
"Kif15",67682,6014,61668
"Gm35691",410,410,0
"Tmem42",2454,1251,1203
"Tgm4",32818,3192,29626
"Zdhhc3",46404,12416,33988
"Exosc7",22899,1879,21020
"Clec3b",6487,992,5495
"Cdcp1",45320,5493,39827
"Tmem158",1733,1733,0
"LOC105243581",15395,343,15052
"Scp2-ps2",479,479,0
"Lars2",95727,3978,91749
"LOC105245087",5807,1103,4704
"Limd1",42892,5053,37839
"Sacm1l",62717,3433,59284
"Gm35916",614,582,32
"Slc6a20b",38746,3287,35459
"Slc6a20a",41926,1894,40032
"Gm10052",1428,1428,0
"Lztfl1",23256,6712,16544
"Ccr9",16247,4392,11855
"Gm17021",5391,2876,2515
"Fyco1",62400,8068,54332
"Cxcr6",5290,1935,3355
"Xcr1",9715,4453,5262
"Gm2774",1146,1146,0
"Ccr1",6567,2831,3736
"Ccr1l1",1460,1460,0
"Ccr3",18061,3520,14541
"Ccr2",7223,3981,3242
"Ccr5",5641,2926,2715
"LOC105243585",14341,1749,12592
"Gm34971",5886,5235,651
"2010315B03Rik",20918,2786,18132
"Nlrp4g",5661,2404,3257
"4930526I15Rik",1606,1215,391
"Gm20783",10019,6329,3690
"Ppp2r3d",38094,4501,33593
"LOC102638775",1105,732,373
"Gm30674",2616,611,2005
"Gm3318",1208,1208,0
"9230019H11Rik",9735,2830,6905
"B020014A21Rik",8103,1938,6165
"Gm8155",1602,1602,0
"Gm6667",35376,748,34628
"H60c",11891,3027,8864
"Gm29826",87838,499,87339
"Gm16514",442,442,0
"Gm18703",745,745,0
"LOC105245092",1231,484,747
"Gm26752",9790,2161,7629
"Ppp1r14c",98909,2711,96198
"Gm29987",14737,1506,13231
"Gm30033",29802,1096,28706
"Iyd",14599,1540,13059
"LOC102632053",14133,1268,12865
"Gm30164",38943,5798,33145
"Plekhg1",227053,9233,217820
"Gm16149",555,555,0
"Gm16148",876,876,0
"Mthfd1l",196641,7120,189521
"Gm16074",2891,2834,57
"LOC105245093",8316,3089,5227
"Gm30570",6695,2657,4038
"Akap12",93143,6247,86896
"LOC105245094",33400,3671,29729
"Zbtb2",25629,8314,17315
"Rmnd1",29242,3142,26100
"1700052N19Rik",25933,2887,23046
"LOC105245095",21992,934,21058
"Ccdc170",80959,5338,75621
"Gm3266",601,601,0
"Esr1",393645,9266,384379
"Syne1",530638,32858,497780
"LOC105245096",3917,3185,732
"Myct1",13062,2777,10285
"Vip",8425,1555,6870
"LOC105245097",2714,1544,1170
"Gm30617",6680,372,6308
"Fbxo5",6308,1807,4501
"Mtrf1l",13272,3836,9436
"Rgs17",96738,8539,88199
"Gm18902",1102,1102,0
"Gm3213",5392,522,4870
"Gm4921",8190,8190,0
"Oprm1",279617,15495,264122
"Ipcef1",137407,8921,128486
"Cnksr3",93177,4200,88977
"LOC105245098",3164,3056,108
"Gm21321",2052,1393,659
"Ulbp1",28765,1979,26786
"LOC105245099",5371,1091,4280
"Lrp11",35717,3451,32266
"Pcmt1",51594,4760,46834
"Gm30697",7053,6993,60
"A630066F11Rik",1253,1253,0
"Nup43",11383,1290,10093
"BC020402",2188,2188,0
"Lats1",35253,7667,27586
"Katna1",37151,1915,35236
"LOC105245103",6749,1459,5290
"Ginm1",13000,1591,11409
"LOC102632778",1414,501,913
"Ppil4",29673,3045,26628
"Zc3h12d",38075,4261,33814
"Mir5104",94,94,0
"Tab2",50578,4599,45979
"Gm30820",8992,1340,7652
"LOC105245104",125224,314,124910
"Gm30906",18775,2100,16675
"Gm30959",3950,2699,1251
"Ust",314073,4790,309283
"LOC102633239",21956,4342,17614
"LOC105245105",12105,2888,9217
"LOC105245106",2255,1085,1170
"Sash1",233921,9801,224120
"Gm31329",20828,2180,18648
"Gm31263",7471,3939,3532
"Gm31177",6655,6655,0
"Samd5",47950,2495,45455
"Gm6150",7188,2980,4208
"Gm31471",4374,479,3895
"Gm19161",734,734,0
"Stxbp5",145681,10250,135431
"Gm28905",192290,4574,187716
"Gm31904",4829,2422,2407
"LOC102634128",23725,4499,19226
"Adgb",139433,6397,133036
"Gm15568",1349,1349,0
"Rab32",13169,2054,11115
"Gm5177",10369,3785,6584
"Grm1",396319,7856,388463
"4930567K20Rik",7086,444,6642
"Shprh",68275,11735,56540
"LOC105245161",1269,1200,69
"Fbxo30",16719,5338,11381
"Epm2a",114788,1964,112824
"Gm16207",728,728,0
"Gm9797",1182,1182,0
"LOC105245107",29760,216,29544
"Utrn",487499,17438,470061
"Gm7525",4438,4438,0
"B230208H11Rik",6482,1182,5300
"Stx11",24518,2894,21624
"Sf3b5",734,734,0
"LOC105245108",23989,258,23731
"Plagl1",40907,5260,35647
"Zc2hc1b",34944,2457,32487
"Ltv1",14541,2419,12122
"Gm30035",946,946,0
"Phactr2",266805,9761,257044
"Fuca2",16270,3976,12294
"Pex3",29308,2412,26896
"Adat2",10470,1453,9017
"Aig1",221983,1915,220068
"Gm32172",7929,633,7296
"Gm32105",5218,328,4890
"Gm8330",1221,1221,0
"Hivep2",185600,13535,172065
"LOC105245109",2050,1109,941
"Gpr126",143143,7384,135759
"Gm10335",535,535,0
"Vta1",50768,1936,48832
"1700016L04Rik",53411,910,52501
"Gje1",2589,1477,1112
"Gm8355",2103,2103,0
"Nmbr",18132,3761,14371
"Gm30118",587,587,0
"Gm18188",533,533,0
"Gm7198",1312,1312,0
"LOC105245110",61943,1189,60754
"Gm32283",4273,911,3362
"Gm9535",831,831,0
"C330004P14Rik",15289,628,14661
"Gm18557",1777,1777,0
"Gm5178",901,901,0
"Gm5948",830,830,0
"Gm18039",636,636,0
"Gm20125",144689,3401,141288
"Gm6765",545,545,0
"LOC105245111",6493,891,5602
"Gm32716",56290,605,55685
"Gm32656",18821,1923,16898
"Gm32543",20593,2008,18585
"Cited2",2470,2114,356
"Gm20655",12978,5726,7252
"Txlnb",49575,4587,44988
"Gm7584",937,937,0
"Heca",49026,5270,43756
"Abracl",12104,993,11111
"Reps1",69595,2997,66598
"Ect2l",81869,2900,78969
"Ccdc28a",21307,1413,19894
"LOC105245112",9262,6667,2595
"Nhsl1",215335,12361,202974
"Gm18942",1121,1121,0
"LOC102635572",9161,7184,1977
"Hebp2",5954,1910,4044
"D10Bwg1379e",162231,14699,147532
"Gm4922",9626,5081,4545
"Gm32926",54423,3091,51332
"4930444F02Rik",34632,4202,30430
"Perp",12003,1901,10102
"Tnfaip3",14501,4809,9692
"1700124M09Rik",603,259,344
"Tpi-rs5",1344,1344,0
"Gm20139",66199,6220,59979
"LOC105245113",8243,444,7799
"Gm7213",950,950,0
"Gm33056",34829,1565,33264
"Olig3",2066,2066,0
"Gm33104",20677,1481,19196
"Ifngr1",18268,2099,16169
"Il22ra2",12654,2468,10186
"Gm33332",56859,984,55875
"Il20ra",48381,2966,45415
"Slc35d3",4445,4014,431
"Pex7",47585,1894,45691
"Map3k5",208238,6831,201407
"Map7",132671,6825,125846
"LOC102636340",2984,500,2484
"4930405J17Rik",2608,629,1979
"Gm6251",592,592,0
"Gm30285",425,265,160
"Mir6413",108,108,0
"Bclaf1",31043,7278,23765
"Mtfr2",14681,3369,11312
"Pde7b",328017,5760,322257
"Gm17229",1144,1144,0
"Gm17230",3870,3870,0
"Gm33510",18872,383,18489
"Rps2-ps3",787,787,0
"Ahi1",127941,5408,122533
"Gm20149",13501,4907,8594
"Myb",36055,3777,32278
"LOC105245114",9875,1483,8392
"Gm33619",1698,621,1077
"Gm33671",11963,1849,10114
"Gm33728",23714,1191,22523
"Gm2467",1233,1233,0
"Hbs1l",72911,5001,67910
"4930455C13Rik",22968,1016,21952
"Gm33803",6919,578,6341
"Aldh8a1",19279,2243,17036
"Fkbp1a-ps2",1539,1539,0
"Gm33945",14173,3850,10323
"Gm33892",3369,813,2556
"1700020N01Rik",29231,1061,28170
"Gm5420",3134,2206,928
"Gm6846",13602,2575,11027
"Sgk1",117720,4158,113562
"LOC105245115",2583,2067,516
"Gm18511",800,800,0
"Gm7672",2357,2357,0
"Gm18637",1539,1539,0
"Gm34267",4265,1175,3090
"4930444G20Rik",1771,1771,0
"Gm2539",28098,2486,25612
"E030030I06Rik",36221,2292,33929
"Gm7678",940,940,0
"Gm4895",1712,1712,0
"Raet1e",33260,4116,29144
"Gm26740",120098,3228,116870
"Gm1972",13985,1452,12533
"H60b",15671,3684,11987
"C920009B18Rik",6223,4515,1708
"Gm5421",2737,2737,0
"Raet1d",12279,1326,10953
"Gm34607",34287,2632,31655
"Gm34656",6565,2455,4110
"Gm10825",4658,4548,110
"Gm16531",13976,1452,12524
"LOC105245116",10467,152,10315
"Gm26585",739,739,0
"LOC105245118",42711,1020,41691
"Slc2a12",91158,4931,86227
"Tbpl1",28697,3960,24737
"Mir7663",61,61,0
"LOC105245117",4342,4267,75
"Gm17794",1164,1164,0
"Gm10824",8578,1740,6838
"Tcf21",2866,1239,1627
"Gm35027",17645,961,16684
"Gm35126",13869,1171,12698
"Gm35179",17662,864,16798
"LOC105245119",1877,672,1205
"Eya4",247895,7349,240546
"Gm35291",12953,1292,11661
"Rps12",2027,518,1509
"Snora33",105,105,0
"Snord100",68,68,0
"Slc18b1",31316,3278,28038
"Vnn3",18382,1811,16571
"Vnn1",10657,2417,8240
"Taar1",999,999,0
"Taar2",22028,1179,20849
"Taar3",1032,1032,0
"Taar4",1044,1044,0
"Taar5",1014,1014,0
"Taar6",1038,1038,0
"Taar7a",1077,1077,0
"Taar7b",1077,1077,0
"Taar7c-ps",1055,1055,0
"Gm15136",574,574,0
"Taar7d",1077,1077,0
"Taar7e",1077,1077,0
"Gm6884",719,719,0
"Taar7f",1077,1077,0
"Taar8a",1035,1035,0
"Taar8b",1035,1035,0
"Taar8c",1109,1109,0
"Taar9",1047,1047,0
"LOC105245120",6661,827,5834
"Stx7",39672,2529,37143
"Moxd1",79267,3083,76184
"LOC102638890",263831,13527,250304
"LOC105245121",5158,4225,933
"Gm36089",18790,4070,14720
"Gm6893",3155,2619,536
"Ctgf",3242,2403,839
"Enpp1",74241,6874,67367
"Enpp3",62382,2815,59567
"Med23",43544,4946,38598
"Mir6905",70,70,0
"Arg1",12264,1477,10787
"LOC105245122",3247,1647,1600
"Gm36172",2353,635,1718
"Gm36228",32662,2181,30481
"Gm4777",956,956,0
"Gm36313",22521,8658,13863
"Akap7",130485,7849,122636
"Gm7791",763,763,0
"LOC105245123",7315,1318,5997
"Epb4.1l2",163722,7186,156536
"Smlr1",8330,674,7656
"Gm29571",167090,8288,158802
"Gm36908",7214,4535,2679
"Gm36543",15850,4121,11729
"4930401C15Rik",58124,865,57259
"Gm19801",5108,5108,0
"Gm8681",615,615,0
"Gm6906",566,566,0
"Gm29673",1184,1184,0
"Tmem200a",88227,5874,82353
"Gm9767",1193,1193,0
"Gm4739",989,989,0
"Samd3",43299,4652,38647
"L3mbtl3",101520,5460,96060
"Gm5649",1245,1245,0
"Gm30034",66171,1284,64887
"Gm8709",1206,1206,0
"Arhgap18",223337,4614,218723
"Gm30534",319,319,0
"Lama2",635767,10105,625662
"LOC105245124",854,561,293
"Gm17917",946,946,0
"4930579H20Rik",7558,1714,5844
"Gm30165",24794,301,24493
"Gm30228",63844,1075,62769
"Gm18041",618,618,0
"Gm18972",832,832,0
"Gm10145",694,694,0
"Gm18507",525,525,0
"Ptprk",523067,7174,515893
"LOC105245125",15785,14907,878
"Themis",215494,5351,210143
"4930519F09Rik",1545,1545,0
"2310057J18Rik",14019,1319,12700
"Gm18508",1699,1699,0
"Gm9824",1180,1180,0
"Gm30619",3322,647,2675
"Soga3",56357,4670,51687
"9330159F19Rik",31588,11881,19707
"LOC105245126",3251,1266,1985
"Echdc1",35155,4906,30249
"Rnf146",18267,4456,13811
"Gm30698",1228,1155,73
"LOC105245127",7612,1856,5756
"Gm18903",559,559,0
"Rspo3",82762,2397,80365
"Gm10275",634,634,0
"Gm6390",1213,1213,0
"Gm232",6001,2698,3303
"Gm8767",1073,1073,0
"Gm2829",513,513,0
"Cenpw",4592,1576,3016
"Gm4780",1244,1244,0
"LOC105245128",1184,280,904
"Trmt11",67923,4089,63834
"Gm20300",3440,3440,0
"Hint3",21195,1628,19567
"Ncoa7",160396,8238,152158
"Gm5171",2367,2367,0
"Gm30618",8610,2997,5613
"Hey2",10425,2532,7893
"Gm30676",37029,545,36484
"Gm7333",4480,3361,1119
"Gm5422",2907,2907,0
"Hddc2",14725,4069,10656
"Tpd52l1",113770,1510,112260
"Gm3258",710,710,0
"Gm30730",14612,1991,12621
"Rnf217",107839,2860,104979
"Gm7909",614,614,0
"Gm8793",1305,1305,0
"Nkain2",1204688,7925,1196763
"Gm18189",2192,2192,0
"Gm18704",742,742,0
"Trdn",393227,4514,388713
"D830005E20Rik",34013,1844,32169
"Gm19073",536,536,0
"Gm29884",458,458,0
"Gm20304",449,449,0
"Clvs2",112620,2853,109767
"Gm15939",38187,2147,36040
"Gm4794",20281,930,19351
"Gm10327",1200,1200,0
"Sult3a1",28456,1180,27276
"Rsph4a",10911,3650,7261
"Zufsp",32206,2978,29228
"Gm7940",836,836,0
"A830082N09Rik",7840,7840,0
"Rwdd1",23062,1082,21980
"Trappc3l",72219,1185,71034
"Fam26d",5530,3714,1816
"Fam26e",5168,1786,3382
"Fam26f",1906,1082,824
"Dse",56890,4404,52486
"Gm18346",653,653,0
"Gm26564",67199,547,66652
"Tspyl1",2696,2696,0
"Tspyl4",3900,3900,0
"Nt5dc1",114981,3822,111159
"Col10a1",7105,3130,3975
"Frk",128135,5107,123028
"Gm19162",723,723,0
"Gm18252",704,704,0
"Gm8834",565,565,0
"Gm18729",621,621,0
"Amd2",3201,3201,0
"Gm31016",7885,287,7598
"LOC105245129",7747,3420,4327
"Gm30795",674,674,0
"Hs3st5",327594,3101,324493
"Hdac2",27346,2227,25119
"Marcks",5684,4186,1498
"Gm16524",10240,1108,9132
"Gm31144",15369,1455,13914
"Gm26535",60148,4624,55524
"Gm31202",3664,512,3152
"Gm31330",6541,430,6111
"Gm31378",6156,606,5550
"4930591E09Rik",6130,486,5644
"LOC105245130",27619,361,27258
"Rfpl4b",6257,1174,5083
"Gm17779",43968,505,43463
"Lama4",144674,6046,138628
"Fam229b",15140,793,14347
"Tube1",17080,3146,13934
"Wisp3",12824,1418,11406
"LOC105245131",3014,676,2338
"LOC105245132",9379,5130,4249
"Gm6477",1162,1162,0
"LOC105245133",9048,427,8621
"Gm31562",10318,3443,6875
"Gm31616",1297,655,642
"Fyn",195612,4073,191539
"LOC105245135",6400,448,5952
"Gm16364",60932,10318,50614
"LOC105245134",8728,3667,5061
"Traf3ip2",42374,3147,39227
"E130307A14Rik",110597,1664,108933
"Gm8899",1468,1468,0
"Rev3l",143112,10989,132123
"LOC105245136",4934,4446,488
"AA474331",6479,781,5698
"Gm8911",2455,2455,0
"2010001E11Rik",6542,2285,4257
"Gm31848",7467,2701,4766
"G630090E17Rik",13242,1782,11460
"BC021785",28586,5981,22605
"AI317395",23696,2841,20855
"Gm8055",1186,1186,0
"Slc16a10",108733,6632,102101
"Gm31930",23154,2697,20457
"Gm31992",11869,2333,9536
"Rpf2",23794,1890,21904
"Gm32056",2489,2489,0
"Gtf3c6",10458,3028,7430
"Rnu3a",104,104,0
"Amd1",14731,3206,11525
"Gm8948",411,411,0
"Cdk19",134511,5807,128704
"Gm8067",562,562,0
"Gm32234",1954,1942,12
"Gm18671",683,683,0
"Gm17795",1014,1014,0
"Slc22a16",33815,2287,31528
"Ddo",44940,5809,39131
"Mettl24",128788,3131,125657
"Cdc40",51523,3366,48157
"Wasf1",55036,2789,52247
"Gm19611",7650,1011,6639
"Gpr6",2725,2202,523
"Gm32284",15109,492,14617
"Gm32338",32508,572,31936
"Gm32411",3033,422,2611
"Fig4",115070,3263,111807
"Ak9",130149,6756,123393
"Gm18305",2536,2536,0
"Gm18986",1986,1986,0
"Zbtb24",15227,4377,10850
"Mical1",11171,4330,6841
"Smpd2",3169,1606,1563
"Ppil6",23857,1913,21944
"Cd164",11543,2830,8713
"Ccdc162",180160,11937,168223
"5730435O14Rik",8461,617,7844
"Mir3473b",55,55,0
"Cep57l1",91029,2387,88642
"BC048559",6155,819,5336
"Sesn1",97863,3339,94524
"Armc2",110628,6785,103843
"Gm17869",671,671,0
"Gm33058",16742,1791,14951
"1700016J18Rik",10931,3006,7925
"LOC105245137",40383,5966,34417
"Gm9855",2896,2896,0
"Foxo3",94902,6838,88064
"LOC102636048",27374,8280,19094
"Gm33333",9497,2651,6846
"Lace1",166004,3092,162912
"Snx3",33316,1377,31939
"Nr2e1",21626,3269,18357
"LOC102636808",3243,2433,810
"Gm5036",2079,2079,0
"Ostm1",23547,3009,20538
"Gm15199",18630,1591,17039
"Sec63",71019,6032,64987
"Gm33916",2487,895,1592
"Scml4",100466,6769,93697
"Gm34006",3943,2609,1334
"Gm5079",20882,7882,13000
"Sobp",172089,5038,167051
"9030612E09Rik",1867,1867,0
"Pdss2",244573,8968,235605
"LOC105245138",26853,4857,21996
"Rps19-ps11",489,489,0
"Gm3699",397,397,0
"Bend3",36278,9620,26658
"Gm9803",534,534,0
"1700021F05Rik",15921,2269,13652
"Cd24a",5097,1816,3281
"F830002L21Rik",37488,1833,35655
"LOC105245140",18028,4594,13434
"Rpl26-ps1",429,429,0
"Gm34481",3546,2739,807
"LOC105245139",5497,2739,2758
"LOC105245141",1756,1229,527
"1700027J07Rik",19679,1060,18619
"LOC105245142",8524,1293,7231
"Gm9034",1218,1218,0
"4933404K13Rik",7407,1324,6083
"Qrsl1",27552,1975,25577
"Rtn4ip1",46056,2981,43075
"Aim1",198618,8091,190527
"LOC105245143",16635,2725,13910
"Gm5949",1610,1610,0
"Gm18669",805,805,0
"Speer5-ps1",49139,1522,47617
"LOC105245144",502,351,151
"Atg5",95942,2414,93528
"Gm19229",520,520,0
"Mir1929",93,93,0
"Gm35028",8034,1533,6501
"Prdm1",91387,8292,83095
"Gm5950",3198,1318,1880
"Gm35154",90002,733,89269
"4930431F10Rik",8124,1149,6975
"Gm6983",690,690,0
"LOC105245145",40660,605,40055
"Gm4795",1070,1070,0
"LOC105245146",3881,548,3333
"2310075K07Rik",923,923,0
"Prep",92768,3792,88976
"Gm15934",2112,523,1589
"Popdc3",29146,1851,27295
"Bves",36723,4722,32001
"Lin28b",110685,9122,101563
"Gm35372",18151,3904,14247
"Dbil5-ps",704,704,0
"Hace1",134775,4354,130421
"D030045P18Rik",44315,1892,42423
"Gm7338",792,792,0
"Gm35430",8787,510,8277
"LOC105245147",24792,4257,20535
"Gm19994",648,648,0
"Gm35552",91083,1241,89842
"Gm3442",919,919,0
"Gm19137",1805,1805,0
"Gm9068",1866,1866,0
"Gm3473",1101,1101,0
"C130030K03Rik",2163,2163,0
"Grik2",694409,10962,683447
"Gm18512",547,547,0
"LOC105245148",2862,2793,69
"LOC105245149",59107,535,58572
"Gm35632",48917,664,48253
"LOC105245150",998,245,753
"Gm6991",1174,1174,0
"Gm35747",31669,1424,30245
"Ascc3",258536,7479,251057
"Gm18120",514,514,0
"LOC105245152",5378,4889,489
"Sim1",94484,8776,85708
"Gm35917",11221,1487,9734
"Gm5040",862,862,0
"Gp49a",5718,1487,4231
"Lilrb4",5731,2022,3709
"LOC105245153",6622,1500,5122
"Fam162b",5179,729,4450
"Gprc6a",16927,3147,13780
"Rfx6",52681,3724,48957
"4933411G06Rik",1021,1021,0
"LOC105245154",5101,454,4647
"Vgll2",5970,1650,4320
"Ros1",150533,8618,141915
"Gm18513",620,620,0
"Dcbld1",87795,3061,84734
"Gopc",45101,4317,40784
"Gm6627",2804,2375,429
"Rps19-ps10",480,480,0
"Nepn",15742,2206,13536
"Nus1",22646,4614,18032
"Zfa-ps",3420,3420,0
"Gm36065",2204,232,1972
"Slc35f1",421122,4973,416149
"Gm36123",37238,7578,29660
"LOC105245155",9554,8992,562
"LOC105245157",25975,332,25643
"Gm36173",25564,1177,24387
"Cep85l",103903,4875,99028
"Gm19395",3418,658,2760
"Gm17823",1225,1225,0
"Pln",8314,2480,5834
"Gm36229",15020,2769,12251
"Gm5423",3359,3359,0
"Gm36280",22168,360,21808
"Gm20597",20547,5486,15061
"LOC105245158",4057,998,3059
"Mcm9",94125,7779,86346
"Asf1a",12265,2192,10073
"Fam184a",118104,6310,111794
"Man1a",171802,5381,166421
"Gm16998",5160,1230,3930
"LOC105245159",63649,221,63428
"Gm36335",21232,351,20881
"Gm31849",369,369,0
"Tbc1d32",215164,8277,206887
"Msl3l2",33054,2504,30550
"Gm29794",4643,4523,120
"Rps8-ps1",692,692,0
"Gja1",13223,3602,9621
"Gm36460",4075,802,3273
"Gm36517",663,327,336
"Gm36595",43916,2008,41908
"Gm9118",1053,1053,0
"Gm9795",1170,1170,0
"Gm31931",367,367,0
"Gm36769",2682,627,2055
"Gm36827",11399,744,10655
"LOC105245160",42917,3412,39505
"Gm7001",1687,1687,0
"Gm9129",4731,4731,0
"Gm19256",664,664,0
"4930467K11Rik",7971,723,7248
"Hsf2",26957,7068,19889
"Serinc1",16756,2879,13877
"Rpl48-ps1",885,885,0
"Pkib",109132,6288,102844
"Gm18253",907,907,0
"Gm5777",714,714,0
"Fabp7",3528,762,2766
"Smpdl3a",17287,1791,15496
"LOC100504180",3434,3434,0
"Gm10807",808,808,0
"Gm4981",1813,1813,0
"Gm9919",13669,1316,12353
"Gcc2",51304,7748,43556
"LOC105245180",4880,2144,2736
"Lims1",101257,8857,92400
"Ranbp2",47304,9477,37827
"Ccdc138",78544,3309,75235
"Gm18042",794,794,0
"Edar",74917,4035,70882
"Gm36158",6503,522,5981
"BB019430",7533,1320,6213
"Gm6494",2102,2102,0
"Sh3rf3",326545,8265,318280
"Sept10",80221,2666,77555
"Sowahc",4513,4513,0
"Gm36257",13262,1143,12119
"LOC105245181",8564,1222,7342
"LOC105245182",10370,2247,8123
"P4ha1",50059,4164,45895
"Gm10273",1141,1141,0
"Pla2g12b",18557,1422,17135
"Oit3",18820,2716,16104
"Gm36318",2133,800,1333
"Mcu",169709,4088,165621
"Gm36369",2345,2307,38
"LOC105245183",7331,4661,2670
"LOC105245184",22681,616,22065
"Micu1",161653,2461,159192
"Gm17059",2632,2095,537
"Gm7399",1330,1330,0
"Gm7413",522,522,0
"Dnajb12",19728,3076,16652
"LOC105245185",13154,312,12842
"Ddit4",2096,1685,411
"Anapc16",15723,1898,13825
"Ascc1",97498,2323,95175
"Spock2",28942,5346,23596
"Mir6906",58,58,0
"Chst3",37734,9217,28517
"Gm2038",871,871,0
"Psap",24973,2731,22242
"Cdh23",394102,12058,382044
"4632428N05Rik",81531,5551,75980
"Gm17455",4210,2469,1741
"Slc29a3",40779,5308,35471
"Unc5b",69011,6275,62736
"Gm36750",38750,1771,36979
"Mir6408",91,91,0
"Pldi",9907,853,9054
"Gm26947",8959,5377,3582
"Mir466j",122,122,0
"Gm20611",6778,1131,5647
"Pcbd1",4999,822,4177
"Sgpl1",49045,4144,44901
"Tbata",16878,2023,14855
"Adamts14",76327,5188,71139
"Gm29861",3619,1856,1763
"Prf1",6584,2317,4267
"Rpl27a-ps1",514,514,0
"Pald1",63878,4494,59384
"Nodal",7366,2094,5272
"Eif4ebp2",20173,1786,18387
"Lrrc20",107516,3741,103775
"Gm17829",1026,1026,0
"LOC105245186",26241,2789,23452
"Npffr1",33279,3913,29366
"Ppa1",25545,1292,24253
"1700022H01Rik",5764,684,5080
"Sar1a",12994,3316,9678
"Tysnd1",7277,2340,4937
"Aifm2",23998,4309,19689
"H2afy2",45458,2210,43248
"Mir5108",85,85,0
"Gm2137",2526,967,1559
"Col13a1",140975,6920,134055
"LOC105245187",29753,1978,27775
"Gm30121",16481,2260,14221
"Gm5750",859,859,0
"Gm5424",1550,1550,0
"2010107G23Rik",3419,2153,1266
"Neurog3",1674,1540,134
"Tspan15",45882,4419,41463
"Mir7662",61,61,0
"Tacr2",13553,2258,11295
"Hk1",111066,5328,105738
"Hk1os",9260,557,8703
"LOC105245188",1275,998,277
"Hkdc1",39329,4774,34555
"Gm30322",6913,1116,5797
"Supv3l1",21966,4056,17910
"4930507D05Rik",2194,2194,0
"Vps26a",31963,3252,28711
"Srgn",33020,2091,30929
"2510003E04Rik",19995,2828,17167
"Ddx21",22052,4743,17309
"Ddx50",35592,3034,32558
"Stox1",67057,3651,63406
"Gm18514",532,532,0
"Mir7215",51,51,0
"Ccar1",48441,4564,43877
"Gm31937",1531,830,701
"Snord98",28,28,0
"Tet1",83011,14878,68133
"Slc25a16",25867,3146,22721
"Gm16128",574,574,0
"Dna2",27209,4274,22935
"Rufy2",38520,11649,26871
"Hnrnph3",9240,2328,6912
"Pbld2",34765,2912,31853
"Gm16143",2031,704,1327
"LOC102641989",1553,1516,37
"Pbld1",17339,2890,14449
"Atoh7",3265,3135,130
"Mypn",88158,5246,82912
"Herc4",74100,5496,68604
"Sirt1",20057,4679,15378
"Dnajc12",26398,1365,25033
"Gm7530",715,715,0
"Gm7075",1145,1120,25
"Ctnna3",1575298,5810,1569488
"Gm30644",4507,1495,3012
"Lrrtm3",161759,3852,157907
"Gm28881",862,490,372
"Gm7540",820,655,165
"Gm4796",633,633,0
"Marcksl1-ps1",693,693,0
"Gm19116",647,647,0
"Gm30853",32593,1007,31586
"LOC105245189",4320,1745,2575
"1700023F02Rik",3456,345,3111
"4930407I19Rik",34219,923,33296
"Gm31056",36709,509,36200
"Gm18509",917,917,0
"LOC105245190",219229,229,219000
"Gm18777",850,850,0
"Gm31240",4660,1707,2953
"LOC105245191",25718,1692,24026
"Gm31416",79416,2285,77131
"1110002J07Rik",8426,3808,4618
"Gm31763",36252,1025,35227
"Reep3",87800,6400,81400
"Jmjd1c",160013,11171,148842
"Nrbf2",18659,3316,15343
"Gm31962",19611,891,18720
"Gm32023",5281,1134,4147
"Gm32108",6920,1396,5524
"Gm32255",38952,1676,37276
"LOC105245192",2004,1389,615
"Gm32176",2415,1075,1340
"Egr2",7733,4139,3594
"Ado",4445,4445,0
"LOC105245193",4351,2758,1593
"Gm32364",44225,10566,33659
"Gm32515",2810,1648,1162
"Gm32438",10069,2980,7089
"LOC105245194",5412,932,4480
"1700030E10Rik",9625,894,8731
"LOC105245195",29208,262,28946
"LOC102635169",3273,1638,1635
"Gm29774",529,529,0
"Gm19535",8112,655,7457
"Zfp365",26558,4257,22301
"4930521O17Rik",11230,491,10739
"Rtkn2",64299,4125,60174
"Arid5b",186204,9237,176967
"LOC105245196",76448,6656,69792
"4930545H06Rik",2078,769,1309
"Gm32748",14660,373,14287
"LOC105245197",53203,817,52386
"1700040L02Rik",110964,2558,108406
"Gm32872",3743,162,3581
"Gm7594",861,861,0
"Tmem26",58910,5135,53775
"Gm32931",23934,1301,22633
"Gm33035",24244,3182,21062
"Gm33130",17536,985,16551
"LOC105245198",4992,716,4276
"Gm33263",3356,455,2901
"Rhobtb1",140513,7797,132716
"A930033H14Rik",3638,3270,368
"LOC105245199",3384,761,2623
"Rpl30-ps7",467,467,0
"LOC102636160",1794,304,1490
"Cdk1",16278,2860,13418
"Gm18636",1068,1068,0
"Ank3",493857,20632,473225
"Gm33464",15330,1528,13802
"Gm33416",4109,1394,2715
"Gm33361",4999,3224,1775
"Ccdc6",96325,6875,89450
"LOC105245200",4748,4205,543
"2310015B20Rik",15045,443,14602
"Slc16a9",40676,3584,37092
"LOC105245201",18746,1022,17724
"Gm33704",690,594,96
"LOC102636776",173,173,0
"Fam13c",118065,3510,114555
"Gm29783",3639,1931,1708
"Phyhipl",41606,3382,38224
"D630013N20Rik",54915,2082,52833
"LOC105245202",7377,3033,4344
"Gm33979",25199,1025,24174
"LOC105245203",12158,271,11887
"4930533K18Rik",42141,727,41414
"Bicc1",236910,5552,231358
"Gm34183",2062,2019,43
"Gm34137",22317,8724,13593
"Gm32025",1647,1647,0
"Gm6331",468,468,0
"C730027H18Rik",13304,2300,11004
"Gm34328",19979,519,19460
"1700113B09Rik",2744,430,2314
"Tfam",13490,4171,9319
"Ube2d1",30283,1500,28783
"Gm34376",4506,1528,2978
"Gm20609",3233,1527,1706
"Rpl19-ps2",705,705,0
"Cisd1",14356,965,13391
"Ipmk",38121,5899,32222
"LOC105245204",9211,2238,6973
"Gm34486",38101,313,37788
"Gm4797",1280,1280,0
"Gm19074",1429,1429,0
"Gm34544",3971,597,3374
"Gm4798",3569,3140,429
"Gm6362",3084,975,2109
"Gm5080",964,964,0
"LOC105245205",42734,831,41903
"1700049L16Rik",806,806,0
"Gm34609",34691,1303,33388
"Gm9923",2638,2638,0
"Gm34659",19970,1591,18379
"Zwint",20119,3728,16391
"Gm34776",33209,4299,28910
"A330049N07Rik",113403,1989,111414
"Pcdh15",1549710,17130,1532580
"Gm5778",1165,1165,0
"Gm19168",530,530,0
"Gm6407",918,918,0
"LOC105245206",9341,471,8870
"Gm7034",592,592,0
"Gm6419",650,650,0
"Rsph14",76838,3222,73616
"Gnaz",49818,3929,45889
"LOC105245207",9028,1632,7396
"Rab36",17854,4795,13059
"Bcr",124367,7256,117111
"Gm34951",4244,2787,1457
"Specc1l",100328,7170,93158
"LOC105245208",7339,7174,165
"Adora2a",17933,3682,14251
"Gm5779",907,907,0
"LOC105245209",1507,797,710
"Upb1",34769,3042,31727
"4933407G14Rik",13595,1262,12333
"Gucd1",11154,3842,7312
"Snrpd3",17399,604,16795
"Gm35061",1098,1098,0
"Lrrc75b",11351,5809,5542
"Ggt1",22080,2428,19652
"Ggt5",27642,4191,23451
"Gm19688",739,739,0
"LOC105245210",4035,3235,800
"Susd2",7390,3436,3954
"Cabin1",118249,7619,110630
"LOC105245211",14209,5746,8463
"LOC105245212",1654,1654,0
"Ddt",2142,609,1533
"Gstt3",7362,1950,5412
"Gstt1",14772,1226,13546
"Gstt4",7621,984,6637
"Gstt2",5578,1599,3979
"Mif",898,554,344
"LOC105245213",1309,903,406
"Derl3",2862,1654,1208
"Smarcb1",24846,1657,23189
"Mmp11",9300,2307,6993
"Chchd10",4778,1648,3130
"Gm867",3112,1558,1554
"Vpreb3",6627,905,5722
"LOC102638935",1357,1357,0
"LOC105245214",463,245,218
"Gm5134",55249,4518,50731
"Gm16219",1055,324,731
"Mir6409",92,92,0
"Zfp280b",10570,5209,5361
"Slc5a4b",52401,2381,50020
"Gm16222",1886,1298,588
"Gm19217",3858,3858,0
"Slc5a4a",41815,2055,39760
"Gm2628",788,788,0
"Prmt2",30640,2200,28440
"Mir678",84,84,0
"S100b",7484,1661,5823
"Dip2a",82253,6395,75858
"LOC105245217",2564,1443,1121
"LOC105245216",2098,2068,30
"LOC105245215",1877,684,1193
"Pcnt",92869,11964,80905
"1700094J05Rik",12493,997,11496
"2610028H24Rik",12196,2058,10138
"Ybey",9548,4522,5026
"Mcm3ap",46889,6725,40164
"Lss",25575,7436,18139
"4930483K19Rik",16356,1237,15119
"Spatc1l",12650,1625,11025
"Gm15343",5960,3779,2181
"Ftcd",14693,2754,11939
"Col6a2",27870,5757,22113
"LOC105245218",9271,1912,7359
"Gm35608",9082,3433,5649
"Col6a1",17253,3976,13277
"Pcbp3",200100,3034,197066
"Gm35664",462,262,200
"Gm35721",27475,2271,25204
"Gm3137",18450,1624,16826
"Gm10787",10220,1548,8672
"Slc19a1",18164,2943,15221
"Col18a1",114353,7297,107056
"Gm7775",1183,1183,0
"Gm35837",28213,3322,24891
"LOC105245220",916,814,102
"LOC105245219",1234,1060,174
"Gm10941",1459,719,740
"Pofut2",10287,2290,7997
"Adarb1",127547,7053,120494
"Gm17769",2564,2564,0
"Gm35920",12584,831,11753
"Gm35983",1870,678,1192
"Fam207a",51315,3746,47569
"Gm36040",1154,679,475
"Itgb2",35354,2949,32405
"Pttg1ip",16966,2939,14027
"Sumo3",12235,3221,9014
"Ube2g2",23670,1982,21688
"Mir1930",84,84,0
"Gm18119",613,613,0
"Gm19376",490,291,199
"Tspear",200965,4609,196356
"Gm19402",801,801,0
"Gm9508",961,961,0
"Gm10272",400,400,0
"Gm10024",564,564,0
"Gm10142",363,363,0
"Krtap12-1",671,671,0
"Gm10100",363,363,0
"Gm29802",409,409,0
"Gm18596",522,522,0
"Gm9736",907,907,0
"Gm3233",866,866,0
"Gm3238",693,693,0
"LOC102640500",728,728,0
"Gm3250",810,810,0
"Gm7137",779,779,0
"Gm9639",684,684,0
"Gm19668",747,747,0
"Gm9507",970,970,0
"Gm2696",723,723,0
"Krtap10-4",902,902,0
"Krtap10-10",1305,1305,0
"Gm36176",573,573,0
"Gm10318",930,930,0
"Gm3285",664,664,0
"1700009J07Rik",2692,914,1778
"Lrrc3",4962,4296,666
"Gm29914",1584,1085,499
"Trpm2",62185,8018,54167
"LOC105245221",1202,1070,132
"1810043G02Rik",6909,2162,4747
"Pfkl",22850,3719,19131
"Aire",13589,2026,11563
"Dnmt3l",21336,2816,18520
"Gm29996",4516,1797,2719
"Icosl",10158,2748,7410
"Gm30039",1620,1406,214
"LOC105245223",5028,1279,3749
"D10Jhu81e",7702,1363,6339
"Pwp2",14262,4344,9918
"Trappc10",57918,5048,52870
"LOC105245224",8811,774,8037
"Gm30122",15217,1513,13704
"Agpat3",83311,7206,76105
"Mir7659",58,58,0
"LOC105245225",3056,1216,1840
"Gm10146",453,453,0
"Rrp1",12682,2179,10503
"Mir6907",71,71,0
"Cstb",1953,602,1351
"Mir6410",104,104,0
"Pdxk",28202,5094,23108
"Mir6908",63,63,0
"Gm30232",11592,1993,9599
"Olfr1358",22395,1088,21307
"Gm5951",506,506,0
"Vmn2r-ps92",367,367,0
"Ilvbl",10158,3567,6591
"Syde1",7462,3637,3825
"Gm30346",5242,1503,3739
"Olfr1357",6406,1160,5246
"Gm7842",1310,1310,0
"Casp14",6353,2575,3778
"Ccdc105",6144,1718,4426
"Gm30400",20456,2115,18341
"LOC105245227",2513,1185,1328
"LOC105245226",8326,474,7852
"Slc1a6",34330,3268,31062
"Olfr1356",963,963,0
"Olfr1355",4558,1148,3410
"Olfr1354",1095,1095,0
"Olfr8",933,933,0
"Olfr1353",7304,1266,6038
"Olfr1352",3672,1174,2498
"Olfr1351",960,960,0
"LOC105245228",8222,1246,6976
"Olfr57",1080,1080,0
"2610008E11Rik",33252,4254,28998
"Vmn2r80",46118,2592,43526
"Vmn2r81",46759,3276,43483
"Vmn2r82",40176,2598,37578
"Vmn2r83",23197,2595,20602
"Ppap2c",7364,1651,5713
"Mir6909",62,62,0
"Mier2",15387,3811,11576
"Theg",10660,1502,9158
"C2cd4c",7172,6754,418
"Shc2",19985,3961,16024
"Odf3l2",16185,1485,14700
"Madcam1",4147,1604,2543
"Tpgs1",6717,1101,5616
"Cdc34",6204,1266,4938
"Gzmm",6242,1474,4768
"Bsg",7622,1752,5870
"Gm30480",717,416,301
"Hcn2",19475,3195,16280
"Polrmt",10465,3770,6695
"Fgf22",2998,1644,1354
"Rnf126",8438,1639,6799
"Fstl3",5357,1953,3404
"Prss57",14132,4336,9796
"Palm",27546,2962,24584
"LOC105245229",9189,3195,5994
"Misp",9434,2911,6523
"E130317F20Rik",3595,3595,0
"Ptbp1",10004,3108,6896
"Lppr3",14160,4275,9885
"Mir6910",66,66,0
"Prtn3",3508,972,2536
"Elane",1905,920,985
"LOC102632476",359,359,0
"Cfd",1808,927,881
"LOC105245230",2048,2015,33
"Med16",14235,3409,10826
"R3hdm4",6890,4222,2668
"Kiss1r",5312,3172,2140
"LOC105245231",2244,2096,148
"Arid3a",27976,6579,21397
"Wdr18",9095,2954,6141
"Grin3b",6794,3794,3000
"Tmem259",7211,2295,4916
"Cnn2",6801,1782,5019
"Abca7",19120,6849,12271
"Hmha1",14800,4459,10341
"Polr2e",3707,1008,2699
"Gpx4",9274,1534,7740
"Sbno2",49112,5646,43466
"Stk11",14993,4631,10362
"Dos",9703,4775,4928
"Atp5d",3539,966,2573
"Midn",10142,4104,6038
"Cirbp",6702,1774,4928
"1600002K03Rik",2176,651,1525
"Efna2",10529,2131,8398
"Mum1",18711,4142,14569
"Ndufs7",7673,1090,6583
"Gamt",2874,1094,1780
"Dazap1",26943,2219,24724
"Mir6911",69,69,0
"Rps15",1684,631,1053
"Gm30682",2337,1830,507
"Apc2",22301,9835,12466
"2310011J03Rik",2294,1659,635
"Pcsk4",8629,3472,5157
"Reep6",6439,2363,4076
"Adamtsl5",9244,4272,4972
"Plk5",9031,3058,5973
"Mex3d",7297,3258,4039
"Gm30823",7307,2554,4753
"Mbd3",8164,2898,5266
"Uqcr11",3825,436,3389
"Tcf3",24489,3547,20942
"LOC105245232",3972,1358,2614
"Onecut3",22361,4695,17666
"Atp8b3",19567,4438,15129
"Rexo1",22456,8300,14156
"Gm31057",7804,1500,6304
"Klf16",10176,2652,7524
"Gm26710",10791,2197,8594
"Abhd17a",6693,1473,5220
"Adat3",4775,1411,3364
"Scamp4",12902,1802,11100
"Mir6912",70,70,0
"Gm31298",9662,412,9250
"Csnk1g2",18067,2629,15438
"Btbd2",14502,3091,11411
"Mknk2",10976,3448,7528
"Mob3a",16644,2723,13921
"Izumo4",3184,1640,1544
"Ap3d1",35327,5107,30220
"Dot1l",40333,8830,31503
"Plekhj1",2528,1593,935
"Sf3a2",6261,2038,4223
"Amh",2659,1947,712
"Jsrp1",5100,1447,3653
"Oaz1",2635,1075,1560
"Mir1982",74,74,0
"Lingo3",11239,5193,6046
"Lsm7",2427,513,1914
"Sppl2b",13461,3003,10458
"Tmprss9",28379,4395,23984
"Timm13",1520,1225,295
"Lmnb2",16883,4205,12678
"Gadd45b",2114,1266,848
"Gng7",66338,3643,62695
"LOC102633671",1359,1359,0
"Diras1",6233,3162,3071
"Slc39a3",8882,4009,4873
"Sgta",16162,2237,13925
"Thop1",12278,2585,9693
"Creb3l3",14549,2301,12248
"Mir5615-1",60,60,0
"Mir5615-2",60,60,0
"Map2k2",18786,2540,16246
"Zbtb7a",17638,7379,10259
"Pias4",13760,1673,12087
"Eef2",5879,3100,2779
"Snord37",53,53,0
"Dapk3",10211,1944,8267
"Atcayos",13680,318,13362
"Nmrk2",4043,2042,2001
"Atcay",26267,3677,22590
"Zfr2",18961,3341,15620
"Matk",10188,3178,7010
"Mrpl54",2205,587,1618
"Apba3",6283,2697,3586
"Mir3057",91,91,0
"Tjp3",18394,3350,15044
"Pip5k1c",27013,5796,21217
"Cactin",5149,2724,2425
"Tbxa2r",6926,2194,4732
"Gipc3",7205,2688,4517
"Hmg20b",4466,1713,2753
"Mfsd12",8757,3993,4764
"4930404N11Rik",1797,695,1102
"Fzr1",11492,2254,9238
"Dohh",3925,1444,2481
"Mir6913",66,66,0
"Smim24",2016,575,1441
"Nfic",34977,6677,28300
"Gm16104",4937,3333,1604
"Mir1191b",58,58,0
"LOC105245233",2825,2345,480
"Gm31764",455,340,115
"Celf5",23499,6457,17042
"Ncln",9905,2879,7026
"S1pr4",2393,2393,0
"Gna15",22160,2284,19876
"Gna11",16315,3262,13053
"Gm31878",2149,1324,825
"Aes",6928,1505,5423
"Gm31936",2737,1489,1248
"Tle2",17975,3609,14366
"Tle6",10287,2703,7584
"Gm32024",3319,1014,2305
"BC025920",3529,1890,1639
"Sirt6",6007,2836,3171
"Ankrd24",19818,7070,12748
"Gm10778",18293,4725,13568
"Gm8112",569,569,0
"Zfp433",17783,3618,14165
"LOC105245235",1434,1035,399
"LOC105245234",1905,1905,0
"Gm5173",1193,1193,0
"Gm3055",28814,4520,24294
"Gm4767",11698,2011,9687
"Gm8264",569,569,0
"Gm8137",569,569,0
"Gm32687",17647,3156,14491
"LOC105245238",1435,1036,399
"LOC105245237",2640,2640,0
"Gm8153",1194,1194,0
"Zfp781",29321,4879,24442
"LOC105245236",13944,3419,10525
"Gm8158",550,550,0
"LOC102635133",15666,2242,13424
"Gm8290",3145,3145,0
"Gm33378",5175,4425,750
"Gm8170",1189,1189,0
"Zfp873",29642,2801,26841
"Gm18556",994,994,0
"BC024063",29636,4498,25138
"AU041133",25053,2634,22419
"LOC105245239",13662,1404,12258
"LOC105245241",4881,879,4002
"LOC105245240",3541,3541,0
"Zfp938",16474,2171,14303
"LOC102635990",72083,15611,56472
"Gm4924",25407,3724,21683
"LOC102641406",22089,8240,13849
"Gm8188",1693,1693,0
"Gm1553",6086,662,5424
"Gm19186",744,744,0
"Ap3m1-ps",2157,2157,0
"LOC105245242",5693,2546,3147
"1190007I07Rik",3378,748,2630
"Tdg",21248,3809,17439
"Glt8d2",43686,2620,41066
"Hcfc2",98369,10776,87593
"Nfyb",15449,2785,12664
"1700028I16Rik",12120,1056,11064
"Txnrd1",63774,4019,59755
"LOC102641476",16857,2760,14097
"Eid3",1305,1305,0
"Gm33781",7638,494,7144
"Gm4799",750,750,0
"Chst11",210528,5992,204536
"Slc41a2",107482,5880,101602
"LOC105245243",886,368,518
"LOC105245244",7441,2121,5320
"D10Wsu102e",8615,3509,5106
"LOC102636894",3249,3249,0
"Aldh1l2",46864,7098,39766
"A230046K03Rik",52546,6589,45957
"Appl2",48822,4293,44529
"LOC105245245",4406,1034,3372
"1500009L16Rik",40097,1393,38704
"Gm33919",3892,686,3206
"Gm33980",2758,2367,391
"Gm34043",27107,2118,24989
"LOC105245246",15591,3788,11803
"LOC105245247",2695,407,2288
"Gm34184",64321,3223,61098
"Gm34113",11599,639,10960
"LOC105245248",6048,950,5098
"Gm5425",489,489,0
"Nuak1",69572,5437,64135
"4930463O16Rik",9384,2329,7055
"Gm34405",16334,1698,14636
"Gm18251",531,531,0
"Ckap4",7584,2915,4669
"C330046G13Rik",5922,1334,4588
"Gm34515",2748,516,2232
"Tcp11l2",37409,2400,35009
"LOC102637873",2016,1278,738
"Polr3b",105723,5919,99804
"Rfx4",150491,4313,146178
"LOC105245249",65340,9398,55942
"Ric8b",101089,5723,95366
"LOC105245250",5677,4587,1090
"Gm34633",17058,1289,15769
"Fhl4",5477,2670,2807
"Tmem263",15121,3778,11343
"Mterf2",8637,2447,6190
"Cry1",53355,3210,50145
"LOC102641783",36392,2215,34177
"Gm8394",970,970,0
"Gm34712",14902,1114,13788
"LOC105245251",940,420,520
"Btbd11",273517,5993,267524
"LOC105245252",14329,4991,9338
"Gm6713",16862,8799,8063
"Gm6714",1841,1841,0
"Gm21026",1347,1347,0
"LOC105245253",647,469,178
"Gm33544",3582,2295,1287
"Gm35436",14866,10059,4807
"Gm19612",1228,1228,0
"Gm9466",1844,1844,0
"Gm6721",15074,10164,4910
"LOC102639184",3805,449,3356
"Pwp1",17273,2579,14694
"Prdm4",25189,4192,20997
"Ascl4",1157,1157,0
"Rtcb",19157,1979,17178
"Bpifc",56559,2704,53855
"Fbxo7",26740,2406,24334
"Syn3",450274,18211,432063
"4930486F22Rik",17733,564,17169
"Gm35636",33297,13163,20134
"Timp3",49094,4681,44413
"Gm6729",57161,8734,48427
"Gm9583",1849,1849,0
"Gm21027",1236,1236,0
"LOC100534315",1011,1011,0
"Gm18876",1849,1849,0
"Gm5174",15585,6596,8989
"1810014B01Rik",4428,1620,2808
"Hsp90b1",14604,2759,11845
"BC030307",71213,8421,62792
"Fabp3-ps1",636,636,0
"Nt5dc3",59400,5990,53410
"Stab2",166733,8133,158600
"Gm16270",3240,3240,0
"Gm36807",39899,1047,38852
"LOC105245254",14459,2204,12255
"1700113H08Rik",190133,1996,188137
"Ascl1",2620,2259,361
"Gm29915",5795,1334,4461
"Pah",62343,2143,60200
"Gm20006",424,424,0
"Gm30073",21136,1449,19687
"Igf1os",37969,2082,35887
"Igf1",78778,8969,69809
"Tyms-ps",1347,1347,0
"Gm30233",22275,4125,18150
"Pmch",1303,748,555
"Parpbp",55548,3635,51913
"Gm6653",3198,3198,0
"Nup37",31420,1385,30035
"Ccdc53",59721,1761,57960
"Gm8415",1188,1035,153
"Gm17980",2463,2463,0
"Dram1",41583,3149,38434
"LOC105245256",14685,1551,13134
"LOC105245255",11051,550,10501
"Gnptab",68194,5480,62714
"LOC105245257",18930,640,18290
"Sycp3",13650,1122,12528
"Chpt1",31158,3644,27514
"Mybpc1",86956,4606,82350
"Gm8435",858,858,0
"LOC105245335",14236,1143,13093
"Gm29807",372,372,0
"Spic",7755,1266,6489
"Gm4925",1561,1561,0
"Arl1",11789,842,10947
"Utp20",80208,8831,71377
"Slc5a8",43524,5331,38193
"Ano4",396153,5850,390303
"Gm30769",1988,831,1157
"Gas2l3",35553,7418,28135
"Nr1h4",79412,2575,76837
"Slc17a8",47230,4798,42432
"Scyl2",47573,4837,42736
"1500026H17Rik",14772,4086,10686
"Actr6",20330,1909,18421
"Gm30963",7727,2054,5673
"Uhrf1bp1l",74901,7290,67611
"Gm31090",1735,1358,377
"Gm31022",215,175,40
"Anks1b",1099792,12479,1087313
"Gm4184",333,333,0
"Gm5780",1837,1837,0
"Gm18670",663,663,0
"Apaf1",93433,6557,86876
"Ikbip",19575,4605,14970
"Slc25a3",7475,1726,5749
"Tmpo",34149,7633,26516
"LOC102633753",8694,531,8163
"Gm18705",1033,1033,0
"LOC105245258",29025,589,28436
"Gm31592",65035,3754,61281
"Gm31673",3563,936,2627
"Mir135a-2",100,100,0
"Rmst",83433,2687,80746
"Mir1251",84,84,0
"Gm20757",204073,1604,202469
"LOC105245259",10693,1698,8995
"Gm8512",14772,1078,13694
"LOC105245260",81536,308,81228
"Gm18043",746,746,0
"Gm4800",1263,1263,0
"LOC102636707",307,307,0
"Gm31822",10764,2178,8586
"Nedd1",38938,4797,34141
"Cfap54",307981,11188,296793
"LOC105245261",2123,1255,868
"Gm32468",9192,948,8244
"LOC105245262",1900,410,1490
"LOC105245263",2266,796,1470
"Cdk17",89813,5583,84230
"Mir1931",119,119,0
"Elk3",63753,4243,59510
"Gm32604",14101,5847,8254
"Gm32551",5360,4854,506
"Gm32688",5396,658,4738
"Gm17745",12648,855,11793
"LOC105245264",1675,1257,418
"Mir7688",56,56,0
"Lta4h",31503,2068,29435
"Hal",27976,2758,25218
"Amdhd1",16706,2525,14181
"Ccdc38",43760,4225,39535
"Snrpf",6630,813,5817
"4933408J17Rik",15833,1859,13974
"Ntn4",104924,2411,102513
"Gm8580",611,611,0
"Gm15915",9105,908,8197
"Gm3571",1163,1163,0
"Usp44",40771,7705,33066
"Metap2",38602,5440,33162
"Vezt",74278,12296,61982
"Mir331",96,96,0
"Fgd6",109339,8723,100616
"Gm18391",673,673,0
"Nr2c1",49700,5127,44573
"Ndufa12",21940,561,21379
"Gm32749",8047,2358,5689
"Gm4792",5041,773,4268
"Tmcc3",279043,7408,271635
"Gm32827",10564,5052,5512
"LOC105245265",1929,389,1540
"Mir7211",63,63,0
"Gm32959",9861,640,9221
"Gm32898",6138,424,5714
"Cep83os",15121,4135,10986
"Cep83",101845,4380,97465
"Plxnc1",154291,8157,146134
"LOC105245266",3608,2332,1276
"LOC105245267",5336,404,4932
"Gm33091",8011,2625,5386
"Gm29684",6883,1665,5218
"Cradd",149607,2698,146909
"Gm33188",11014,5958,5056
"2310039L15Rik",26941,642,26299
"Socs2",33351,11342,22009
"Gm33230",1487,1400,87
"5730420D15Rik",11266,1182,10084
"Gm3619",1167,1167,0
"Mrpl42",21188,732,20456
"Ube2n",30953,4503,26450
"Nudt4",17161,3234,13927
"Mir3058",91,91,0
"Gm33336",1742,1163,579
"Anapc15-ps",828,828,0
"4732465J04Rik",21852,603,21249
"Gm33377",79491,3029,76462
"Gm33543",19187,2254,16933
"Eea1",104859,8174,96685
"Gm34046",2568,717,1851
"Gm5426",488,488,0
"LOC105245268",1778,296,1482
"LOC105245269",35288,664,34624
"4930459C07Rik",22502,1207,21295
"LOC105245270",3232,661,2571
"Gm33782",53441,1562,51879
"Gm20091",399,399,0
"Gm8601",1069,1069,0
"Gm33843",74322,468,73854
"Btg1",5813,5010,803
"Gm33897",12162,721,11441
"Gm6859",1331,1331,0
"Gm33981",13087,543,12544
"4930556N09Rik",25292,1015,24277
"Gm8613",1250,1250,0
"Gm34044",28371,421,27950
"Gm18515",740,740,0
"Gm34114",39826,2731,37095
"Mir3966",85,85,0
"Dcn",38663,2084,36579
"Lum",7203,2075,5128
"4930473O22Rik",5948,1465,4483
"Kera",6735,2165,4570
"LOC105245271",3089,1114,1975
"Epyc",37841,1753,36088
"Gm10754",285677,1633,284044
"Ccer1",1868,1868,0
"4930525C09Rik",88826,5241,83585
"Gm8633",51941,551,51390
"Gm34297",30024,999,29025
"LOC105245273",2330,890,1440
"Gm34346",48731,2402,46329
"Atp2b1",111785,7732,104053
"Poc1b",90904,2970,87934
"Galnt4",5113,5113,0
"Gm34574",15412,2823,12589
"Gm34777",5940,2248,3692
"Dusp6",4259,2797,1462
"Gm34921",3734,2379,1355
"Gad1-ps",3192,3192,0
"Gm35035",11822,5408,6414
"Gm34983",33709,5309,28400
"Gm20110",48964,2095,46869
"Gm18409",3190,2506,684
"Gm35101",31248,926,30322
"Csl",1954,1954,0
"Gm35206",58535,1752,56783
"Gm35296",646,571,75
"Gm35437",22539,928,21611
"Gm17870",1158,1158,0
"Kitl",84608,5589,79019
"Gm35533",14269,685,13584
"Gm8689",645,645,0
"Gm9476",651,651,0
"Gm4898",632,632,0
"Gm8701",643,643,0
"Gm4301",914,914,0
"Gm4302",927,927,0
"Gm4303",910,910,0
"Gm4305",910,910,0
"Gm8711",643,643,0
"Gm4307",910,910,0
"Gm4308",645,645,0
"Gm4310",645,645,0
"Gm8723",643,643,0
"Gm4312",914,914,0
"Gm4781",651,651,0
"Tmtc3",43446,6846,36600
"Cep290",86108,9073,77035
"4930430F08Rik",17117,3125,13992
"1700017N19Rik",27881,2062,25819
"Gm35722",33261,785,32476
"Gm19233",997,997,0
"Mgat4c",710365,8046,702319
"Mir3059",81,81,0
"Gm26988",726,726,0
"Nts",8663,1247,7416
"Rassf9",37516,5466,32050
"Gm5175",53983,836,53147
"Alx1",21606,2775,18831
"Gm34298",3547,2763,784
"Lrriq1",191955,8717,183238
"6430590A10Rik",3596,2885,711
"Slc6a15",51922,4276,47646
"Gm8768",892,892,0
"LOC105245336",1064,1064,0
"Gm21293",2441,1271,1170
"Gm6763",2440,1271,1169
"Gm8764",2439,1271,1168
"Gm21304",2440,1271,1169
"Gm21312",2468,1300,1168
"Gm20765",2468,1300,1168
"Gm4340",2481,1312,1169
"Mir6411",108,108,0
"LOC105245274",10107,417,9690
"LOC105245275",3524,408,3116
"LOC105245276",2982,539,2443
"Tmtc2",386820,5829,380991
"Gm15666",922,922,0
"Gm15663",9320,3204,6116
"Mettl25",78196,5512,72684
"Ccdc59",6032,1078,4954
"Gm8796",933,933,0
"Rps15a-ps1",446,446,0
"Ppfia2",464597,7600,456997
"Olfr1556-ps1",658,658,0
"4930532I03Rik",50894,16750,34144
"Gm17848",1095,1095,0
"Acss3",187501,3104,184397
"Gm19007",875,875,0
"Gm18040",831,831,0
"Gm19181",941,941,0
"Gm29674",5568,1345,4223
"Lin7a",153349,6871,146478
"Myf5",4020,2762,1258
"Myf6",9668,1326,8342
"Gm36177",164136,711,163425
"Ptprq",202719,7112,195607
"Otogl",151645,9721,141924
"Gm29685",30394,1569,28825
"LOC105245277",8560,6609,1951
"Ppp1r12a",117582,5809,111773
"LOC105245278",15129,6725,8404
"Pawr",82203,1828,80375
"Gm36283",16909,6220,10689
"Gm36440",498,389,109
"LOC105245279",56312,2828,53484
"Syt1",513326,5208,508118
"Gm5136",1117,1117,0
"LOC105245280",10868,478,10390
"LOC105245281",44439,600,43839
"Nav3",318819,11447,307372
"Gm3871",10109,10109,0
"Gm36652",477,477,0
"9230102K24Rik",15312,1303,14009
"Gm36751",2311,437,1874
"E2f7",41958,6279,35679
"LOC105245282",219,138,81
"Gm36808",2061,456,1605
"1700020G17Rik",95334,610,94724
"Csrp2",19339,889,18450
"Zdhhc17",68288,4657,63631
"LOC105245283",3443,3373,70
"Gm29832",13555,728,12827
"Gm29916",9436,501,8935
"Gm5428",960,960,0
"Gm8873",1137,1137,0
"Osbpl8",132493,9691,122802
"Gm17849",842,842,0
"Gm30040",1316,1272,44
"Bbs10",3058,2753,305
"LOC105245284",12463,5447,7016
"Gm30095",1556,413,1143
"LOC105245285",15404,1327,14077
"Gm30145",11762,983,10779
"Nap1l1",24959,4360,20599
"Gm5176",558,558,0
"Phlda1",2364,2256,108
"LOC105245286",5922,648,5274
"Gm30193",3983,570,3413
"Gm30262",28299,4583,23716
"4933440J02Rik",7555,1144,6411
"LOC105245287",4941,687,4254
"Gm30624",158761,1817,156944
"Gm19005",842,842,0
"Gm20758",19856,2171,17685
"Krr1",15736,4990,10746
"Glipr1",17828,1955,15873
"Gm7269",35052,35052,0
"Glipr1l1",18322,1326,16996
"Glipr1l2",24755,1992,22763
"Gm6808",804,804,0
"Glipr1l3",18560,991,17569
"Caps2",53216,3700,49516
"Kcnc2",195846,7219,188627
"Gm30824",1371,320,1051
"LOC105245288",2568,123,2445
"1700010J16Rik",58674,887,57787
"Gm3942",18793,1952,16841
"Atxn7l3b",3599,3599,0
"Gm26596",2642,2642,0
"LOC105245289",4634,217,4417
"LOC105245337",265,265,0
"Gm31058",7090,253,6837
"Trhde",402550,5722,396828
"LOC105245290",18484,1178,17306
"Gm15723",13214,8302,4912
"LOC105245291",88488,913,87575
"Gm31182",6302,2738,3564
"Gm31267",4365,857,3508
"Tph2",106382,2626,103756
"Tbc1d15",53623,3830,49793
"Gm8942",506,506,0
"Rab21",26165,2264,23901
"Tmem19",21786,3272,18514
"Gm19006",767,767,0
"Thap2",14470,3408,11062
"Zfc3h1",47853,7251,40602
"Lgr5",137467,4711,132756
"A930009A15Rik",12646,3244,9402
"Gm8960",805,805,0
"Tspan8",33077,1757,31320
"Ptprr",256733,4226,252507
"4933416C03Rik",2254,2254,0
"Ptprb",114023,12888,101135
"Kcnmb4",56015,2124,53891
"Kcnmb4os1",3115,753,2362
"Kcnmb4os2",1825,1596,229
"Cnot2",96375,4463,91912
"Gm31593",17128,3878,13250
"5330438D12Rik",2062,799,1263
"Gm26579",4713,918,3795
"1700030O20Rik",6111,594,5517
"4930579P08Rik",10512,1231,9281
"Myrfl",120335,3114,117221
"Rab3ip",44669,3495,41174
"4933412E12Rik",12718,1724,10994
"LOC105245292",5768,982,4786
"D630029K05Rik",4369,2383,1986
"Gm5781",581,581,0
"Best3",39374,3692,35682
"Gm10747",3413,2376,1037
"Lrrc10",1428,1428,0
"Cct2",12818,2174,10644
"Frs2",78348,5684,72664
"LOC105245338",4561,2107,2454
"Gm31855",6138,2087,4051
"4930423D24Rik",3486,559,2927
"LOC105245293",2249,1003,1246
"Yeats4",9367,1408,7959
"Gm31963",26323,1323,25000
"9530003J23Rik",7635,2863,4772
"Lyz2",4732,1057,3675
"Lyz1",5074,1265,3809
"Cpsf6",32320,13047,19273
"LOC102634486",1191,1069,122
"LOC105245294",17320,2591,14729
"Gm9002",499,499,0
"Gm32141",1469,478,991
"Gm32235",1096,775,321
"Gm9004",756,756,0
"Kifc5c-ps",1818,1818,0
"Gm32319",4233,1120,3113
"Gm32365",2088,758,1330
"Cpm",57853,5340,52513
"Mdm2",21896,3157,18739
"Slc35e3",12681,3483,9198
"Nup107",42116,3145,38971
"LOC105245296",2994,2814,180
"LOC105245295",1584,1316,268
"Rap1b",31378,1937,29441
"LOC105245297",8500,8399,101
"LOC105245298",4967,854,4113
"Gm32552",537,231,306
"Gm32605",34902,6260,28642
"4933411E08Rik",22849,1704,21145
"LOC105245299",4678,454,4224
"Gm32663",39940,606,39334
"Mdm1",27463,3348,24115
"LOC105245300",1124,352,772
"Il22",5462,1366,4096
"Gm9585",1697,1697,0
"Gm32717",2491,2491,0
"Gm9029",2846,2846,0
"Gm9030",2846,2846,0
"Gm32802",2483,2483,0
"Gm9035",1697,1697,0
"Iltifb",5410,1111,4299
"Gm9040",2454,2454,0
"Gm9044",2459,2459,0
"Gm9045",2449,2449,0
"Gm9046",2461,2461,0
"Gm9048",2457,2457,0
"Gm9049",2448,2448,0
"Ifng",4846,1207,3639
"Tmevpg1",54491,1121,53370
"Gm33337",36720,5642,31078
"Gm33439",70616,2542,68074
"Gm33481",1006,764,242
"LOC105245301",11904,789,11115
"Dyrk2",33645,6428,27217
"LOC105245302",10565,3167,7398
"Gm26976",10606,999,9607
"C230029M16",6763,2357,4406
"Gm33624",21250,4092,17158
"Gm33677",25369,4206,21163
"Gm33861",8819,1207,7612
"Gm18904",505,505,0
"1700064J06Rik",10203,386,9817
"Gm33982",2311,1327,984
"Gm34045",31232,1202,30030
"Cand1",41244,8209,33035
"4930477N07Rik",11629,686,10943
"Gm19090",775,775,0
"LOC105245303",12716,1171,11545
"1700025F24Rik",13421,894,12527
"Grip1",633433,10061,623372
"LOC105245305",10503,9689,814
"Grip1os2",15638,723,14915
"LOC105245304",3395,3281,114
"Grip1os1",49483,24803,24680
"Helb",29358,4532,24826
"Irak3",59950,3658,56292
"Gm34545",8000,2293,5707
"LOC105245306",4014,2992,1022
"LOC102637719",1891,1399,492
"Tmbim4",16072,808,15264
"LOC105245307",1701,1619,82
"Llph",5012,1583,3429
"Hmga2",115661,5116,110545
"LOC105245308",2805,2318,487
"9230105E05Rik",3271,2250,1021
"Mir763",120,120,0
"Gm34952",9602,788,8814
"Gm35062",6768,617,6151
"Gm35130",1460,425,1035
"Gm35182",674,590,84
"4921513I03Rik",13155,1749,11406
"Msrb3",118207,4044,114163
"Gm15910",5700,2973,2727
"Lemd3",56539,5362,51177
"Gm16166",860,860,0
"Gm35235",620,266,354
"LOC105245309",7238,1012,6226
"Wif1",66639,2242,64397
"LOC102642038",1699,1491,208
"4930432O09Rik",3523,2000,1523
"Gm35404",864,478,386
"Tbc1d30",47371,6424,40947
"LOC105245311",2876,2840,36
"Gm18987",541,541,0
"LOC102639054",23253,2837,20416
"Gm4478",550,550,0
"LOC105245310",3846,444,3402
"Gns",32187,3886,28301
"Gm18730",580,580,0
"Rassf3",65901,3808,62093
"LOC105245312",3278,809,2469
"Gm35696",21419,2276,19143
"Tbk1",40340,3031,37309
"Xpot",38937,5989,32948
"Gm35816",996,891,105
"D930020B18Rik",53524,4919,48605
"Gm35865",1659,573,1086
"BC048403",18011,4279,13732
"Srgap1",266325,7840,258485
"LOC105245314",13464,4917,8547
"LOC105245313",8131,4829,3302
"Gm9079",1768,1768,0
"Tmem5",16247,1915,14332
"Gm4489",10862,520,10342
"Gm9081",1219,1219,0
"LOC105245315",22755,266,22489
"Gm36041",60542,3102,57440
"Avpr1a",4955,2671,2284
"LOC105245316",2221,834,1387
"A130077B15Rik",4869,2547,2322
"Gm36284",72083,1820,70263
"LOC105245318",5576,312,5264
"Mir6412",97,97,0
"Ppm1h",267690,8732,258958
"Mir8104",101,101,0
"Gm36208",1663,1204,459
"LOC105245317",5951,5689,262
"Mirlet7i",85,85,0
"Mon2",84446,9304,75142
"Usp15",92014,12069,79945
"Gm36564",6023,5888,135
"Gm4129",2663,2345,318
"Gm36628",3695,1822,1873
"Fam19a2",477129,7316,469813
"LOC105245319",5283,3255,2028
"Gm19169",1241,1241,0
"Gm18510",1104,1104,0
"4930503E24Rik",55415,1333,54082
"Gm36719",8011,382,7629
"Gm36771",1780,803,977
"Slc16a7",170279,12112,158167
"Gm9102",462,462,0
"LOC105245320",2413,290,2123
"Gm36884",2316,569,1747
"LOC105245321",5848,391,5457
"Gm29862",16951,4019,12932
"Gm29944",31217,402,30815
"Lrig3",49141,4050,45091
"Gm29997",2524,2464,60
"Gm30041",44199,2568,41631
"Gm4510",430,430,0
"1700021G15Rik",2105,531,1574
"LOC105245322",13291,490,12801
"Mir378d",110,110,0
"Gm30347",5123,408,4715
"4930484H19Rik",31984,3726,28258
"Gm9111",711,711,0
"Xrcc6bp1",33285,4732,28553
"Gm6333",859,859,0
"Gm30456",992,691,301
"Gm30539",5553,4264,1289
"Gm30595",1319,929,390
"LOC105245323",3077,1335,1742
"Ctdsp2",21259,5065,16194
"Mir26a-2",84,84,0
"Mir546",121,121,0
"Avil",20920,4336,16584
"Tsfm",8483,1180,7303
"Mettl21b",8490,699,7791
"Mettl1",4723,1929,2794
"Cyp27b1",5177,2997,2180
"March9",4135,1998,2137
"Cdk4",3752,1418,2334
"Tspan31",2972,1543,1429
"A730063M14Rik",3946,1002,2944
"Agap2",17916,6200,11716
"Os9",26902,4090,22812
"LOC105245324",6212,803,5409
"Gm4178",659,659,0
"B4galnt1",7185,3343,3842
"Slc26a10",8397,2867,5530
"Arhgef25",7568,3416,4152
"Dtx3",6035,2545,3490
"F420014N23Rik",7395,2552,4843
"Pip4k2c",14578,3543,11035
"Kif5a",37669,7006,30663
"LOC105245326",3192,942,2250
"LOC105245325",1115,450,665
"Dctn2",15698,1933,13765
"Mbd6",8764,4884,3880
"Gm20492",1239,357,882
"Ddit3",5496,956,4540
"Mars",15566,4414,11152
"LOC102638184",1066,1066,0
"Arhgap9",7988,2718,5270
"Gli1",11699,3701,7998
"Inhbe",2371,2135,236
"Inhbc",14220,1969,12251
"R3hdm2",119053,5068,113985
"Stac3",7207,1898,5309
"Ndufa4l2",7851,1117,6734
"Shmt2",5322,2305,3017
"Nxph4",9087,1675,7412
"Lrp1",82992,14892,68100
"LOC105245327",6528,1402,5126
"Stat6",18002,3805,14197
"LOC105245328",2434,876,1558
"Nab2",5786,2575,3211
"1700012D01Rik",1729,695,1034
"Gm16230",8267,1376,6891
"Tmem194",23985,6522,17463
"Myo1a",17501,3646,13855
"LOC105245329",1981,1451,530
"Tac2",7291,884,6407
"Zbtb39",7812,5960,1852
"Gpr182",2197,1694,503
"Rdh1",8574,3927,4647
"Rdh9",16293,2698,13595
"Rdh16",14750,3271,11479
"Rdh18-ps",22350,3648,18702
"Rdh19",11249,1889,9360
"BC089597",10844,1265,9579
"Gm31091",3644,1289,2355
"Rdh7",5221,1608,3613
"Sdr9c7",13227,2851,10376
"LOC105245330",11985,1478,10507
"LOC105245331",16975,1728,15247
"Gm15900",571,571,0
"LOC105245332",9618,596,9022
"Hsd17b6",16704,1628,15076
"Gm10120",466,466,0
"Prim1",14816,1533,13283
"Gm34890",476,195,281
"Naca",13292,7145,6147
"Ptges3",18273,1954,16319
"Atp5b",7082,1879,5203
"Mir677",78,78,0
"Baz2a",38249,9417,28832
"Rbms2",50829,5634,45195
"Gm4556",372,372,0
"Gls2",15370,2749,12621
"Spryd4",1887,1570,317
"Mip",5974,2143,3831
"Gm26847",4685,4593,92
"Timeless",20879,6782,14097
"Apon",1771,1618,153
"Apof",2155,1930,225
"Stat2",22294,4503,17791
"Il23a",1945,1359,586
"Pan2",18028,4497,13531
"Cnpy2",4757,1045,3712
"Cs",24648,2828,21820
"Coq10a",6942,2687,4255
"Ankrd52",16883,6615,10268
"Mir6914",69,69,0
"Mir6915",69,69,0
"Slc39a5",5346,2218,3128
"Nabp2",10094,1912,8182
"Rnf41",29826,4498,25328
"Mir8105",89,89,0
"Smarcc2",31348,5437,25911
"Myl6",3036,899,2137
"A430046D13Rik",19776,2227,17549
"Myl6b",4529,1026,3503
"Esyt1",15612,3687,11925
"Mir6916",63,63,0
"Zc3h10",4182,2608,1574
"Rpl41",1059,449,610
"Gm9176",1382,1382,0
"Pa2g4",8169,2432,5737
"Erbb3",20134,4020,16114
"Mir6917",61,61,0
"Gm9182",639,639,0
"Rps26",1978,448,1530
"Ikzf4",38520,7367,31153
"Gm26876",1961,420,1541
"LOC105245333",1402,243,1159
"Suox",4032,2349,1683
"Gm6336",628,628,0
"Rab5b",19135,3382,15753
"Cdk2",7114,2650,4464
"Pmel",15071,2269,12802
"Dgka",28287,3535,24752
"Gm31504",854,709,145
"Wibg",18690,1731,16959
"Rpsa-ps2",1029,1029,0
"Mmp19",9915,3453,6462
"Tmem198b",7017,4342,2675
"Dnajc14",13979,4580,9399
"Ormdl2",4176,2056,2120
"Sarnp",55873,1120,54753
"Gdf11",7173,1811,5362
"Cd63",3904,1215,2689
"Rdh5",5710,1332,4378
"Bloc1s1",4328,662,3666
"Itga7",24512,5882,18630
"Mettl7b",2712,1227,1485
"9030616G12Rik",7034,759,6275
"Olfr9",939,939,0
"Olfr763",930,930,0
"Olfr764",2507,975,1532
"Olfr765",930,930,0
"Olfr766",1648,978,670
"Olfr767",930,930,0
"Olfr768",939,939,0
"Olfr769",939,939,0
"Olfr770",5964,1399,4565
"Olfr771",954,954,0
"Olfr772",1004,1004,0
"Olfr773",936,936,0
"Gm6538",1092,1092,0
"Gm18803",1760,1760,0
"Olfr774",939,939,0
"Olfr775",939,939,0
"Olfr776",939,939,0
"Olfr777",2165,1059,1106
"Olfr778-ps1",234,234,0
"Olfr779",944,944,0
"Olfr780",939,939,0
"Olfr781",4854,1167,3687
"Olfr782",945,945,0
"Olfr783-ps1",462,462,0
"Olfr784",960,960,0
"Olfr785-ps1",939,939,0
"Olfr786",939,939,0
"Olfr787",1677,1011,666
"Gm18121",539,539,0
"Olfr788",936,936,0
"Olfr789-ps1",939,939,0
"Olfr790",969,969,0
"Olfr791",939,939,0
"Olfr792",936,936,0
"Olfr793-ps1",905,905,0
"Olfr794",3958,1546,2412
"Olfr795-ps1",906,906,0
"Olfr796",933,933,0
"Olfr797-ps1",952,952,0
"Olfr798",2763,1033,1730
"Olfr799",936,936,0
"Olfr800",936,936,0
"Smt3h2-ps3",988,988,0
"Olfr801",957,957,0
"Olfr802",4300,1074,3226
"Olfr803",927,927,0
"Olfr804",945,945,0
"Olfr805",960,960,0
"Olfr806",942,942,0
"Olfr807",3306,1066,2240
"Olfr808",2954,1245,1709
"Olfr809",987,987,0
"Olfr810",939,939,0
"Olfr811",960,960,0
"Olfr812",3972,1226,2746
"Olfr813",933,933,0
"Olfr814",933,933,0
"Olfr815",951,951,0
"Olfr816",939,939,0
"Olfr1544-ps1",303,303,0
"Olfr817-ps1",939,939,0
"Olfr818",957,957,0
"Olfr819",963,963,0
"Olfr247",945,945,0
"Olfr820",939,939,0
"Olfr821",4171,1440,2731
"Olfr822",939,939,0
"Olfr1542-ps1",651,651,0
"Olfr823",948,948,0
"Gm5181",971,971,0
"Olfr824",948,948,0
"Gm9560",9933,9933,0
"Olfr825",963,963,0
"Olfr826",4226,1381,2845
"Olfr827",969,969,0
"Neurod4",12089,3606,8483
"Tespa1",40707,2871,37836
"Vmn2r84",8442,2550,5892
"Gm9770",1887,1887,0
"Vmn2r85",11352,2553,8799
"Gm18754",1025,1025,0
"Vmn2r86",9696,2547,7149
"Gm18755",1097,1097,0
"Vmn2r87",25559,2547,23012
"Gm35405",12212,6163,6049
"LOC105245334",274,106,168
"Gm20746",944,944,0
"Pisd-ps1",7925,2857,5068
"Sfi1",71494,6203,65291
"Gm33862",2664,1265,1399
"LOC102636815",1148,1148,0
"Fau-ps2",338,338,0
"Eif4enif1",42991,5180,37811
"Drg1",16465,1524,14941
"Patz1",19953,3482,16471
"Gm11944",11723,869,10854
"Pik3ip1",12959,3454,9505
"Limk2",65942,5699,60243
"Rnf185",36984,3508,33476
"8430429K09Rik",27395,2583,24812
"Pla2g3",11751,4506,7245
"Inpp5j",11296,4342,6954
"Selm",2650,872,1778
"Smtn",22133,5079,17054
"Gm11946",6495,4853,1642
"Gm33983",6630,3023,3607
"Gm34488",9600,542,9058
"LOC105243797",3386,1045,2341
"LOC105243798",4739,979,3760
"Gm11949",685,685,0
"Gm11951",5423,523,4900
"Tug1",9030,6781,2249
"Morc2a",40984,5504,35480
"Gm16518",536,536,0
"Gm34610",4075,3932,143
"Osbp2",160177,5356,154821
"Gm11952",1625,1625,0
"4921536K21Rik",9039,2618,6421
"Dusp18",6161,4723,1438
"Slc35e4",7643,3059,4584
"Tcn2",15002,2208,12794
"Gm11953",1207,1207,0
"Pes1",16030,2911,13119
"Gal3st1",15693,2084,13609
"Sec14l4",21194,3973,17221
"Sec14l3",14138,3984,10154
"Mtfp1",3951,1396,2555
"Sec14l2",21691,2529,19162
"Gm11957",1778,1778,0
"Rnf215",6041,2020,4021
"Mir3060",83,83,0
"Ccdc157",19171,5328,13843
"Sf3a1",22188,4916,17272
"Tbc1d10a",28675,2133,26542
"Gatsl3",4248,1637,2611
"Gm11956",1133,1133,0
"Osm",4242,2068,2174
"Gm34834",1213,805,408
"Lif",14947,6533,8414
"Gm11959",7843,723,7120
"Gm11958",19147,1799,17348
"Hormad2",96659,4420,92239
"Mtmr3",113948,5892,108056
"Gm11960",986,986,0
"LOC105243800",2307,2240,67
"Gm11961",9737,1562,8175
"Ascc2",48004,5015,42989
"LOC105243802",1761,1235,526
"Uqcr10",2395,601,1794
"Zmat5",33064,1535,31529
"Cabp7",7958,699,7259
"Gm35102",10994,10227,767
"Nf2",91895,5675,86220
"Gm17793",601,601,0
"Nipsnap1",20238,2408,17830
"Mir6918",58,58,0
"Thoc5",33585,2333,31252
"AA413626",403,403,0
"Gm35321",7144,2673,4471
"Nefh",9311,3994,5317
"LOC105243804",589,295,294
"Ap1b1",95274,4703,90571
"Gas2l1",11197,5403,5794
"Rasl10a",2403,1347,1056
"Ewsr1",29413,5530,23883
"Rhbdd3",10470,5579,4891
"Emid1",46034,4175,41859
"LOC105243808",897,732,165
"Gm18478",605,605,0
"Kremen1",70086,5336,64750
"Gm30172",12173,930,11243
"Znrf3",168519,7659,160860
"Gm11962",270,270,0
"Gm11963",9192,3487,5705
"Xbp1",5353,2247,3106
"Ccdc117",13331,3402,9929
"Gm3186",621,621,0
"LOC105243814",3728,994,2734
"Ankrd36",124117,6473,117644
"Gm11964",536,536,0
"Mrps24",3735,1025,2710
"Urgcp",49020,6016,43004
"2210015D19Rik",22561,1840,20721
"Dbnl",12498,2369,10129
"Pgam2",2160,906,1254
"Polm",10482,3322,7160
"Aebp1",10373,4113,6260
"Pold2",6077,1708,4369
"Myl7",2146,590,1556
"Gck",49266,3049,46217
"Gm11967",1468,531,937
"Ykt6",12023,2476,9547
"Camk2b",96107,4433,91674
"LOC105245340",4440,1878,2562
"Nudcd3",95172,4563,90609
"Rps15a-ps6",824,824,0
"Npc1l1",19235,4659,14576
"Gm11401",404,404,0
"Ddx56",10185,3287,6898
"Tmed4",4124,1625,2499
"Ogdh",67502,7525,59977
"Zmiz2",17099,5666,11433
"Mir7651",64,64,0
"Ppia",3941,736,3205
"H2afv",17218,1636,15582
"LOC102640218",825,825,0
"LOC102640040",382,382,0
"Purb",8478,8478,0
"Myo1g",14413,3520,10893
"Gm11974",3170,592,2578
"Ccm2",49875,2112,47763
"LOC105243821",5740,848,4892
"Nacad",8241,4902,3339
"Tbrg4",10487,3357,7130
"Snora5c",101,101,0
"Wap",3167,562,2605
"Gm11978",10089,1306,8783
"Ramp3",18944,1369,17575
"Gm11980",1578,1578,0
"LOC105243825",1069,387,682
"Gm11981",4037,664,3373
"Gm11977",1431,1431,0
"LOC100418324",2116,2116,0
"Adcy1",115018,12259,102759
"Gm11985",5413,1003,4410
"Igfbp1",4760,1520,3240
"Igfbp3",7846,2455,5391
"LOC105245341",2903,1257,1646
"Gm36565",45233,7786,37447
"Gm36653",18639,630,18009
"Gm36720",4575,1222,3353
"Tns3",233084,8748,224336
"Gm36772",3031,900,2131
"Gm11990",771,771,0
"Pkd1l1",160529,10907,149622
"LOC105245343",1131,1131,0
"LOC105245342",6856,6779,77
"LOC105243832",17128,1741,15387
"Hus1",18398,6617,11781
"Sun3",33194,2077,31117
"Gm11992",20763,2400,18363
"Upp1",18163,1613,16550
"Gm11993",1189,1189,0
"Abca13",493518,16657,476861
"Eif3s6-ps1",601,601,0
"Gm11996",1103,1103,0
"Gm20551",313,313,0
"Vwc2",155437,11924,143513
"LOC105243834",3369,1035,2334
"Zpbp",184007,5689,178318
"Gm12598",875,875,0
"Gm12599",992,992,0
"4930415F15Rik",51469,2675,48794
"Gm29945",6794,1284,5510
"Gm11998",23166,1513,21653
"LOC102631730",38596,709,37887
"Gm11999",43416,1031,42385
"Ikzf1",87958,6333,81625
"LOC105243837",6596,5911,685
"Fignl1",8708,3144,5564
"Ddc",84044,2389,81655
"1700042O10Rik",17199,1075,16124
"Grb10",106924,5235,101689
"LOC102631979",8711,8675,36
"Gm30423",1633,1186,447
"Cobl",228322,6095,222227
"LOC105243848",20985,6642,14343
"Gm12002",32724,1841,30883
"Gm30596",9543,6007,3536
"LOC102632319",426,322,104
"Gm12003",1157,1157,0
"Gm12004",715,715,0
"Gm30770",14011,344,13667
"4930554G24Rik",44945,1282,43663
"1700046C09Rik",38890,562,38328
"Pom121l12",1077,1077,0
"Gm12007",1049,1049,0
"LOC102632442",10228,630,9598
"Gm12009",1118,1118,0
"Gm12010",7127,7127,0
"Gm12011",618,618,0
"Vstm2a",26950,3889,23061
"Gm12012",1451,1451,0
"Sec61g",6847,779,6068
"Akt2-ps",2875,2875,0
"Gm12664",964,964,0
"LOC105243850",54313,396,53917
"Egfr",161705,6438,155267
"LOC105243852",11241,10324,917
"Eldr",16574,1810,14764
"Fbxo48",3403,2929,474
"Plek",37513,4117,33396
"Gm12014",2343,2343,0
"Cnrip1",27439,1539,25900
"LOC102633332",252,252,0
"Ppp3r1",41083,2829,38254
"Pno1",8392,1565,6827
"Wdr92",23308,3431,19877
"C1d",11559,3298,8261
"Gm12015",852,852,0
"Gm31268",29852,1148,28704
"Gm18816",564,564,0
"Etaa1",15127,4192,10935
"LOC102633673",1107,400,707
"Gm12017",1216,1216,0
"Gm31505",5504,413,5091
"Gm12018",17597,501,17096
"Gm12019",869,869,0
"Gm12020",2036,2036,0
"Gm12022",24878,530,24348
"Gm12021",1901,1901,0
"Gm12024",1249,1249,0
"Gm31674",75181,5839,69342
"LOC105243874",9770,2386,7384
"8430419K02Rik",26687,4759,21928
"Meis1",140055,4954,135101
"LOC101055656",10867,5837,5030
"4933406G16Rik",10466,1416,9050
"Gm12026",124532,1403,123129
"LOC105243875",4930,897,4033
"Glns-ps1",1355,1355,0
"LOC105243876",16844,762,16082
"LOC100862374",2469,746,1723
"Spred2",99585,9839,89746
"LOC105243877",10877,3111,7766
"Gm32080",3764,3581,183
"Actr2",50648,3684,46964
"LOC105243878",47494,1221,46273
"Rab1",25255,2657,22598
"Cep68",23440,5862,17578
"LOC105243879",8677,946,7731
"Rpl12-ps2",321,321,0
"Slc1a4",30534,3926,26608
"Gm12033",1199,1199,0
"LOC105243880",4719,1823,2896
"Gm12034",436,436,0
"LOC105243881",3074,2912,162
"LOC105243882",38029,2151,35878
"Gm32142",2018,1930,88
"Sertad2",110086,6735,103351
"Gm12035",617,617,0
"Aftph",57758,5421,52337
"Gm32213",26641,759,25882
"Lgalsl",66649,4019,62630
"LOC105243883",4412,2888,1524
"Gm32293",49105,6065,43040
"LOC105245353",59838,3902,55936
"Peli1",59004,3485,55519
"Gm12040",589,539,50
"Gm12041",604,604,0
"Vps54",82102,4602,77500
"Gm18817",1166,1166,0
"Ugp2",50142,3100,47042
"Mir1933",88,88,0
"Gm29812",1101,1101,0
"Gm12045",504,504,0
"Gm12046",418,418,0
"4932414J04Rik",16451,3061,13390
"Mdh1",15243,1958,13285
"Wdpcp",326407,3872,322535
"Pgam1-ps1",1712,1667,45
"Gm12047",955,955,0
"Rpl15-ps1",564,564,0
"Gm7906",894,894,0
"LOC105245354",11895,1358,10537
"Otx1",6888,2825,4063
"Gm32517",4197,1771,2426
"Ehbp1",281254,5378,275876
"Gm18932",1057,1057,0
"Rpsa-ps3",1906,1906,0
"LOC105243884",25141,2208,22933
"Tmem17",6949,1370,5579
"Gm12052",17930,3126,14804
"LOC105245344",12680,1325,11355
"Gm12056",4069,1268,2801
"Gm12057",1430,1430,0
"Gm12058",556,556,0
"B3gnt2",25598,2818,22780
"Commd1",83116,1996,81120
"Zrsr1",4492,4492,0
"Cct4",12744,1966,10778
"Fam161a",38427,5221,33206
"Gm12059",11625,7164,4461
"LOC105243885",80872,1039,79833
"1700061J23Rik",14551,1145,13406
"Xpo1",41684,5648,36036
"Usp34",183715,12252,171463
"LOC105243886",1859,1811,48
"Ahsa2",10158,4707,5451
"1700093K21Rik",5115,2770,2345
"Gm30942",2185,1357,828
"Gm12060",785,785,0
"0610010F05Rik",70044,8799,61245
"Pex13",19457,4122,15335
"Pus10",67523,4303,63220
"Rel",29242,2584,26658
"LOC105243887",13500,805,12695
"Papolg",35152,6378,28774
"LOC105243888",27097,3047,24050
"Gm33232",7612,2526,5086
"Bcl11a",96995,8467,88528
"4930538E20Rik",12922,1171,11751
"Gm12066",17572,1562,16010
"Gm33440",36531,1426,35105
"Gm33379",3110,451,2659
"4933430M04Rik",88043,743,87300
"Gm12067",1540,1540,0
"Gm10466",9717,2466,7251
"LOC102636777",22403,1759,20644
"LOC105243889",3205,1607,1598
"Gm12069",21526,808,20718
"4933427E13Rik",41031,1493,39538
"5730522E02Rik",593731,1520,592211
"Mir6372",109,109,0
"Gm31023",345,345,0
"Gm18324",501,501,0
"Fancl",84800,1782,83018
"Vrk2",122614,2078,120536
"Gm12071",651,651,0
"Gm12070",2753,1647,1106
"Gm12073",552,552,0
"Gm3810",1660,1660,0
"Gm12080",1084,1084,0
"Gm6685",762,762,0
"LOC105245345",6692,2317,4375
"Ccdc85a",198758,7725,191033
"Gm34075",9794,469,9325
"2810471M01Rik",11713,1597,10116
"Gm12082",21841,1313,20528
"Mir216b",86,86,0
"Mir216c",69,69,0
"LOC105245346",18091,1792,16299
"Mir216a",72,72,0
"Mir217",108,108,0
"Gm34185",23950,890,23060
"Efemp1",73539,2139,71400
"Rpsa-ps5",885,885,0
"Pnpt1",31796,3342,28454
"Smek2",52859,10179,42680
"Cfap36",25737,1523,24214
"Gm12085",882,882,0
"Gm12087",3351,312,3039
"Ccdc88a",137214,11219,125995
"LOC105243969",13510,1681,11829
"Prorsd1",3277,2128,1149
"Mtif2",19074,3176,15898
"Rps27a",2199,821,1378
"Clhc1",30411,2279,28132
"LOC102633366",1054,576,478
"Gm12091",912,912,0
"Gm12092",39411,4009,35402
"Gm12093",1131,1131,0
"Rtn4",51517,6674,44843
"Eml6",283449,8646,274803
"LOC105243970",29377,623,28754
"4931440F15Rik",3274,3274,0
"Sptbn1",168810,13757,155053
"LOC105245347",6700,6620,80
"Gm34635",6501,1279,5222
"LOC105245348",18221,1978,16243
"Gm8102",1116,1116,0
"Gm34695",3681,2940,741
"4930505A04Rik",45824,1536,44288
"Acyp2",143405,671,142734
"Gm12096",1104,1104,0
"LOC105245349",6765,6657,108
"Gm12098",1705,1705,0
"LOC100534353",1664,1664,0
"Gm12099",747,747,0
"Psme4",109823,8003,101820
"Gm12103",1973,1973,0
"Erlec1",88542,7128,81414
"Gpr75",9130,3688,5442
"Gm12104",969,969,0
"Asb3",148511,3498,145013
"Chac2",9659,1330,8329
"Gm12102",571,571,0
"LOC105245350",7915,1576,6339
"Stc2",10621,1793,8828
"Gm35012",8885,840,8045
"LOC105243972",1288,230,1058
"Gm35063",1594,568,1026
"Bod1",6713,1402,5311
"LOC105243973",9709,3665,6044
"Gm35131",3404,367,3037
"LOC105243974",1913,833,1080
"D630024D03Rik",23860,1448,22412
"Gm12107",8441,3675,4766
"LOC105243975",5546,1297,4249
"Cpeb4",64752,7697,57055
"Gm18743",535,535,0
"Gm19020",721,721,0
"4930524B15Rik",14102,2042,12060
"Gm35267",469,469,0
"Nsg2",58826,4034,54792
"Gm12108",5970,2591,3379
"LOC105243976",10817,2071,8746
"LOC105245351",12766,2261,10505
"Gm12109",5335,873,4462
"Il9r",17797,7564,10233
"Snrnp25",3582,833,2749
"Rhbdf1",12748,3277,9471
"Mpg",6278,2195,4083
"Nprl3",35745,3592,32153
"Hba-x",1517,601,916
"Hba-a1",815,559,256
"Hbq1b",9332,2087,7245
"Hba-a2",819,563,256
"Hbq1a",4025,818,3207
"Sh3pxd2b",80411,7554,72857
"Ubtd2",63338,3032,60306
"Efcab9",10539,1310,9229
"Stk10",91330,5073,86257
"Fbxw11",104814,5048,99766
"Gm8192",1023,1023,0
"Gm35723",63299,659,62640
"Smim23",4219,606,3613
"Gm12110",693,693,0
"Gm12111",23734,1629,22105
"Rpsa-ps4",1025,1025,0
"Fgf18",30431,1593,28838
"Npm1",10709,1718,8991
"Gm12115",586,586,0
"Tlx3",2837,1532,1305
"Ranbp17",302957,12288,290669
"Gm12117",1201,1201,0
"Anp32-ps",493,493,0
"Gm9450",586,586,0
"Gm12118",611,611,0
"Gm36005",3609,1185,2424
"Gabrp",28198,3301,24897
"D130052B06Rik",26217,3619,22598
"Kcnip1",363855,3185,360670
"Gm12119",54330,2676,51654
"LOC105243981",16007,302,15705
"LOC105243980",13999,7539,6460
"LOC105243979",6681,2156,4525
"LOC105243978",3428,3281,147
"Gm36395",4324,852,3472
"Kcnmb1",10691,4248,6443
"Lcp2",45080,3348,41732
"4930469K13Rik",34883,4779,30104
"Gm36654",2942,1436,1506
"Gm12121",11947,7679,4268
"Foxi1",3749,2354,1395
"Dock2",557091,4081,553010
"4930403D09Rik",8438,666,7772
"Fam196b",107821,6986,100835
"Gm29887",7894,1214,6680
"LOC105243982",611,315,296
"Spdl1",24480,3226,21254
"Gm33277",2783,2501,282
"Slit3",587052,4996,582056
"Gm33453",9815,2428,7387
"LOC105244016",22744,18159,4585
"LOC105246858",4162,2999,1163
"LOC105244013",4945,1911,3034
"Mir218-2",110,110,0
"Pank3",21791,7365,14426
"Mir103-1",86,86,0
"LOC105244021",3517,3517,0
"Fbll1",1505,1505,0
"Rars",26148,2224,23924
"Wwc1",140912,3315,137597
"LOC105246862",18565,1221,17344
"Tenm2",1230153,15265,1214888
"LOC105246861",4821,2249,2572
"LOC105246860",2502,2173,329
"Gm33585",77861,15272,62589
"LOC105244038",9606,9501,105
"LOC105246859",9753,8947,806
"LOC105244042",514673,807,513866
"Gm33791",25387,1159,24228
"Gm12128",14454,3190,11264
"Gm12129",1730,1730,0
"Gm12130",28498,2453,26045
"Gm18287",785,785,0
"4930553C11Rik",82523,793,81730
"Gm33963",108346,1916,106430
"Gm12132",329649,1402,328247
"Gm12133",562,562,0
"Gm34173",4274,685,3589
"Gm34281",3512,218,3294
"Gm12136",1420,1420,0
"Gm12138",1349,1349,0
"Mat2b",15890,2258,13632
"Hmmr",32077,3959,28118
"Nudcd2",6386,1583,4803
"Ccng1",6764,3516,3248
"Hmgb1-ps1",2263,2263,0
"Gm18477",506,506,0
"Gm12141",2235,2235,0
"Gm12142",913,497,416
"LOC102637814",257328,949,256379
"Gabrg2",90651,4061,86590
"Gabra1",52013,4831,47182
"Gabra6",14691,2632,12059
"Gm34591",9706,424,9282
"Gabrb2",212835,7666,205169
"Gm34644",9532,365,9167
"Atp10b",322729,9325,313404
"LOC105244151",24621,461,24160
"Mir146",65,65,0
"LOC105244152",2409,709,1700
"Gm5782",2388,1216,1172
"Pttg1",6001,1765,4236
"Slu7",14260,3794,10466
"LOC102638276",11923,1595,10328
"C1qtnf2",17242,1439,15803
"Ccnjl",58251,2709,55542
"Fabp6",5523,510,5013
"Gm12149",3705,3705,0
"LOC102633890",5912,858,5054
"Gm34963",6184,472,5712
"Pwwp2a",41552,13807,27745
"Ttc1",17968,1432,16536
"Adra1b",126647,3884,122763
"Gm12153",175899,3638,172261
"Il12b",14615,2505,12110
"LOC105246865",17316,3309,14007
"Ublcp1",15978,2138,13840
"Gm12156",739,739,0
"Rnf145",46841,7404,39437
"4930597A21Rik",4913,698,4215
"LOC105244153",4689,662,4027
"Ebf1",389997,5895,384102
"Gm35168",12731,10562,2169
"Gm12159",14063,1447,12616
"Gm12161",366,366,0
"LOC105244154",6382,293,6089
"Gm35282",16759,489,16270
"F630206G17Rik",34798,2398,32400
"Gm12163",639,639,0
"Gm12164",936,936,0
"Clint1",58696,3486,55210
"Lsm11",16734,6520,10214
"Thg1l",10199,3988,6211
"Gm35497",777,391,386
"Sox30",38630,3942,34688
"Gm12165",683,683,0
"Gm12166",984,984,0
"Adam19",92846,6447,86399
"Mir8100",121,121,0
"Nipal4",18205,3295,14910
"Mir7239",57,57,0
"Gm35624",20224,6887,13337
"Cyfip2",119011,7110,111901
"Fndc9",4315,2263,2052
"Gm12568",1230,1230,0
"Itk",64368,4671,59697
"Gm12167",2713,557,2156
"Fam71b",3258,2190,1068
"Med7",5789,2709,3080
"Gm12168",763,763,0
"Havcr2",26709,3109,23600
"Gm12169",13906,1026,12880
"Gm12171",9228,676,8552
"Rpl9-ps2",701,701,0
"BC053393",17720,2043,15677
"Dppa1",25224,2394,22830
"Gm4926",8501,1620,6881
"Timd2",38145,3384,34761
"Gm12174",907,907,0
"Havcr1",39756,2503,37253
"LOC105244156",6342,421,5921
"Timd4",33548,2314,31234
"Sgcd",1017309,13389,1003920
"LOC101055721",908,908,0
"LOC105244157",6025,380,5645
"Gm12179",1306,1306,0
"Gm12180",670,670,0
"Gm12181",683,683,0
"Gm12182",1227,1227,0
"Gm12183",2260,2260,0
"Gm36109",7098,3350,3748
"Gnb2l1",5882,1254,4628
"Snord96a",77,77,0
"Snord95",68,68,0
"Trim41",11363,4056,7307
"Gm12184",1267,1267,0
"Trim7",24507,3610,20897
"Irgm1",6171,2559,3612
"Gm5431",14731,2971,11760
"Gm12185",22527,5287,17240
"Psme2b",1066,1066,0
"9930111J21Rik1",33232,3863,29369
"LOC105246866",14367,1900,12467
"Tgtp1",6918,2809,4109
"Gm12186",4371,4371,0
"9930111J21Rik2",13583,2403,11180
"Olfr56",84655,1930,82725
"Tgtp2",7017,2816,4201
"Gm12187",1614,1614,0
"Ifi47",20401,2013,18388
"Gm12188",3258,1904,1354
"Olfr1396",8313,2575,5738
"Olfr1395",954,954,0
"Olfr1394",939,939,0
"Btnl9",18765,2463,16302
"Zfp62",15857,5818,10039
"Gm18583",738,738,0
"Mgat1",18840,7263,11577
"Olfr1393",16572,3747,12825
"Olfr1392",1026,1026,0
"Olfr10",936,936,0
"Olfr1391",936,936,0
"Olfr1390",936,936,0
"Gm12189",994,994,0
"Olfr1389",1073,1073,0
"Olfr1388",936,936,0
"Olfr1387",936,936,0
"Olfr1386",1128,1128,0
"Olfr1385",930,930,0
"Olfr1384",1034,1034,0
"Olfr1383",936,936,0
"Olfr1382",936,936,0
"Olfr1381",936,936,0
"Olfr1380",936,936,0
"LOC105244158",3475,2358,1117
"LOC105243624",2685,1120,1565
"LOC105246867",4871,1092,3779
"Flt4",43061,5839,37222
"Scgb3a1",1524,613,911
"Cnot6",42508,6492,36016
"Gm12191",524,524,0
"Gm12192",556,556,0
"Gm36411",13557,8330,5227
"Gm36507",34346,1015,33331
"Gfpt2",44466,2986,41480
"Mapk9",39671,4995,34676
"Rasgef1c",78408,2932,75476
"Rnf130",100389,8200,92189
"Mir340",98,98,0
"Gm12194",1083,1083,0
"Tbc1d9b",41729,5552,36177
"3010026O09Rik",25265,2034,23231
"Sqstm1",10669,2030,8639
"Gm36556",3033,2932,101
"Mgat4b",9769,2429,7340
"Mir6919",62,62,0
"Ltc4s",4173,2761,1412
"Maml1",36703,5673,31030
"Canx",31717,4289,27428
"Gm31865",12234,722,11512
"Gm12196",1294,1132,162
"Cby3",2303,1067,1236
"Mir804",95,95,0
"Hnrnph1",8835,2336,6499
"Rufy1",41826,2824,39002
"Gm36763",2820,1985,835
"Adamts2",205489,9125,196364
"LOC105244159",13679,8090,5589
"Zfp354c",16651,5968,10683
"Zfp879",9533,2423,7110
"Grm6",16201,5849,10352
"Zfp454",14921,4807,10114
"Zfp2",17465,3187,14278
"Zfp354b",9850,2494,7356
"4933414I15Rik",3015,2166,849
"Prop1",2827,1000,1827
"Olfr1379-ps1",940,940,0
"Olfr1378",1468,972,496
"Gm12661",2752,2752,0
"Olfr1377",924,924,0
"Olfr1376-ps1",907,907,0
"Olfr51",924,924,0
"Olfr54",942,942,0
"Olfr1375-ps1",942,942,0
"Zfp354a",13556,4331,9225
"9230009I02Rik",6749,1150,5599
"Gm12201",1239,1239,0
"Gm12202",2650,2650,0
"Olfr1374-ps1",633,633,0
"5133400J02Rik",30586,937,29649
"Gm12569",18620,5540,13080
"BC049762",11991,3193,8798
"Clk4",18604,3775,14829
"Col23a1",294248,6383,287865
"Phykpl",19287,3117,16170
"Hnrnpab",6782,2545,4237
"Nhp2",3942,1004,2938
"Rmnd5b",12224,1946,10278
"N4bp3",8003,4462,3541
"D930048N14Rik",6728,3429,3299
"Gm30058",5001,788,4213
"0610009B22Rik",3790,1425,2365
"Sec24a",71365,7339,64026
"Sar1b",28291,1253,27038
"Jade2",46056,7944,38112
"Gm30110",1088,891,197
"LOC105244160",7481,250,7231
"LOC105244161",5013,607,4406
"LOC105244162",12518,3685,8833
"Cdkn2aipnl",9706,1864,7842
"Ube2b",16942,2269,14673
"Cdkl3",88921,9866,79055
"Ppp2ca",23926,1930,21996
"Gm30631",698,493,205
"Mir3061",91,91,0
"Olfr1373",936,936,0
"Olfr1372-ps1",3032,1768,1264
"LOC105246868",3570,2418,1152
"Olfr1371",11448,1164,10284
"Skp1a",16337,1820,14517
"Tcf7",31096,4205,26891
"Gm30217",11603,1042,10561
"Vdac1",28282,1766,26516
"9530068E07Rik",12296,2467,9829
"LOC105244164",4229,3096,1133
"Gm30366",84532,5741,78791
"LOC105244165",1267,412,855
"Fstl4",428407,8882,419525
"LOC105244166",6146,4744,1402
"Gm11186",8606,1179,7427
"Gm11189",1291,1291,0
"Hspa4",40666,4640,36026
"Gm30525",5147,1210,3937
"Zcchc10",8613,1257,7356
"Aff4",71524,10717,60807
"Gm32048",2218,1046,1172
"Mir6920",71,71,0
"Leap2",956,497,459
"Uqcrq",1927,542,1385
"Gdf9",7026,2092,4934
"Gm30585",2425,1046,1379
"Shroom1",11058,3808,7250
"Sowaha",3618,3618,0
"Gm19835",4928,1364,3564
"Rpl9-ps3",723,723,0
"Sept8",29865,5937,23928
"Cycl",300,300,0
"A430108G06Rik",2663,1541,1122
"Kif3a",37054,5698,31356
"Il4",6206,844,5362
"LOC105244167",8780,765,8015
"Il13",3380,1206,2174
"Rps2-ps4",671,671,0
"Rad50",57801,5153,52648
"Il5",6260,3015,3245
"Mir7671",58,58,0
"Irf1",8361,3360,5001
"Gm12216",73768,1152,72616
"Gm30785",7542,4019,3523
"Slc22a5",27258,3221,24037
"LOC102632883",453,453,0
"Gm12220",10839,10839,0
"Slc22a21",30632,7667,22965
"Gm12219",1458,1458,0
"Gm30927",5714,875,4839
"Slc22a4",45540,3147,42393
"Pdlim4",14105,1200,12905
"P4ha2",30745,2345,28400
"Gm12223",153400,5917,147483
"Gm18323",708,708,0
"Gm12221",1131,1131,0
"4933405E24Rik",35517,1081,34436
"Gm12222",494,494,0
"Csf2",2630,1399,1231
"Il3",2195,849,1346
"Acsl6",60933,6601,54332
"Meikin",56139,1546,54593
"Gm17884",1519,1519,0
"Gm12226",1556,1556,0
"Fnip1",80096,6398,73698
"Rapgef6",177533,14531,163002
"Cdc42se2",70289,3138,67151
"LOC105244168",8428,3344,5084
"Lyrm7os",5049,928,4121
"Lyrm7",34042,3133,30909
"Gm18818",648,648,0
"Gm31490",3765,1277,2488
"Hint1",4059,576,3483
"Gpx3",7529,1517,6012
"Tnip1",52172,3225,48947
"LOC102633817",1699,1699,0
"Anxa6",54510,2661,51849
"LOC102633930",8935,7638,1297
"Ccdc69",28913,1777,27136
"Gm2a",15045,4257,10788
"Gm12231",730,730,0
"Slc36a3",26931,2011,24920
"Slc36a3os",8550,980,7570
"Gm31688",8402,2171,6231
"Slc36a2",26628,2468,24160
"Slc36a1os",5964,1790,4174
"Slc36a1",32010,5311,26699
"Fat2",86013,18479,67534
"Gm31842",5974,2253,3721
"Sparc",25922,2641,23281
"Atox1",14496,438,14058
"Gm12235",262,262,0
"G3bp1",31137,2686,28451
"Gm12238",124,124,0
"Mir7652",56,56,0
"Glra1",93960,2413,91547
"Gm12236",6596,5491,1105
"LOC105244170",489274,7509,481765
"Nmur2",15998,3276,12722
"LOC105244171",7593,772,6821
"Gm32500",57428,982,56446
"Gm12241",756,756,0
"Gm32649",4454,662,3792
"LOC105244172",7136,4461,2675
"Gria1",318674,6081,312593
"LOC105246869",11977,11671,306
"Gm12242",802,802,0
"Fam114a2",35667,3085,32582
"Mfap3",15166,4899,10267
"LOC102635527",47899,7762,40137
"Galnt10",165095,5332,159763
"2010001A14Rik",6040,835,5205
"Sap30l",8979,1549,7430
"Hand1",3435,1898,1537
"Gm32125",6744,1240,5504
"Gm32915",2615,2533,82
"Gm33026",12394,1743,10651
"Gm33078",11558,836,10722
"Gm12245",743,743,0
"Larp1",52971,7212,45759
"Gm12248",29518,2944,26574
"Cnot8",25798,3854,21944
"Gm12247",1277,949,328
"Gemin5",48555,6230,42325
"Gm33350",5964,688,5276
"Mrpl22",7977,973,7004
"Gm12250",6356,2702,3654
"Igtp",8037,2023,6014
"Irgm2",7807,3514,4293
"Gm33397",14333,2656,11677
"Gm5038",1707,1707,0
"4930438A08Rik",19558,2160,17398
"LOC105244173",18314,330,17984
"Zfp692",7881,2292,5589
"Zfp672",15233,4864,10369
"Sh3bp5l",17011,3250,13761
"Gm33660",10596,1714,8882
"Lypd8",11513,1134,10379
"Gm12251",879,879,0
"1810065E05Rik",4913,925,3988
"Gm12253",9064,1774,7290
"4930504O13Rik",6824,598,6226
"Olfr30",1066,1066,0
"Olfr333-ps1",923,923,0
"Olfr332",2781,1601,1180
"Olfr331",6893,1007,5886
"Gm21927",25638,25638,0
"Olfr330",5897,1082,4815
"Olfr329-ps",10351,1324,9027
"Olfr328",933,933,0
"Olfr224",945,945,0
"Olfr326-ps1",356,356,0
"Olfr325",1041,1041,0
"Olfr324",1122,1122,0
"2210407C18Rik",5289,881,4408
"Olfr323",972,972,0
"Trim58",11940,2192,9748
"Olfr322",984,984,0
"Olfr320",921,921,0
"Gm12570",4723,1279,3444
"Olfr319",921,921,0
"Olfr318",1026,1026,0
"Olfr317",1128,1128,0
"Olfr316",7937,2157,5780
"Olfr315",998,998,0
"Fam183b",18346,2993,15353
"Olfr314",1131,1131,0
"Olfr313",1074,1074,0
"Olfr312",927,927,0
"Olfr311",927,927,0
"2810021J22Rik",17099,4892,12207
"Zfp39",16073,3890,12183
"LOC105246870",2805,1891,914
"Btnl10",9088,4993,4095
"Rnf187",6619,1939,4680
"Hist3h2ba",462,462,0
"Hist3h2bb-ps",465,465,0
"Hist3h2a",508,508,0
"Trim17",16428,3169,13259
"Gm12260",411,411,0
"LOC105244174",4656,582,4074
"Trim11",13388,5767,7621
"Obscn",142120,28034,114086
"LOC105246871",2650,2634,16
"Iba57",9224,4865,4359
"Gjc2",7650,2745,4905
"Guk1",8353,1181,7172
"2610507I01Rik",4639,2905,1734
"Mrpl55",3652,1030,2622
"2310033P09Rik",2376,1243,1133
"Arf1",16857,3448,13409
"Wnt3a",42716,2757,39959
"Wnt9a",26704,3399,23305
"Prss38",3585,1911,1674
"Gm15755",24721,2513,22208
"Snap47",42889,2094,40795
"Jmjd4",8523,4445,4078
"Zfp867",11370,3504,7866
"Gm12263",1479,1479,0
"Zkscan17",21121,4183,16938
"4933439C10Rik",5383,1877,3506
"Nlrp3",25388,4075,21313
"Olfr222",957,957,0
"Gm12261",571,571,0
"Olfr223",960,960,0
"Gm5027",575,575,0
"Olfr225",3440,1312,2128
"Gm33998",6633,1169,5464
"Mprip",118388,17165,101223
"1700007J10Rik",14238,1111,13127
"Gm34094",2943,2900,43
"Pld6",3765,1959,1806
"Flcn",18632,3975,14657
"Gm16062",8283,642,7641
"Cops3",22050,3105,18945
"Nt5m",29210,2167,27043
"1810063I02Rik",398,316,82
"Med9os",1256,529,727
"Med9",15093,3013,12080
"Rasd1",1900,1747,153
"Pemt",75899,1260,74639
"LOC102637411",6186,1235,4951
"Rai1",94291,12300,81991
"LOC102637488",862,862,0
"Srebf1",23598,4842,18756
"Mir6921",80,80,0
"Mir6922",66,66,0
"Tom1l2",129113,7739,121374
"LOC102637775",3883,2769,1114
"Gm12266",1161,1161,0
"Lrrc48",41137,2041,39096
"Atpaf2",18168,2696,15472
"Gid4",28133,4400,23733
"Gm12268",1821,559,1262
"Gm12267",869,869,0
"Drg2",14108,1732,12376
"Myo15",59031,13516,45515
"Alkbh5",20830,6025,14805
"Gm12622",6242,1078,5164
"Gm12628",600,394,206
"Gm12623",2383,2248,135
"LOC105246872",1302,998,304
"Gm12621",466,466,0
"Gm12627",414,414,0
"Gm12613",453,453,0
"Gm12614",4072,528,3544
"Gm12615",17551,730,16821
"Gm12626",2560,2425,135
"Gm12625",482,482,0
"Gm12624",7873,517,7356
"Gm12612",2783,2783,0
"Gm12616",7896,519,7377
"Gm12620",2563,2425,138
"Gm12617",431,431,0
"Llgl1",14519,4445,10074
"Flii",13121,4060,9061
"Mief2",4554,2522,2032
"Mir5100",64,64,0
"Top3a",37893,5187,32706
"Smcr8",10763,8077,2686
"Shmt1",22374,2228,20146
"LOC105246873",2503,1862,641
"Gm12611",3004,1991,1013
"Gm12618",514,514,0
"Dhrs7b",27793,1717,26076
"Tmem11",14587,1511,13076
"Gm26534",2186,1999,187
"Natd1",11547,4159,7388
"LOC105244177",3781,3025,756
"LOC105244176",1284,738,546
"Map2k3os",10927,1267,9660
"Map2k3",20747,2348,18399
"Gm35681",14083,1401,12682
"Kcnj12",50706,4910,45796
"Tnfrsf13b",22632,2640,19992
"Usp22",23279,4442,18837
"LOC105246874",6959,289,6670
"Rps13-ps5",522,522,0
"Aldh3a1",10882,2127,8755
"Aldh3a2",42980,7853,35127
"Slc47a2",41234,2412,38822
"Slc47a1",35382,3797,31585
"Gm18931",798,798,0
"LOC105246875",6676,1764,4912
"Gm12271",577,577,0
"Rnf112",5772,3382,2390
"Mfap4",3329,1751,1578
"Mapk7",5455,3425,2030
"B9d1os",694,694,0
"B9d1",7762,1092,6670
"Epn2",62633,4964,57669
"Grap",19457,1599,17858
"Slc5a10",48030,2471,45559
"Fam83g",25869,4873,20996
"Prpsap2",32439,1962,30477
"Ulk2",79724,6142,73582
"Akap10",59001,4677,54324
"Gm12273",1820,1082,738
"Specc1",266251,13879,252372
"Gm12274",385,385,0
"Gm17912",500,500,0
"LOC105244365",16147,7667,8480
"LOC105244362",2741,350,2391
"Adora2b",17469,1844,15625
"Zswim7",14172,752,13420
"Ttc19",35015,3633,31382
"Ncor1",141690,12131,129559
"LOC105244366",9394,1350,8044
"Pigl",55441,1657,53784
"Cenpv",14559,1939,12620
"Gm12279",5385,396,4989
"Ubb",1710,1337,373
"Trpv2",25820,3433,22387
"2410006H16Rik",1930,461,1469
"Snord49b",63,63,0
"Snord49a",62,62,0
"Snord65",57,57,0
"Lrrc75a",43700,2858,40842
"Mmgt2",17728,2508,15220
"Zfp287",39457,9857,29600
"Wsb2-ps",2316,2316,0
"Gm36450",7032,540,6492
"LOC105244375",9808,2467,7341
"Zfp286",11097,4621,6476
"Gm32456",319,319,0
"Trim16",22754,3954,18800
"Fbxw10",30475,3779,26696
"Tvp23b",15750,1924,13826
"Tvp23bos",3709,2206,1503
"Gm36614",6338,1230,5108
"Cdrt4os2",2272,2111,161
"Cdrt4",41903,723,41180
"Cdrt4os1",13682,1115,12567
"Gm36874",4894,1238,3656
"Tekt3",33302,1739,31563
"Gm36926",29050,415,28635
"Pmp22",30566,2352,28214
"LOC105244393",2625,2585,40
"Gm12285",198,198,0
"Gm29851",2857,939,1918
"Gm12286",1238,1238,0
"LOC105244400",15189,2095,13094
"LOC105244406",2964,1516,1448
"Gm29958",25200,1492,23708
"Gm12288",1283,1283,0
"Hmgb1-rs15",836,836,0
"Hs3st3b1",37592,6004,31588
"Gm30060",8100,4342,3758
"Cox10",116846,3010,113836
"9630013K17Rik",3675,2916,759
"Gm12289",6344,5969,375
"2810001G20Rik",3776,901,2875
"Gm12290",17836,2349,15487
"F930015N05Rik",3540,3540,0
"Hs3st3a1",87504,3933,83571
"Gm30305",56466,1028,55438
"Gm12292",97324,4061,93263
"LOC105244414",1142,658,484
"Elac2",23054,2863,20191
"Arhgap44",161082,4464,156618
"1700086D15Rik",666,533,133
"Gm12293",521,521,0
"Myocd",96382,8340,88042
"Gm30586",53569,1449,52120
"Gm12295",10180,3189,6991
"Gm30786",17950,4213,13737
"LOC105244415",32035,2016,30019
"Map2k4",100111,5283,94828
"Mir744",100,100,0
"Zkscan6",22065,2559,19506
"Dnah9",337863,14409,323454
"LOC105244417",14597,893,13704
"LOC102633054",258143,38713,219430
"Shisa6",314402,10412,303990
"LOC105244416",15067,12622,2445
"LOC102642924",14791,938,13853
"LOC105244418",8516,3633,4883
"Gm12297",1179,1179,0
"Gm12298",41455,820,40635
"Gm29712",903,862,41
"Pirt",17968,4365,13603
"9130409J20Rik",8377,1516,6861
"LOC105244419",13936,409,13527
"Tmem220",10159,1669,8490
"Adprm",14744,1497,13247
"Sco1",14775,4287,10488
"Myh3",24019,6063,17956
"Mir6923",72,72,0
"2310065F04Rik",7620,2724,4896
"Gm31285",9008,129,8879
"Myh2",26491,6083,20408
"Myh1",24462,6019,18443
"Gm12300",13380,1368,12012
"Myh4",22636,6037,16599
"Myh8",31511,6149,25362
"Myh13",44400,5817,38583
"LOC105244420",1288,476,812
"Gm31459",183,183,0
"Gas7",233969,8631,225338
"Glp2r",107855,6197,101658
"Rcvrn",8030,1062,6968
"Gm12302",15593,1576,14017
"Dhrs7c",17732,1124,16608
"LOC105244423",26652,966,25686
"Usp43",67631,4560,63071
"Cfap52",41124,2488,38636
"Stx8",240738,5462,235276
"Gm12304",385,385,0
"Ntn1",177463,5738,171725
"Mir6406",120,120,0
"Gm31954",8094,3225,4869
"Gm32046",1346,1114,232
"Pik3r5",65725,4414,61311
"Pik3r6",49680,3693,45987
"Mfsd6l",2060,2060,0
"LOC105244427",10180,783,9397
"Ccdc42",10918,1582,9336
"Myh10",124711,8205,116506
"LOC105244428",2671,2627,44
"Ndel1",31698,2413,29285
"Rnf222",13816,4590,9226
"Rpl26",2972,664,2308
"Odf4",5663,1582,4081
"Arhgef15",29324,5360,23964
"LOC105246876",7554,859,6695
"Gm32273",5380,662,4718
"Slc25a35",4409,1851,2558
"Rangrf",2702,950,1752
"Gm32384",2389,643,1746
"Pfas",22760,6369,16391
"Mir3062",105,105,0
"Ctc1",20570,4439,16131
"Aurkb",6040,2176,3864
"2310047M10Rik",1802,1802,0
"Tmem107",2485,1265,1220
"Snord118",137,137,0
"Vamp2",3854,2164,1690
"Per1",14826,6372,8454
"Hes7",5344,2211,3133
"Aloxe3",23442,3315,20127
"Alox12b",12720,2347,10373
"Alox8",13959,3273,10686
"Gucy2e",19242,8760,10482
"LOC105244430",12152,1486,10666
"Cntrob",24403,4811,19592
"Trappc1",1808,745,1063
"Kcnab3",6784,2537,4247
"Chd3os",1879,1779,100
"Chd3",26154,7892,18262
"Gm32483",5371,3790,1581
"Cyb5d1",4417,3398,1019
"Naa38",881,518,363
"Tmem88",1719,1585,134
"Kdm6b",19641,8988,10653
"Dnah2",128302,18876,109426
"Efnb3",6504,3470,3034
"Wrap53",18498,2852,15646
"Rps27-ps2",342,342,0
"Trp53",11515,2280,9235
"Atp1b2",6211,2959,3252
"Shbg",7745,2476,5269
"Sat2",2042,1232,810
"Fxr2",20327,2970,17357
"Gm32593",12662,391,12271
"Mir467f",120,120,0
"Sox15",1691,1138,553
"Mpdu1",5953,1363,4590
"Mir1934",83,83,0
"Cd68",1958,1247,711
"Eif4a1",5488,1880,3608
"Senp3",8975,2538,6437
"Tnfsf13os",9080,848,8232
"Tnfsfm13",13522,2235,11287
"Tnfsf13",2978,1679,1299
"Tnfsf12",9859,1694,8165
"Polr2a",24637,6736,17901
"Slc35g3",1961,1500,461
"Zbtb4",18115,8435,9680
"Chrnb1",11939,2186,9753
"Fgf11",6878,4178,2700
"Tmem102",2030,1941,89
"G630025P09Rik",2370,2370,0
"LOC105243794",4398,3972,426
"4933402P03Rik",1928,1668,260
"Spem1",1295,1031,264
"Nlgn2",15255,6332,8923
"Tmem256",1034,431,603
"Plscr3",5808,3484,2324
"Tnk1",8168,3417,4751
"Gm32708",9443,2804,6639
"Tmem95",2120,1474,646
"Kctd11",2722,2722,0
"Acap1",13973,2482,11491
"Mir6924",63,63,0
"2810408A11Rik",4364,3100,1264
"Neurl4",12009,5587,6422
"Gps2",3171,1991,1180
"Eif5a",5247,2017,3230
"Ybx2",5770,3549,2221
"Slc2a4",5936,3167,2769
"Gm12310",681,681,0
"Cldn7",3108,1453,1655
"Elp5",13071,1496,11575
"Ctdnep1",9434,1615,7819
"Gm32862",3795,1944,1851
"Gabarap",3580,1122,2458
"Phf23",4246,2293,1953
"Dvl2",9484,2935,6549
"Acadvl",5246,2188,3058
"Mir324",89,89,0
"Dlg4",27078,4187,22891
"Asgr1",3772,1284,2488
"Gm32946",13595,1801,11794
"Asgr2",13881,1783,12098
"Mgl2",7418,1984,5434
"Clec10a",4214,1501,2713
"Slc16a11",2505,1993,512
"Slc16a13",6006,4331,1675
"Bcl6b",5672,3426,2246
"Mir497b",125,125,0
"Mir497",84,84,0
"Mir195a",94,94,0
"0610010K14Rik",2711,913,1798
"Rnasek",1730,622,1108
"LOC105244601",30410,1032,29378
"Alox12",13932,3103,10829
"Gm32992",5711,1470,4241
"Gm33048",1008,639,369
"LOC105244602",3253,449,2804
"Alox12e",7225,2530,4695
"Alox15",31772,2570,29202
"Gm12312",2678,2678,0
"Pelp1",17151,3440,13711
"Gm12314",538,538,0
"Arrb2",8249,2129,6120
"Mir7115",64,64,0
"Med11",1797,890,907
"Cxcl16",5751,3439,2312
"Zmynd15",6586,3751,2835
"Tm4sf5",5910,975,4935
"Vmo1",1101,672,429
"Gltpd2",1528,1203,325
"Psmb6",2502,1036,1466
"LOC105244603",4780,535,4245
"Pld2",18048,6107,11941
"Mink1",51889,5390,46499
"Chrne",4953,2235,2718
"4930544D05Rik",1059,786,273
"Gm12315",8973,1068,7905
"Gp1ba",7380,7183,197
"Slc25a11",3405,2002,1403
"Rnf167",3833,1730,2103
"Pfn1",2804,870,1934
"Eno3",7751,3613,4138
"Spag7",5648,1161,4487
"Camta2",18646,5387,13259
"Inca1",11846,1596,10250
"Kif1c",31423,6789,24634
"Mir6925",70,70,0
"Gm12320",6616,1351,5265
"Gm12318",2729,1046,1683
"Zfp3",8482,1823,6659
"Scimp",21630,1055,20575
"Rabep1",98383,5534,92849
"Rpl23a-ps2",539,539,0
"Gm12322",1060,955,105
"Nup88",26916,3047,23869
"Rpain",7734,1243,6491
"C1qbp",5181,1165,4016
"Dhx33",20463,5411,15052
"Derl2",12402,4154,8248
"Mis12",7761,3359,4402
"6330403K07Rik",1677,1598,79
"Gm12321",893,893,0
"Nlrp1a",53508,4806,48702
"Nlrp1b",77761,6570,71191
"Nlrp1c-ps",42803,3457,39346
"Gm17874",579,579,0
"Gm33249",7523,447,7076
"Gm16013",8032,2032,6000
"9230020A06Rik",57855,5750,52105
"Gm33351",18062,1083,16979
"Gm33964",14516,675,13841
"Gm12326",1342,1222,120
"Wscd1",39725,4273,35452
"Gm34127",3640,767,2873
"4930401O10Rik",11652,787,10865
"Aipl1",13659,3318,10341
"Fam64a",4933,1530,3403
"Pitpnm3",88362,6938,81424
"4933427D14Rik",53377,7811,45566
"Txndc17",2934,1446,1488
"Med31",3869,1161,2708
"4930563E22Rik",3313,3313,0
"Slc13a5",25043,3846,21197
"Gm34252",4016,881,3135
"1700051A21Rik",1713,1358,355
"Xaf1",12298,3547,8751
"Fbxo39",5050,2402,2648
"Tekt1",17726,1645,16081
"Gm34317",8928,1775,7153
"Mir6338",109,109,0
"Smtnl2",22551,3884,18667
"Ggt6",3324,2918,406
"Mybbp1a",10173,4117,6056
"Spns2",38283,3595,34688
"LOC105244605",4464,1408,3056
"Spns3",52356,2327,50029
"Gm34592",43207,1715,41492
"Ube2g1",79221,3837,75384
"Gm34530",5512,3972,1540
"Ankfy1",82145,8034,74111
"Cyb5d2",18608,2376,16232
"Zzef1",130895,11447,119448
"Gm6733",1923,1923,0
"Gm34704",9221,1263,7958
"Gm34793",1124,327,797
"Atp2a3",31875,4606,27269
"LOC105244606",3198,2181,1017
"P2rx1",16145,2537,13608
"Camkk1",26768,4758,22010
"4732414G09Rik",3014,2450,564
"1200014J11Rik",35713,6284,29429
"Itgae",56855,4572,52283
"Gsg2",2811,2811,0
"P2rx5",20051,5834,14217
"Gm35001",1988,743,1245
"Emc6",1540,1436,104
"Tax1bp3",4964,1417,3547
"Ctns",15897,3455,12442
"Shpk",25283,3614,21669
"Trpv1",30299,3650,26649
"Trpv3",32880,6887,25993
"LOC105244608",2589,2543,46
"Aspa",21881,1940,19941
"Spata22",19898,2633,17265
"Olfr20",3841,1062,2779
"Olfr376",4459,1210,3249
"Olfr377-ps1",941,941,0
"Gm17811",1110,1110,0
"Olfr1",4420,1248,3172
"Olfr75-ps1",4409,1281,3128
"Olfr378",3441,1080,2361
"Olfr379-ps1",934,934,0
"Olfr380",936,936,0
"Olfr381",936,936,0
"Olfr382",939,939,0
"Olfr383-ps1",902,902,0
"Olfr385",939,939,0
"Olfr384",939,939,0
"Gm12327",3648,3648,0
"Olfr387-ps1",934,934,0
"Zfp735",25031,3756,21275
"Olfr388-ps1",938,938,0
"Olfr389",4203,1395,2808
"Olfr390",936,936,0
"Olfr391-ps",4232,1120,3112
"Olfr392",2754,1348,1406
"Olfr393",939,939,0
"Olfr394",933,933,0
"Olfr395",939,939,0
"Olfr396-ps1",936,936,0
"Olfr23",10866,1073,9793
"Olfr22-ps1",934,934,0
"Olfr397",948,948,0
"Olfr398",945,945,0
"Olfr139",948,948,0
"Olfr399",1003,1003,0
"Zfp616",26405,4818,21587
"Gm12331",622,622,0
"Olfr400-ps1",6151,6151,0
"Olfr401",948,948,0
"Olfr402",948,948,0
"Olfr403",10198,1278,8920
"Olfr43",1092,1092,0
"Olfr404-ps1",939,939,0
"Olfr405-ps1",933,933,0
"Olfr406",972,972,0
"Olfr407-ps1",1060,1060,0
"Olfr59",5895,1351,4544
"Olfr408-ps1",938,938,0
"Olfr409-ps1",971,971,0
"Gm12332",1085,1085,0
"Olfr410",948,948,0
"Olfr411",1049,1049,0
"Olfr412",939,939,0
"LOC105244609",2100,2024,76
"Rap1gap2",227428,11957,215471
"E130309D14Rik",21912,4189,17723
"Cluh",21354,5489,15865
"Pafah1b1",50436,6176,44260
"LOC105244610",40067,1534,38533
"Mettl16",47859,3094,44765
"Mnt",14930,6490,8440
"Sgsm2",47832,4951,42881
"Mir6926",68,68,0
"Tsr1",11261,3385,7876
"Srr",20752,4766,15986
"Snord91a",60,60,0
"Smg6",238577,6230,232347
"LOC105244611",7743,7706,37
"Gm12335",965,965,0
"Gm35054",13055,2914,10141
"Hic1",5691,4516,1175
"Mir212",91,91,0
"Mir132",66,66,0
"Ovca2",2866,2642,224
"Dph1",12841,2103,10738
"Rtn4rl1",73777,3502,70275
"Gm35169",2925,2725,200
"Gm35117",20082,8214,11868
"Rpa1",48125,3130,44995
"Smyd4",57275,3519,53756
"Serpinf1",12595,1494,11101
"Gm35337",3715,824,2891
"Gm12337",531,531,0
"Serpinf2",7766,2192,5574
"Gm35391",1313,288,1025
"Wdr81",13775,6972,6803
"Mir22hg",5152,1766,3386
"Mir22",95,95,0
"Tlcd2",2876,1450,1426
"Prpf8",22671,7481,15190
"Rilp",3075,1489,1586
"Scarf1",13086,3071,10015
"Slc43a2",47294,8999,38295
"Mir3971",83,83,0
"Pitpna",40671,3724,36947
"4931413K12Rik",7358,3533,3825
"Gm12338",598,598,0
"Inpp5k",18359,3166,15193
"Myo1c",24151,5934,18217
"Crk",29181,6666,22515
"Ywhae",32955,2078,30877
"Doc2b",26968,4245,22723
"LOC102641247",71903,14502,57401
"Rph3al",136259,4483,131776
"1700016K19Rik",3658,921,2737
"Fam101b",8589,3512,5077
"Vps53",133405,3093,130312
"LOC105244612",2403,2403,0
"Fam57a",29742,2401,27341
"Gemin4",7002,3448,3554
"Dbil5",1053,575,478
"Glod4",23305,3078,20227
"Rnmtl1",6890,1495,5395
"Nxn",141916,2728,139188
"Gm36384",16668,6214,10454
"LOC105244613",5073,759,4314
"Timm22",9389,3056,6333
"Abr",161008,6786,154222
"LOC105246877",2087,1346,741
"Gm12341",3911,681,3230
"Rpl36-ps2",397,397,0
"Gm18373",990,990,0
"Gm36558",455,199,256
"Bhlha9",1207,1207,0
"Tusc5",18792,3237,15555
"Gosr1",37021,4332,32689
"Cpd",69801,9152,60649
"LOC105244615",11408,342,11066
"Tmigd1",25342,1700,23642
"Blmh",41734,2355,39379
"Slc6a4",33880,3121,30759
"Gm36676",4568,1491,3077
"Ccdc55",34146,3116,31030
"Mir423",109,109,0
"Efcab5",110040,5353,104687
"Gm12344",958,958,0
"Gm12345",895,895,0
"LOC105244616",12531,301,12230
"Ssh2",244052,11618,232434
"Gm12346",2761,2560,201
"LOC105244617",2549,2549,0
"Coro6",8164,3085,5079
"Ankrd13b",19194,3734,15460
"2210008F06Rik",2009,1016,993
"Git1",14364,3651,10713
"Trp53i13",7823,1864,5959
"Abhd15",5512,3249,2263
"Taok1",78699,12724,65975
"Gm12734",945,945,0
"Gm12733",914,914,0
"Nufip2",32317,12065,20252
"Cryba1",7050,1428,5622
"Myo18a",102738,9392,93346
"Gm10277",5594,5594,0
"Gm36875",2527,2148,379
"Pipox",13259,1775,11484
"Gm29932",2815,1502,1313
"Gm29979",11235,2261,8974
"Gm11190",17162,3414,13748
"Sez6",48214,4403,43811
"Gm30112",2926,2548,378
"Phf12",47786,4606,43180
"LOC105244618",1802,1668,134
"Dhrs13os",2195,1970,225
"Dhrs13",5597,1957,3640
"Flot2",22567,2929,19638
"Mir144",66,66,0
"Mir451a",72,72,0
"Mir451b",72,72,0
"Eral1",7008,2014,4994
"Fam222b",62674,4225,58449
"Gm12571",502,502,0
"Traf4",7147,3104,4043
"Nek8",10590,3194,7396
"Tlcd1",4105,3478,627
"Mir7653",61,61,0
"Rpl23a",2650,560,2090
"Snord42a",45,45,0
"Snord4a",70,70,0
"Snord42b",55,55,0
"Rab34",4315,2604,1711
"Proca1",12372,2210,10162
"Supt6",38955,6960,31995
"Sdf2",9751,1268,8483
"Gm18686",612,612,0
"2610507B11Rik",28923,7881,21042
"BC030499",6074,4134,1940
"Gm3948",8665,1406,7259
"Spag5",20864,3876,16988
"Aldoc",4709,2873,1836
"Pigs",14360,2493,11867
"Unc119",5722,1434,4288
"Foxn1",29346,4117,25229
"Gm30367",3700,582,3118
"Slc13a2os",11173,3627,7546
"Slc13a2",25005,3825,21180
"Slc46a1",6245,1974,4271
"Sarm1",25491,5264,20227
"Vtn",3206,1745,1461
"Sebox",1569,1285,284
"Tmem199",5114,1343,3771
"Poldip2",10441,1951,8490
"Tnfaip1",13411,3709,9702
"Ift20",5038,802,4236
"Tmem97",8919,1333,7586
"D11Bhm181e",290,290,0
"Nlk",130428,4686,125742
"Gm17235",1116,1116,0
"Fam58b",1224,1224,0
"Lyrm9",17305,5053,12252
"Gm18950",629,629,0
"Gm19741",4344,635,3709
"Nos2",39374,4311,35063
"Lgals9",21946,1586,20360
"Ksr1",133115,8907,124208
"Gm11201",11409,3347,8062
"Gm30413",8837,535,8302
"Gm30470",23751,780,22971
"Wsb1",15319,3914,11405
"Gm30561",20618,2717,17901
"Nf1",245622,15784,229838
"Gm11198",1177,1177,0
"Gm30664",2140,2030,110
"AU040972",2309,1038,1271
"Omg",3101,2226,875
"Gm21975",17225,3964,13261
"Evi2b",10378,3529,6849
"Evi2a",4050,2297,1753
"Rab11fip4",107003,7697,99306
"Rab11fip4os1",16085,2187,13898
"Gm30718",22732,8304,14428
"Rab11fip4os2",4714,357,4357
"Gm11205",851,723,128
"Mir193a",66,66,0
"Mir365-2",112,112,0
"LOC105242790",8239,710,7529
"Gm11203",752,752,0
"Utp6",30107,4305,25802
"Gm30875",2230,1879,351
"Suz12",41018,4373,36645
"Crlf3",34499,2396,32103
"Atad5",46419,7745,38674
"Tefm",6047,1960,4087
"Adap2",24932,4425,20507
"LOC105242792",20232,2445,17787
"Rnf135",15930,2007,13923
"Rhot1",58903,4550,54353
"Rhbdl3",55555,4247,51308
"5730455P16Rik",17561,4662,12899
"Gm30973",1022,830,192
"Zfp207",22714,5165,17549
"Psmd11",44634,2968,41666
"Cdk5r1",4134,4134,0
"Myo1d",297930,7648,290282
"C030013C21Rik",1697,795,902
"Gm31109",1998,1393,605
"LOC105242793",58177,1594,56583
"Gm31042",5103,1787,3316
"Gm31228",15389,4236,11153
"Tmem98",11619,1393,10226
"LOC102633541",1444,1444,0
"4930507D10Rik",7920,1152,6768
"Spaca3",9426,929,8497
"Asic2",1088234,4747,1083487
"LOC105242801",10754,7642,3112
"Gm11416",654,654,0
"LOC105246878",8710,8626,84
"1700071K01Rik",1038,1038,0
"Gm11418",14006,13369,637
"5530401A14Rik",33906,1838,32068
"Gm11419",27513,12864,14649
"Gm31522",6080,3751,2329
"Ccl2",1876,806,1070
"Ccl7",1814,801,1013
"Ccl11",5124,1073,4051
"LOC105242803",4612,1400,3212
"Ccl12",1555,536,1019
"Ccl8",1615,511,1104
"Ccl1",3219,644,2575
"LOC102641825",4846,723,4123
"Tmem132e",60173,7502,52671
"Gm11426",2957,2220,737
"Cct6b",45074,2701,42373
"Gm11422",1097,1097,0
"Zfp830",3278,3278,0
"Gm11423",1442,784,658
"Lig3",23166,6539,16627
"Rffl",67421,4501,62920
"Rad51d",18792,7833,10959
"Fndc8",8593,2081,6512
"Nle1",7678,2014,5664
"Unc45b",32154,3552,28602
"Slfn5os",18341,574,17767
"Slfn5",13502,6280,7222
"Gm11424",829,829,0
"Slfn9",13852,6826,7026
"Mir7679",63,63,0
"Slfn8",19837,5195,14642
"LOC102635048",610,610,0
"Slfn10-ps",12411,3710,8701
"Slfn2",5567,1664,3903
"LOC102635154",2250,1144,1106
"Slfn1",5815,1857,3958
"LOC105242813",1339,1197,142
"Slfn4",15046,3999,11047
"Slfn3",27127,6946,20181
"AI662270",3009,1408,1601
"LOC105242815",9841,827,9014
"Gm11427",6276,1549,4727
"Slfn14",11617,3706,7911
"AA465934",2939,389,2550
"AI450353",1500,1500,0
"Snord7",96,96,0
"Pex12",4352,2873,1479
"Ap2b1",106067,5496,100571
"Rasl10b",11898,4000,7898
"Gas2l2",7887,2943,4944
"1700020L24Rik",3542,1080,2462
"Mmp28",21824,3289,18535
"Taf15",33673,2089,31584
"Gm32650",35236,6853,28383
"Heatr9",11005,2440,8565
"Ccl5",4741,532,4209
"LOC105242830",2317,2228,89
"Ccl16-ps",3485,3485,0
"Ccl9",5720,3008,2712
"E230016K23Rik",41633,2221,39412
"Ccl6",5202,1436,3766
"LOC105242831",10320,997,9323
"Rpl9-ps1",691,691,0
"Ccl3",1536,790,746
"Ccl4",16060,883,15177
"Gm11433",2667,291,2376
"Atp5k-ps3",134,134,0
"Gm11430",2233,436,1797
"Wfdc17",2214,469,1745
"Wfdc18",2357,544,1813
"Wfdc21",5707,438,5269
"Heatr6",30358,6117,24241
"Gm11434",626,626,0
"LOC105242833",6770,689,6081
"Gm12576",39456,1303,38153
"Hnf1b",55709,3109,52600
"Ddx52",20999,3166,17833
"Synrg",80199,7777,72422
"Dusp14",21224,2350,18874
"Tada2a",50723,2753,47970
"Acaca",271975,9905,262070
"Gm11437",19116,1229,17887
"LOC105242916",3213,3213,0
"Aatf",90715,4812,85903
"Lhx1",6156,2750,3406
"Lhx1os",10172,624,9548
"1700109G15Rik",3457,384,3073
"Mrm1",6455,2477,3978
"Dhrs11",8334,1520,6814
"4930502E09Rik",1691,755,936
"Ggnbp2",38378,2950,35428
"Ggnbp2os",714,589,125
"Pigw",3974,2736,1238
"Myo19",31210,4990,26220
"Znhit3",5407,1086,4321
"Gm33028",3595,984,2611
"Gm32917",7213,3377,3836
"Car4",8301,1621,6680
"Usp32",155606,7221,148385
"LOC102635871",3507,3507,0
"Gm18157",742,742,0
"Rpl13-ps1",742,742,0
"1700125H20Rik",41077,2865,38212
"Appbp2",43813,2407,41406
"LOC105242837",3956,246,3710
"LOC105242836",32870,5202,27668
"Akirin1-ps",2036,2036,0
"Appbp2os",3139,640,2499
"Ppm1d",35818,2894,32924
"Bcas3",472943,10911,462032
"Bcas3os1",17545,3138,14407
"Mir5110",87,87,0
"Bcas3os2",8848,658,8190
"2610027K06Rik",40729,2326,38403
"Tbx2",9334,3562,5772
"Tbx4",29757,4531,25226
"LOC100861933",503,503,0
"Gm20759",21693,879,20814
"Brip1",143137,7569,135568
"Atp5l-ps2",454,454,0
"Ints2",46932,6911,40021
"Med13",91811,11787,80024
"LOC105242838",24088,281,23807
"Gm33528",2985,626,2359
"Gm18286",517,517,0
"Rnft1",14351,4434,9917
"Rps6kb1",45939,10039,35900
"Tubd1",22432,2132,20300
"LOC105242841",12144,10944,1200
"Vmp1",99971,3278,96693
"Mir21a",92,92,0
"Gm11478",693,693,0
"Ptrh2",8475,3133,5342
"Cltc",63133,6461,56672
"LOC105246880",17282,399,16883
"Dhx40",38812,3724,35088
"Gm33742",48971,1885,47086
"LOC105242845",8842,1844,6998
"Ypel2",57425,8526,48899
"Gdpd1",41160,2985,38175
"Smg8",9046,3221,5825
"LOC102636908",1398,1398,0
"Prr11",19559,3827,15732
"Ska2",13714,1349,12365
"Mir301",86,86,0
"Trim37",123824,5971,117853
"LOC105246881",1655,1443,212
"Ppm1e",132089,6315,125774
"Gm33937",2952,1836,1116
"Rad51c",27348,3443,23905
"Tex14",150774,5574,145200
"Rnu1a1",164,164,0
"LOC105246882",1992,1350,642
"Rnu3b1",215,215,0
"Rnu3b3",215,215,0
"Rnu3b4",218,218,0
"Rnu3b2",215,215,0
"Gm34000",18766,806,17960
"Sept4",23813,4557,19256
"Mtmr4",24168,8947,15221
"Hsf5",43478,5118,38360
"Rnf43",73076,6442,66634
"1110028F11Rik",5804,2705,3099
"Supt4a",6122,904,5218
"Mir142b",115,115,0
"Mir142",64,64,0
"Bzrap1",26863,9741,17122
"Gm34064",12471,1121,11350
"Mpo",10629,2584,8045
"Lpo",19708,2980,16728
"Mks1",10752,2662,8090
"Epx",11540,3393,8147
"Olfr462",936,936,0
"Olfr463",936,936,0
"Olfr464",1084,1084,0
"Gm11507",447,447,0
"Dynll2",18774,2819,15955
"LOC102642392",1855,1591,264
"Srsf1",6856,6031,825
"Vezf1",16474,4905,11569
"LOC102641103",4289,3157,1132
"2210416O15Rik",2050,1504,546
"Cuedc1",94995,3189,91806
"Mrps23",17402,1642,15760
"LOC102641105",26000,1811,24189
"LOC102641104",2408,1207,1201
"Gm34366",1160,669,491
"1700106J16Rik",1219,1219,0
"Msi2",378886,7363,371523
"Mir378b",92,92,0
"Gm11510",633,451,182
"0610039H22Rik",12427,6650,5777
"C030037D09Rik",9930,1056,8874
"Akap1",33795,4065,29730
"4930556N13Rik",29792,1034,28758
"Scpep1os",30134,811,29323
"Scpep1",31423,2074,29349
"Gm15698",2253,812,1441
"2210409E12Rik",377,377,0
"Coil",17679,2607,15072
"LOC102637854",6317,687,5630
"Trim25",20891,5563,15328
"Dgke",23182,5364,17818
"Dgkeos",7134,770,6364
"Gm525",19224,581,18643
"LOC105242589",3078,271,2807
"Nog",1922,1922,0
"LOC105246883",12715,732,11983
"4932411E22Rik",28726,2665,26061
"Ankfn1",275925,2465,273460
"Gm34677",24427,1273,23154
"Pctp",19498,1991,17507
"Tmem100",6161,2071,4090
"Gm34726",87032,1007,86025
"Gm11494",8783,1738,7045
"Mmd",90888,4301,86587
"LOC105246884",30502,329,30173
"Hlf",54383,5808,48575
"Gm34850",9498,5710,3788
"Stxbp4",161632,18152,143480
"Gm11511",976,976,0
"Cox11",7794,2259,5535
"Tom1l1",41972,2186,39786
"LOC105242855",4848,4156,692
"Gm34938",1787,578,1209
"4930405D11Rik",90462,649,89813
"Gm11516",1806,1806,0
"LOC105242856",1215,242,973
"Kif2b",2270,2270,0
"Gm11498",970,970,0
"Gm11500",940,940,0
"Gm11501",576,576,0
"Car10",503610,3917,499693
"Gm35002",18761,9893,8868
"Gm11502",1026,1026,0
"Gm11506",522,522,0
"Gm35148",17008,715,16293
"Utp18",26524,2765,23759
"Mbtd1",61136,7187,53949
"Nme2",6443,1168,5275
"Nme1",9597,1235,8362
"Gm35198",14095,937,13158
"Spag9",130030,8108,121922
"LOC105242858",4809,1356,3453
"B230206L02Rik",22538,1256,21282
"Gm35338",22255,5959,16296
"Tob1",4042,2288,1754
"Wfikkn2",11843,5218,6625
"LOC105242861",1442,858,584
"LOC105242865",6439,1510,4929
"Gm21885",12974,10375,2599
"Luc7l3",30845,3741,27104
"Ankrd40",13847,3763,10084
"Abcc3",49728,5077,44651
"Cacna1g",66000,9687,56313
"Spata20",6407,2589,3818
"Epn3",10376,4720,5656
"Mycbpap",31042,3569,27473
"Gm35650",11042,965,10077
"Rsad1",17064,5913,11151
"Acsf2",44790,3174,41616
"Chad",4054,1653,2401
"Lrrc59",15393,2780,12613
"Eme1",8788,2832,5956
"Mrpl27",6318,751,5567
"Xylt2",13674,3684,9990
"Gm11541",10002,1681,8321
"Cdc34-ps",1178,1178,0
"Gm11545",6069,2715,3354
"Tmem92",5487,2187,3300
"Gm11546",4797,1265,3532
"AA623943",4857,891,3966
"Gm11543",4308,1490,2818
"Gm11544",4763,1357,3406
"A430060F13Rik",26605,1545,25060
"Col1a1",15598,4709,10889
"Sgca",13551,1738,11813
"Hils1",796,796,0
"Ppp1r9b",15687,4330,11357
"Gm36385",7136,3367,3769
"Samd14",16686,3801,12885
"Pdk2",15114,2288,12826
"Gm11513",8249,6958,1291
"Itga3",32283,4903,27380
"Dlx3",5177,2606,2571
"LOC102643127",3892,1685,2207
"Dlx4",6053,3483,2570
"A730090H04Rik",13995,1663,12332
"Gm11514",1261,1261,0
"LOC102640586",78999,6353,72646
"Tac4",7734,1248,6486
"Kat7",38394,6601,31793
"LOC102640811",14244,1063,13181
"Fam117a",44855,6451,38404
"Slc35b1",6886,1912,4974
"Spop",79347,3101,76246
"Nxph3",4720,3300,1420
"LOC102643289",9064,1323,7741
"Ngfr",18881,3409,15472
"Phb",13817,1799,12018
"Gm29873",6786,3825,2961
"Zfp652os",12649,537,12112
"B130006D01Rik",3188,3188,0
"Zfp652",15649,2667,12982
"LOC102238523",390,390,0
"LOC105242868",12649,2380,10269
"Gm29933",13377,3234,10143
"LOC105242869",618,618,0
"Phospho1",7641,1910,5731
"Abi3",12405,4659,7746
"Gngt2",3516,923,2593
"LOC105242870",3107,717,2390
"4833417C18Rik",2230,1319,911
"B4galnt2",51362,4135,47227
"Igf2bp1",48782,8382,40400
"Mir3063",92,92,0
"Gip",6763,1217,5546
"Snf8",12541,1839,10702
"Ube2z",17934,3974,13960
"Atp5g1",2902,868,2034
"Calcoco2",25452,2097,23355
"Ttll6",31667,3206,28461
"Gm30084",4860,406,4454
"Hoxb13",2239,1313,926
"Gm30134",4774,3523,1251
"Gm11538",2027,1945,82
"Gm11539",631,631,0
"Hoxb9",25658,7101,18557
"Gm53",12825,617,12208
"Mir196a-1",102,102,0
"Hoxb8",3421,2645,776
"Hoxb7",3518,1269,2249
"Hoxb5os",20188,3339,16849
"Hoxb6",8901,1739,7162
"Hoxb5",2610,1896,714
"Hoxb3",40852,9365,31487
"Mir10a",110,110,0
"Hoxb4",3372,2566,806
"LOC102632302",4425,987,3438
"Hoxb2",2389,1838,551
"Hoxb1",2509,2189,320
"Gm11531",626,626,0
"Gm11529",17649,2063,15586
"Skap1",295047,2205,292842
"LOC105242871",47151,1549,45602
"LOC102632682",51431,6260,45171
"2010300F17Rik",33952,1615,32337
"Snx11",10152,2790,7362
"Cbx1",20304,3444,16860
"Gm11517",2825,683,2142
"Nfe2l1",12556,5237,7319
"Copz2",11328,930,10398
"Mir152",73,73,0
"LOC102641351",1994,1733,261
"Gm11524",873,873,0
"LOC105242873",10035,549,9486
"Cdk5rap3",8768,2297,6471
"Gm11525",8133,3558,4575
"Prr15l",9470,2644,6826
"Pnpo",6204,2036,4168
"D030028A08Rik",20915,2820,18095
"Sp2",29280,5191,24089
"Gm30809",3569,902,2667
"Sp6",11171,4767,6404
"LOC105246885",1853,1705,148
"Scrn2",4059,1873,2186
"Lrrc46",6768,1298,5470
"Gm11533",1258,1123,135
"Mrpl10",7647,1701,5946
"Osbpl7",18561,4277,14284
"Mir8103",107,107,0
"Tbx21",17325,2552,14773
"Tbkbp1",15320,7362,7958
"Mir7235",56,56,0
"Kpnb1",28183,5909,22274
"Npepps",74797,4466,70331
"Gm11592",2211,770,1441
"Gm31005",14498,1532,12966
"Mrpl45",14205,2431,11774
"Gpr179",20286,9504,10782
"Socs7",36247,7451,28796
"Arhgap23",98010,6908,91102
"4933428G20Rik",24161,2623,21538
"Srcin1",65788,14940,50848
"2410003L11Rik",24383,612,23771
"LOC105242874",3194,400,2794
"E130012A19Rik",2330,2330,0
"Mllt6",22050,7364,14686
"Mir6927",71,71,0
"Cisd3",3126,1164,1962
"Pcgf2",12524,3852,8672
"Psmb3",10067,731,9336
"Pip4k2b",29548,5053,24495
"Mir8102",139,139,0
"Cwc25",21144,3307,17837
"Atp5l2-ps",452,452,0
"1700001P01Rik",4438,624,3814
"Rpl23",4914,1062,3852
"Snora21",128,128,0
"Lasp1",39761,3784,35977
"B230217C12Rik",2264,1189,1075
"Fbxo47",32833,5013,27820
"Plxdc1",63431,3536,59895
"LOC102633230",1436,1436,0
"Arl5c",6695,1662,5033
"Cacnb1",21468,4188,17280
"Rpl19",7414,1028,6386
"Stac2",16839,3049,13790
"Fbxl20",67887,9005,58882
"Med1",41161,8148,33013
"Gm11604",823,823,0
"LOC105242875",8667,506,8161
"Cdk12",78776,13753,65023
"Mir5119",57,57,0
"Gm31194",3173,2242,931
"Gm31317",15359,1027,14332
"Neurod2",4229,3137,1092
"Gm33099",6455,2769,3686
"LOC105242884",1738,1559,179
"Ppp1r1b",9058,1666,7392
"1700003D09Rik",7566,1389,6177
"Stard3",22746,2253,20493
"Tcap",1143,948,195
"Pnmt",1466,888,578
"Pgap3",11868,2531,9337
"Erbb2",25233,4998,20235
"Mien1",1281,744,537
"Grb7",8540,2421,6119
"LOC105242890",11995,2621,9374
"Ikzf3",81771,6769,75002
"Zpbp2",7569,1639,5930
"LOC105242897",5071,2050,3021
"Gm31460",6276,3797,2479
"Ormdl3",5952,2023,3929
"Gm12",1296,902,394
"Gm12355",1295,1295,0
"Gsdma3",11949,1789,10160
"Gsdma2",11224,1745,9479
"Gsdma",13372,2791,10581
"Psmd3",13425,2147,11278
"LOC102634154",2916,2774,142
"LOC105242904",7036,2852,4184
"Csf3",3742,2872,870
"Med24",24885,3575,21310
"Gm31252",7583,694,6889
"Thra",23239,2246,20993
"Nr1d1",7446,2765,4681
"Gm31862",8257,2140,6117
"Msl1",12395,5744,6651
"Gm12359",11781,1401,10380
"Casc3",24000,3742,20258
"Rapgefl1",16222,4196,12026
"Wipf2",41981,10763,31218
"Cdc6",16241,5273,10968
"Rara",47134,4839,42295
"LOC105242905",2559,2017,542
"Gjd3",837,837,0
"Top2a",31260,5234,26026
"Igfbp4",11387,2069,9318
"Tns4",23629,4755,18874
"Ccr7",10879,1975,8904
"Gm32249",3613,708,2905
"Smarce1",22293,3241,19052
"Krt222",11521,3367,8154
"Gm32385",60820,2358,58462
"Krt24",5146,1689,3457
"Krt25",7426,3187,4239
"Gm32502",11421,674,10747
"Krt26",9803,2955,6848
"Krt27",5529,1539,3990
"Krt28",15070,1886,13184
"Krt10",4446,2449,1997
"Krt12",6930,1941,4989
"LOC101056001",8362,5919,2443
"Krt20",9751,1930,7821
"Krt23",15138,1539,13599
"Krt39",7046,1550,5496
"Krt40",5719,1365,4354
"Krtap3-3",732,732,0
"Krtap3-2",1031,1031,0
"Krtap3-1",604,604,0
"Krtap1-5",1040,1040,0
"Krtap1-4",1129,1129,0
"Krtap1-3",917,917,0
"Krtap9-3",759,759,0
"Gm11938",663,663,0
"Gm11937",396,396,0
"Krtap2-4",830,830,0
"LOC105246886",15836,2159,13677
"Gm11562",807,807,0
"Krtap4-1",1011,1011,0
"Krtap4-2",971,971,0
"Krtap4-7",978,978,0
"Gm11555",528,528,0
"Gm11563",1018,1018,0
"Krtap4-6",918,918,0
"Gm11557",1227,1227,0
"Gm11595",1200,1200,0
"Krtap4-8",630,630,0
"Krtap4-9",1058,1058,0
"Gm11596",618,618,0
"Gm11569",869,869,0
"Gm11554",777,777,0
"Krtap4-13",819,819,0
"Gm11564",691,691,0
"2300003K06Rik",919,919,0
"LOC101055913",831,831,0
"Krtap4-16",951,951,0
"Gm11568",1144,1144,0
"Gm11559",1096,1096,0
"Krtap9-1",612,612,0
"Gm11567",1043,1043,0
"Krtap31-1",971,971,0
"Gm11565",921,921,0
"Gm11560",937,937,0
"Krtap31-2",935,935,0
"Krtap9-5",1077,1077,0
"Krtap16-1",1891,1891,0
"Krtap17-1",763,763,0
"Krt33a",5014,1679,3335
"Krt33b",6235,1581,4654
"Krt34",4204,1605,2599
"Krt31",3906,1581,2325
"Gm11571",33698,2396,31302
"Krt32",7379,1673,5706
"Krt35",4033,1821,2212
"Krt36",12623,2420,10203
"Krt13",3900,1314,2586
"Krt15",4191,1720,2471
"Krt19",5110,1375,3735
"LOC105242958",15560,4511,11049
"Krt9",7095,2701,4394
"Krt14",4349,1767,2582
"Gm11597",3385,1162,2223
"Gm11598",434,434,0
"Krt16",2872,1628,1244
"Krt17",4773,1511,3262
"Krt42",9684,1643,8041
"LOC102635801",25228,2935,22293
"Gm12349",7747,2064,5683
"Eif1",2103,1213,890
"Gast",2585,455,2130
"Hap1",9027,3921,5106
"Gm10039",750,750,0
"Jup",28935,5304,23631
"Gm12348",7573,4947,2626
"P3h4",6072,1869,4203
"Fkbp10",9147,2603,6544
"Nt5c3b",19507,3562,15945
"Klhl10",15104,2227,12877
"Klhl11",15689,4059,11630
"Acly",51649,4427,47222
"Mir7116",70,70,0
"Ttc25",26954,3634,23320
"Cnp",16613,2963,13650
"Dnajc7",37351,2589,34762
"Nkiras2",4648,2013,2635
"Zfp385c",66441,6735,59706
"Dhx58os",14496,1202,13294
"LOC102636037",7785,1693,6092
"Dhx58",9388,2412,6976
"Kat2a",7722,3243,4479
"Hspb9",726,726,0
"Rab5c",23202,1964,21238
"Kcnh4",19822,4205,15617
"Hcrt",1239,584,655
"Ghdc",4957,2493,2464
"Stat5b",78274,5494,72780
"Stat5a",25990,4758,21232
"Stat3",52761,4546,48215
"Ptrf",14292,5362,8930
"Atp6v0a1",54273,4161,50112
"Mir6928",70,70,0
"Naglu",7579,2478,5101
"Hsd17b1",3221,2487,734
"Coasy",4058,2520,1538
"Mlx",5748,2805,2943
"Psmc3ip",3295,994,2301
"Fam134c",23573,3357,20216
"Tubg1",6289,1609,4680
"Tubg2",5917,1790,4127
"Plekhh3",8727,3718,5009
"Ccr10",2774,2056,718
"Cntnap1",16099,5758,10341
"Ezh1",35349,5254,30095
"Ramp2",1917,872,1045
"Vps25",5937,1514,4423
"Wnk4",16873,4285,12588
"Coa3",979,718,261
"Cntd1",9499,2228,7271
"Becn1",14027,2057,11970
"Psme3",7281,2763,4518
"Aoc2",4637,2540,2097
"Aoc3",8825,4643,4182
"G6pc",10174,2245,7929
"Aarsd1",10769,1533,9236
"Ptges3l",6533,1907,4626
"Mir6929",67,67,0
"Rundc1",10583,3223,7360
"Rpl27",3352,734,2618
"Ifi35",10290,1360,8930
"Vat1",7452,2732,4720
"Rnd2",2969,684,2285
"Gm11625",542,371,171
"Brca1",63203,6659,56544
"Nbr1",29845,5151,24694
"Tmem106a",9547,2428,7119
"Gm11634",6971,2269,4702
"LOC666331",5939,960,4979
"Rdm1",8850,2537,6313
"Rnu2-10",187,187,0
"Arl4d",2292,1382,910
"LOC105243482",1330,786,544
"Dhx8",34403,4319,30084
"Etv4",15569,2382,13187
"LOC105243483",3677,3369,308
"Meox1",16845,2208,14637
"LOC105243484",1817,1374,443
"Gm33662",9335,1624,7711
"Rpl27-ps2",490,490,0
"4930417O22Rik",8154,1185,6969
"Sost",4558,2193,2365
"Dusp3",15865,4479,11386
"1700006E09Rik",5209,698,4511
"Mpp3",27397,3167,24230
"E130111B04Rik",5672,1305,4367
"Cd300lg",14107,2732,11375
"LOC105243485",4119,2453,1666
"Mpp2",31621,4551,27070
"Ppy",1407,517,890
"Pyy",1184,588,596
"Gm11584",848,848,0
"LOC105243486",11668,1377,10291
"Gm11585",609,609,0
"LOC105243487",4335,2639,1696
"Nags",4016,2115,1901
"Tmem101",3861,1576,2285
"Lsm12",22782,1397,21385
"G6pc3",4383,1543,2840
"Hdac5",34440,7553,26887
"Mir8101",111,111,0
"BC030867",16319,2563,13756
"Asb16",9239,1362,7877
"Tmub2",4608,2815,1793
"Atxn7l3",7344,4583,2761
"Gm33851",2850,1232,1618
"Ubtf",15195,5326,9869
"Slc4a1",16462,4550,11912
"Gm34253",9021,1816,7205
"Rundc3a",9537,3079,6458
"Slc25a39",5707,2735,2972
"Mir6930",68,68,0
"Grn",6488,2333,4155
"Fam171a2",10698,3114,7584
"Itga2b",16587,3437,13150
"Gpatch8",80248,9616,70632
"LOC102637532",560,560,0
"Mdk-ps1",649,649,0
"Gm11627",2721,677,2044
"Fzd2",3628,3628,0
"2810433D01Rik",4910,1334,3576
"Psmb5-ps",875,875,0
"Gm1564",17275,5198,12077
"Ccdc43",13260,2529,10731
"Gm34392",436,337,99
"Dbf4b",27331,1784,25547
"Gm11637",531,531,0
"Gm16342",3474,1240,2234
"Adam11",18824,5413,13411
"Gjc1",20215,6673,13542
"Higd1b",8378,1873,6505
"Eftud2",42525,3354,39171
"Ccdc103",3972,1800,2172
"Fam187a",1563,1563,0
"Gfap",9877,4092,5785
"Gm34560",5888,2182,3706
"LOC105243489",1054,374,680
"Kif18b",19617,3593,16024
"C1ql1",7198,1246,5952
"2410004I01Rik",5855,954,4901
"Gm34620",6791,3058,3733
"Dcakd",34193,1976,32217
"Mir6931",74,74,0
"Nmt1",40569,4768,35801
"LOC105246887",2020,1629,391
"Plcd3",32423,4312,28111
"Acbd4",10512,2076,8436
"Hexim1",3401,3401,0
"Hexim2",12654,7613,5041
"Fmnl1",28328,4495,23833
"Gm20511",2323,494,1829
"1700023F06Rik",9606,1223,8383
"Spata32",10306,1322,8984
"Gm34879",7895,791,7104
"Gm34823",18961,284,18677
"Map3k14",47638,4173,43465
"LOC105243491",1162,219,943
"Arhgap27",32209,5983,26226
"Arhgap27os3",5374,2731,2643
"Arhgap27os1",2311,1416,895
"Plekhm1",47573,5128,42445
"LOC105246888",3761,3422,339
"LOC105243492",311,212,99
"Lrrc37a",54517,10559,43958
"Gm884",93302,11918,81384
"Gm11643",923,923,0
"LOC105243673",517,401,116
"Lyzl6",7821,903,6918
"1700072I22Rik",10053,927,9126
"Rprml",1072,1072,0
"Gosr2",20890,3106,17784
"C130046K22Rik",27850,6174,21676
"Wnt9b",22459,4519,17940
"Wnt3",43847,3409,40438
"Nsf",132275,3766,128509
"Gm35365",2269,2233,36
"Gm35311",1211,586,625
"Gm8738",2540,2540,0
"Arf2",18620,2770,15850
"LOC105243495",2095,1761,334
"Gm35420",3420,1850,1570
"LOC105246889",7086,1135,5951
"Crhr1",43521,3312,40209
"Gm35469",13412,2424,10988
"Sppl2c",4840,2675,2165
"Mapt",100738,6475,94263
"LOC105243500",893,857,36
"Kansl1",136279,7594,128685
"Cdc27",48097,5879,42218
"Myl4",36690,1337,35353
"Gm11665",5410,1075,4335
"Gm11661",1166,1166,0
"Gm7020",993,993,0
"Itgb3",62491,6095,56396
"Gm11662",1648,1306,342
"Efcab13",160838,6962,153876
"Gm11621",586,586,0
"Efcab3",182836,8159,174677
"Gm11622",691,691,0
"Gm11624",1604,1604,0
"Mettl2",14722,3853,10869
"Gm11620",3383,2745,638
"Tlk2",116439,9224,107215
"1700052K11Rik",2414,2414,0
"LOC105243515",1576,1350,226
"Mrc2",58571,5872,52699
"March10",96066,3965,92101
"LOC105243519",24851,903,23948
"Gm35828",10210,3249,6961
"LOC105243523",2374,1807,567
"LOC105243526",27870,1481,26389
"Tanc2",339319,12953,326366
"Gm11652",2725,2725,0
"Gm11653",1239,1239,0
"Cyb561",11413,5044,6369
"Gm11651",20088,1243,18845
"Ace",22020,5287,16733
"Ace3",13086,6319,6767
"Gm35971",24973,1198,23775
"Kcnh6",27602,6152,21450
"Dcaf7",22453,5750,16703
"Taco1",7574,1693,5881
"Map3k3",71755,4906,66849
"Limd2",4784,3790,994
"Strada",30631,2653,27978
"Ccdc47",17014,3270,13744
"Ddx42",32678,4102,28576
"Ftsj3",6659,2865,3794
"Psmc5",6928,1277,5651
"Smarcd2",9802,2929,6873
"Tcam1",15080,4489,10591
"Gh",3444,1030,2414
"Cd79b",3189,1198,1991
"Scn4a",48008,8144,39864
"2310007L24Rik",11636,1339,10297
"Icam2",10467,1571,8896
"Ern1",90177,3976,86201
"Gm36220",401,209,192
"Snord104",73,73,0
"Tex2",111280,5491,105789
"Gm17925",611,611,0
"Pecam1",96407,3888,92519
"Milr1",18143,4586,13557
"Polg2",25190,2267,22923
"Ddx5",8914,4058,4856
"Mir3064",67,67,0
"Cep95",29610,2731,26879
"Smurf2",100652,5443,95209
"Gm8339",1092,1092,0
"Kpna2",10897,2038,8859
"Gm11708",829,829,0
"LOC105243530",2706,2598,108
"1810010H24Rik",7179,2124,5055
"Gm36273",816,629,187
"Bptf",98842,12954,85888
"LOC105243531",1512,1512,0
"Nol11",22722,3161,19561
"Gm18096",803,803,0
"LOC105243532",16408,762,15646
"Gm11718",613,613,0
"Pitpnc1",263001,6616,256385
"Gm11716",9784,1814,7970
"Gm11713",3916,1279,2637
"Psmd12",18509,1723,16786
"A830035A12Rik",7638,532,7106
"LOC105243533",2603,1732,871
"Helz",146869,13311,133558
"Mir6932",58,58,0
"Cacng1",13259,1203,12056
"Cacng4",59685,984,58701
"Cacng5",40452,5012,35440
"Prkca",410502,8369,402133
"Mir7223",69,69,0
"Gm36616",21571,8250,13321
"LOC105243540",9538,4222,5316
"Gm36709",14295,1385,12910
"Apoh",19100,1188,17912
"Cep112",435548,4303,431245
"Olfr1397-ps1",959,959,0
"Cep112os2",8949,7152,1797
"Gm36818",29067,6931,22136
"Axin2",32956,5212,27744
"Gm36876",53289,2608,50681
"Gm29820",12179,852,11327
"E030025P04Rik",5079,1078,4001
"Gm11658",1227,1227,0
"LOC105243549",6319,1409,4910
"Rgs9",72834,8646,64188
"LOC105243550",9514,325,9189
"LOC105243551",1198,554,644
"1700096J18Rik",6785,454,6331
"Gm11696",8877,2765,6112
"Gna13",38587,6688,31899
"Amz2",12203,3082,9121
"LOC100503496",13282,1776,11506
"Arsg",122486,4972,117514
"Slc16a6",22742,4826,17916
"Wipi1",37869,1817,36052
"LOC105243552",3457,1901,1556
"Gm29875",28975,4320,24655
"Prkar1a",20265,3924,16341
"LOC105243554",2826,2795,31
"Fam20a",53019,6286,46733
"LOC105243553",16622,10522,6100
"LOC105246890",13695,1572,12123
"1700012B07Rik",39812,1526,38286
"Gm11683",5519,823,4696
"1700023C21Rik",2599,389,2210
"LOC105243555",2133,1106,1027
"Abca8b",62441,6310,56131
"Abca8a",71950,6745,65205
"Abca9",67332,6268,61064
"Abca6",77139,8052,69087
"Abca5",68356,8293,60063
"LOC105243556",2168,620,1548
"Map2k6",117111,5289,111822
"LOC105243557",3996,2650,1346
"Gm30009",948,545,403
"Gm11682",12689,1355,11334
"Kcnj16",59936,4028,55908
"Kcnj2",10662,5448,5214
"Gm11675",856,856,0
"Gm30158",950,690,260
"Gm30219",30780,626,30154
"Gm11677",3581,455,3126
"Gm30337",37349,334,37015
"LOC105243575",18342,1270,17072
"BC006965",47430,1952,45478
"Sox9",5548,4146,1402
"Gm11681",6278,870,5408
"Gm30562",4646,312,4334
"1700012H19Rik",2164,405,1759
"Gm30720",20216,1096,19120
"2610035D17Rik",157933,1848,156085
"LOC105243582",1407,1267,140
"4732490B19Rik",6355,2446,3909
"LOC105243674",1478,294,1184
"Slc39a11",405902,4438,401464
"LOC105246891",3048,2489,559
"Sstr2",6415,1649,4766
"Cog1",20154,6588,13566
"Fam104a",22868,2924,19944
"D11Wsu47e",43045,7922,35123
"Cpsf4l",15348,5236,10112
"Cdc42ep4",25694,4807,20887
"Gm11736",505,505,0
"Sdk2",289808,11811,277997
"LOC105243583",1993,1300,693
"1700025D23Rik",3523,987,2536
"LOC102633312",792,614,178
"1700092K14Rik",942,395,547
"LOC102641704",23933,4081,19852
"Gm11691",1830,1027,803
"Gm31318",6205,677,5528
"4932435O22Rik",35456,3402,32054
"Gm31399",10438,2362,8076
"LOC105243596",4711,214,4497
"LOC105243597",15020,965,14055
"Gm31724",94298,1935,92363
"Gm31781",12181,457,11724
"Gm11689",537,537,0
"Rpl38",3789,428,3361
"Ttyh2",45517,3456,42061
"Dnaic2",35680,5204,30476
"Kif19a",26618,4864,21754
"Btbd17",11972,3489,8483
"Gpr142",9844,3298,6546
"Gprc5c",21472,5138,16334
"Cd300a",15503,5627,9876
"Cd300lb",11608,2882,8726
"Gm11699",619,619,0
"Cd300c",4140,690,3450
"Cd300ld",7444,2440,5004
"AF251705",7637,1611,6026
"Gm11709",3989,813,3176
"Gm11710",6338,905,5433
"Gm11711",6334,902,5432
"Cd300lh",7900,2473,5427
"Cd300e",24034,2348,21686
"Rab37",71571,3700,67871
"Cd300lf",17937,2050,15887
"Slc9a3r1",17872,1956,15916
"Nat9",5056,1237,3819
"Tmem104",59539,4566,54973
"Grin2c",18129,7892,10237
"Fdxr",9072,1993,7079
"Fads6",18201,5259,12942
"Otop2",25144,2554,22590
"Ush1g",6951,3411,3540
"Otop3",12197,2722,9475
"Hid1",20049,3275,16774
"Gm31924",2239,1198,1041
"Cdr2l",14217,3797,10420
"Gm32013",4016,2796,1220
"Ict1",7195,868,6327
"LOC105246892",1981,1748,233
"Atp5h",4229,1274,2955
"Kctd2",11149,2187,8962
"Trim80",7724,1932,5792
"Mir3968",100,100,0
"Gm11695",1712,762,950
"Slc16a5",12149,3432,8717
"Armc7",14831,3041,11790
"Nt5c",1452,892,560
"LOC102634812",426,426,0
"Hn1",17058,1398,15660
"Sumo2",13122,998,12124
"Nup85",19493,2339,17154
"Gga3",19663,3725,15938
"Mrps7",3474,1324,2150
"Mif4gd",5056,1911,3145
"Slc25a19",14126,2877,11249
"Grb2",64468,2624,61844
"LOC105246893",4246,572,3674
"2310067B10Rik",33601,5498,28103
"Mir5621",63,63,0
"Caskin2",14410,4989,9421
"Tsen54",9360,3054,6306
"Llgl2",31752,4507,27245
"Myo15b",34204,9620,24584
"Recql5",40937,5048,35889
"Smim5",6758,1871,4887
"Smim6",1901,975,926
"Sap30bp",31957,2167,29790
"LOC105243604",2957,1741,1216
"Itgb4",33688,6388,27300
"B230344G16Rik",4389,749,3640
"Galk1",4363,1506,2857
"H3f3b",3490,2353,1137
"Unk",30920,4006,26914
"LOC102636011",1413,735,678
"Unc13d",16101,5042,11059
"Wbp2",8425,1828,6597
"Trim47",4486,2195,2291
"Trim65",6421,3050,3371
"Mrpl38",7052,1411,5641
"Fbf1",25986,7608,18378
"Acox1",27163,4153,23010
"LOC105243606",5758,5719,39
"Ten1",16464,902,15562
"Cdk3-ps",4286,1427,2859
"Evpl",17589,6541,11048
"Gm33250",5377,1260,4117
"Srp68",29052,2526,26526
"Galr2",7267,6207,1060
"Exoc7",18752,3424,15328
"Gm26730",2667,1358,1309
"Foxj1",4813,2774,2039
"Rnf157",76688,4696,71992
"Rps11-ps2",3185,3185,0
"Ubald2",4984,1482,3502
"Qrich2",24947,7550,17397
"Prpsap1",23837,2221,21616
"Rpl36-ps1",358,358,0
"Sphk1",6859,5390,1469
"Ube2o",43737,5234,38503
"Aanat",5960,2457,3503
"Rhbdf2",28855,3989,24866
"Cygb",8719,2342,6377
"Gm11744",11282,801,10481
"1810032O08Rik",4139,1997,2142
"Snord1c",78,78,0
"Snord1b",77,77,0
"Snord1a",76,76,0
"St6galnac2",18529,2705,15824
"Gm11735",11684,2493,9191
"BC018473",5717,3263,2454
"St6galnac1",10483,2392,8091
"Mxra7",24667,5720,18947
"Jmjd6",6018,2471,3547
"Mettl23",6226,1222,5004
"Srsf2",3208,2972,236
"Mfsd11",23378,4025,19353
"Mgat5b",68089,4265,63824
"Gm33829",3018,2301,717
"LOC102636988",5442,1696,3746
"2810008D09Rik",2173,600,1573
"Mir6516",110,110,0
"Sec14l1",44097,5738,38359
"Sept9",162665,4826,157839
"LOC105243612",9167,935,8232
"Gm34065",3105,2978,127
"Gm34128",3447,567,2880
"Gm8624",527,527,0
"Gm11732",12704,1974,10730
"Gm34418",3478,1064,2414
"Gm34502",7635,2433,5202
"Gm11734",11613,3901,7712
"Gm35170",44853,3301,41552
"2900041M22Rik",2171,1344,827
"Tnrc6c",109151,9097,100054
"Tmc6",16209,4646,11563
"LOC105243623",1427,286,1141
"Tmc8",11540,3521,8019
"6030468B19Rik",9682,1232,8450
"Syngr2",4620,1524,3096
"Tk1",10506,1983,8523
"Afmid",13990,3804,10186
"Birc5",6507,3416,3091
"Tmem235",6345,3409,2936
"Tha1",5582,1844,3738
"Socs3",4263,3191,1072
"Pgs1",37715,2858,34857
"Mir6933",81,81,0
"Dnah17",109239,15484,93755
"Gm11738",3151,1884,1267
"LOC102639067",5754,2015,3739
"Cyth1",84427,6014,78413
"Usp36",30594,6508,24086
"Timp2",54351,3622,50729
"BC100451",10209,3255,6954
"Lgals3bp",9180,2168,7012
"Cant1",12846,6102,6744
"Gm35598",6053,432,5621
"C1qtnf1",23326,5281,18045
"Gm11747",10796,1648,9148
"Gm18156",510,510,0
"Engase",13147,4245,8902
"Rbfox3",421838,9419,412419
"Gm35710",35918,3476,32442
"Enpp7",5163,2080,3083
"Gm35829",11257,1262,9995
"Cbx2",8256,6140,2116
"Cbx8",2478,1393,1085
"Cbx4",8667,5197,3470
"LOC105243634",2614,2363,251
"LOC105243636",6321,1884,4437
"Gm35878",3240,389,2851
"LOC105243637",5159,3389,1770
"Tbc1d16",85457,7036,78421
"Mir6934",62,62,0
"LOC105246894",9032,8864,168
"Gm36111",4315,4235,80
"Ccdc40",36677,5126,31551
"Gm35932",2583,1212,1371
"Gaa",17732,3797,13935
"LOC105243642",746,645,101
"Eif4a3",11681,1463,10218
"Card14",38280,5164,33116
"Sgsh",12022,4324,7698
"Slc26a11",25545,3828,21717
"Rnf213",97970,17533,80437
"Mir1932",90,90,0
"LOC102639982",26142,761,25381
"Endov",20143,7196,12947
"LOC105243644",6563,2290,4273
"Nptx1",9102,5284,3818
"Gm11762",20417,1705,18712
"Rptor",296597,8134,288463
"Rptoros",13555,1290,12265
"LOC105243645",4999,2117,2882
"Chmp6",6107,1668,4439
"LOC102640451",13999,3876,10123
"Baiap2",63914,7154,56760
"Aatk",39872,6786,33086
"Mir338",98,98,0
"Mir3065",87,87,0
"Cep131",22431,4498,17933
"Enthd2",8259,2869,5390
"1810043H04Rik",1491,494,997
"Slc38a10",47401,5476,41925
"Gm11769",1443,940,503
"LOC105243646",6650,244,6406
"Gm9734",6030,6030,0
"2810410L24Rik",3207,1707,1500
"LOC105243647",9067,6451,2616
"LOC102640779",2935,2739,196
"Bahcc1",59394,12089,47305
"LOC105246895",3950,2429,1521
"Actg1",2803,1947,856
"Mir6935",64,64,0
"0610009L18Rik",2513,619,1894
"Fscn2",8323,3482,4841
"2310003H01Rik",9185,3175,6010
"Nploc4",57903,4685,53218
"Tspan10",4691,2064,2627
"Pde6g",5894,1274,4620
"Oxld1",1491,841,650
"Ccdc137",6230,3037,3193
"Arl16",3275,2023,1252
"Hgs",16350,2995,13355
"Mrpl12",4086,949,3137
"Gm11788",3207,2417,790
"Slc25a10",9325,4000,5325
"LOC105243651",2526,1867,659
"Gcgr",9798,2875,6923
"Fam195b",6840,1282,5558
"Ppp1r27",1158,775,383
"P4hb",12633,2538,10095
"Arhgdia",4386,2987,1399
"Alyref",3921,1316,2605
"Anapc11",9778,3495,6283
"LOC105243653",1734,1304,430
"Npb",624,549,75
"Pcyt2",7864,2158,5706
"Sirt7",6631,1715,4916
"Mir6936",54,54,0
"Mafg",5200,1639,3561
"Pycr1",8071,3812,4259
"Myadml2",2307,2307,0
"Notum",7958,3884,4074
"Aspscr1",37009,2852,34157
"Stra13",2963,2129,834
"Lrrc45",7176,2940,4236
"Rac3",2502,1078,1424
"Dcxr",1950,1081,869
"Cbr2",2541,1025,1516
"Hmga1-rs1",1599,1599,0
"Gm11771",2056,2056,0
"Rfng",3473,2211,1262
"Gps1",4848,2184,2664
"Dus1l",7227,2537,4690
"Fasn",18590,9938,8652
"Ccdc57",106374,4271,102103
"LOC105243655",1011,661,350
"Slc16a3",10517,3563,6954
"Csnk1d",33324,4124,29200
"Gm30062",23984,4309,19675
"LOC105243656",2917,1446,1471
"Cd7",2732,1042,1690
"LOC105243657",16088,2034,14054
"Sectm1b",10147,2405,7742
"Sectm1a",29819,2400,27419
"Gm11793",1112,1112,0
"Tex19.2",2463,2046,417
"Tex19.1",2172,1740,432
"Uts2r",1703,1703,0
"Gm11790",543,543,0
"Ogfod3",27056,1243,25813
"Hexdc",18224,3163,15061
"BC017643",6971,3083,3888
"Narf",18621,4412,14209
"Foxk2",49910,5365,44545
"Wdr45b",27245,3214,24031
"Rab40b",32131,1865,30266
"Mir7236",60,60,0
"Fn3krp",9916,3267,6649
"Fn3k",15683,4586,11097
"Tbcd",166587,7778,158809
"Zfp750",8367,3243,5124
"B3gntl1",56964,5552,51412
"Gm18479",807,807,0
"Metrnl",14963,2468,12495
"Gm12589",32571,846,31725
"Gm30338",2428,363,2065
"Ptchd3",26932,4898,22034
"Gm12586",2072,1581,491
"LOC102637412",448,448,0
"LOC102632383",52415,2643,49772
"Gm9631",18718,507,18211
"Gm12591",720,720,0
"Gm18244",1566,1566,0
"Gm9072",1514,1514,0
"Gm9077",29147,29147,0
"Gm18774",11273,11273,0
"Rab10os",14584,1073,13511
"Rab10",62542,3513,59029
"LOC105244630",13727,1812,11915
"Kif3c",41379,6865,34514
"LOC105245368",4502,4293,209
"1110002L01Rik",22865,3300,19565
"Asxl2",79996,9379,70617
"Gm31332",4450,1056,3394
"Rps7-ps2",1448,1448,0
"Dtnb",210221,4787,205434
"LOC105244636",2652,2652,0
"Gm18028",592,592,0
"Dnmt3a",109909,12279,97630
"Dnmt3aos",2952,1385,1567
"Gm31623",12276,6846,5430
"Gm9088",733,733,0
"Pomc",5699,1325,4374
"Efr3b",76541,6676,69865
"Dnajc27",35446,7679,27767
"Adcy3",80439,5047,75392
"Gm31794",2498,1989,509
"Cenpo",37237,5483,31754
"Gm17816",2566,2566,0
"Ptrhd1",6097,4013,2084
"Gm29696",2466,2466,0
"Ncoa1",229849,8044,221805
"Gm17914",502,502,0
"Gm29690",702,702,0
"LOC105244649",14008,308,13700
"Gm31938",5270,2078,3192
"LOC105245369",16454,2861,13593
"Itsn2",121315,9892,111423
"Gm17541",513,513,0
"Fam228a",41197,4300,36897
"Fam228b",30871,4659,26212
"Pfn4",9896,2461,7435
"Gm6682",1343,1343,0
"Gm20348",6681,6681,0
"Sf3b6",10052,1116,8936
"Fkbp1b",9290,1893,7397
"BC068281",15700,4376,11324
"Mfsd2b",12607,4130,8477
"Ubxn2a",31135,5094,26041
"Atad2b",131327,10943,120384
"Gm9110",1140,1140,0
"Klhl29",298218,7048,291170
"LOC105244668",27908,9696,18212
"Gm32083",4995,4835,160
"2810032G03Rik",1247,1247,0
"Gm32214",3924,3262,662
"Gm32258",23866,3529,20337
"Gm5652",1225,1225,0
"Gm32398",81391,3431,77960
"LOC105244673",1678,1678,0
"Gm9548",244991,4619,240372
"Gm32442",49192,5579,43613
"Gm32576",57912,1705,56207
"Gm32631",3193,917,2276
"Gm4927",1670,1670,0
"Gm3678",444,444,0
"Gm32773",9646,4008,5638
"1700101O22Rik",8292,339,7953
"Gm9139",700,700,0
"Gm32828",335629,2690,332939
"Gm9144",1958,1958,0
"Gm18337",3361,3361,0
"Gm18387",702,702,0
"Apob",39207,13953,25254
"Gm33037",165165,447,164718
"1110057K04Rik",91467,4576,86891
"Gdf7",11071,8457,2614
"Hs1bp3",30392,3004,27388
"Gm33134",2089,725,1364
"BC106175",3340,2120,1220
"Rhob",2228,2228,0
"5033421B08Rik",73811,623,73188
"Slc7a15",70586,3581,67005
"LOC105244709",37713,1566,36147
"Pum2",78450,6860,71590
"Gm4755",5470,1836,3634
"Sdc1",22396,3375,19021
"Gm33418",892,392,500
"9930038B18Rik",16950,629,16321
"Gm33483",38332,5259,33073
"Laptm4a",17436,2130,15306
"Matn3",24100,3014,21086
"LOC105245371",3059,3022,37
"Wdr35",54857,4402,50455
"Ttc32",15207,4646,10561
"Gm7099",741,741,0
"Gm36096",1558,490,1068
"Gm18696",510,510,0
"1700022H16Rik",5350,476,4874
"Osr1",7059,2011,5048
"LOC105244710",18974,4184,14790
"Gm33734",19220,390,18830
"Gm5182",8068,8068,0
"Nt5c1b",20205,2152,18053
"Rdh14",4873,1562,3311
"4931412M21",84916,2391,82525
"Gm4928",795,795,0
"Pgk1-rs7",1748,1748,0
"7420701I03Rik",30929,736,30193
"Kcns3",68534,11371,57163
"9530020I12Rik",18475,3091,15384
"Msgn1",567,567,0
"Gen1",26312,4681,21631
"Smc6",53900,5856,48044
"Mir7675",58,58,0
"Vsnl1",111405,1936,109469
"4930511A02Rik",6580,1935,4645
"Rad51ap2",61403,4211,57192
"Gm4803",1280,1280,0
"Gm6867",31909,537,31372
"Gm34237",71005,2036,68969
"Tubb2a-ps2",704,704,0
"Gm4294",705,705,0
"Gm18240",25540,25540,0
"Gm34348",2488,455,2033
"LOC105245372",17111,957,16154
"Fam49a",116930,7628,109302
"Gm34407",4532,3290,1242
"4921511I17Rik",40954,1341,39613
"Gm34489",103449,4816,98633
"Gm34637",2232,774,1458
"Gm34696",16501,10665,5836
"LOC105245373",8568,5356,3212
"LOC105244711",3689,3452,237
"LOC105244712",2940,2371,569
"Gm35104",8303,239,8064
"Gm35155",18526,1698,16828
"LOC105244713",3633,453,3180
"Rpl36-ps3",399,399,0
"Mycn",5744,2596,3148
"Gm35208",7501,2037,5464
"Gm35350",1740,647,1093
"Gm35298",14093,741,13352
"LOC105242412",5387,1055,4332
"Rpl21-ps2",566,566,0
"LOC102638974",18778,7396,11382
"Ddx1",29868,2469,27399
"Nbas",368280,11498,356782
"Gm35638",1034,1034,0
"Gm6736",1352,1352,0
"Gm35725",19993,2935,17058
"Gm35890",7576,908,6668
"Gm4929",1213,1213,0
"LOC103752591",3383,1259,2124
"Gm7126",1727,1727,0
"Gm9194",1741,1741,0
"Fam84a",4441,3380,1061
"Gm36007",22754,1913,20841
"Gm16497",24151,2842,21309
"LOC105245374",4229,231,3998
"Gm9847",790,790,0
"Gm6053",590,590,0
"Gm9202",798,798,0
"4930448C13Rik",54001,806,53195
"Gm3838",523,523,0
"Gm36128",44498,678,43820
"Gm19084",1826,1826,0
"LOC105244726",8001,473,7528
"Gm17915",545,545,0
"LOC105244729",120544,1630,118914
"Gm4804",1130,1130,0
"Trib2",25238,4377,20861
"Mir6387",108,108,0
"Gm36235",16759,1793,14966
"Gm18114",513,513,0
"Gm36372",27177,1035,26142
"Gm36320",7082,1025,6057
"Lpin1",111300,6728,104572
"Ntsr2",6785,1565,5220
"Greb1",130783,9078,121705
"E2f6",15850,5143,10707
"Gm36495",6045,698,5347
"Rock2",93297,8286,85011
"Pqlc3",11772,2606,9166
"2410004P03Rik",6777,1854,4923
"Kcnf1",4789,4789,0
"Gm36568",44192,456,43736
"Gm10054",518,518,0
"Pdia6",18176,2125,16051
"Atp6v1c2",40653,1986,38667
"Nol10",81603,2986,78617
"Mir3066",83,83,0
"Gm36752",9082,802,8280
"Odc1",6630,2547,4083
"Gm36862",8107,2368,5739
"Gm29864",10960,1495,9465
"Hpcal1",101195,2863,98332
"LOC105245376",25578,8949,16629
"LOC105244759",35569,574,34995
"Gm9222",57742,3233,54509
"Gm29722",2592,1847,745
"Gm4983",69426,849,68577
"LOC105245387",14456,1553,12903
"LOC105245386",20018,88,19930
"LOC102632102",52059,2139,49920
"Gm10480",1229,1229,0
"LOC105245421",4407,752,3655
"LOC105245422",1848,1424,424
"Gm7093",6329,739,5590
"Gm9231",1144,1144,0
"LOC105245384",812187,2130,810057
"LOC105245383",6623,511,6112
"5730507C01Rik",22843,2878,19965
"Gm19786",6438,1524,4914
"LOC105245420",10699,1330,9369
"Gm9237",14173,1412,12761
"LOC105245382",4007,2055,1952
"LOC105245381",52836,1268,51568
"LOC105245380",1501,1501,0
"Gm9249",6073,1031,5042
"Gm9158",2998,679,2319
"LOC105245379",42232,403,41829
"LOC105245377",4559,203,4356
"Gm9255",6322,1344,4978
"Gm5784",47023,3156,43867
"Gm29737",1417,1252,165
"Gm3973",36014,2093,33921
"Gm29738",2134,1881,253
"Gm6943",37312,1756,35556
"Gm9257",51675,896,50779
"Gm9269",543595,1507,542088
"LOC105245423",1224,1104,120
"Gm9259",4931,1434,3497
"LOC105242433",52356,746,51610
"LOC105245389",48819,883,47936
"LOC102639021",39835,891,38944
"Gm9265",63349,1722,61627
"LOC105242435",7949,1776,6173
"Gm32719",1091,665,426
"LOC105245424",9131,800,8331
"Gm10479",612,612,0
"6030426L16Rik",43289,987,42302
"Gm9178",998,998,0
"Gm29758",1143,1143,0
"LOC105245388",1675,141,1534
"Gm4012",7424,1391,6033
"Gm16476",399,399,0
"Gm6626",36770,2320,34450
"1700030C10Rik",11391,1727,9664
"3110053B16Rik",47296,1411,45885
"Gm30124",101344,948,100396
"LOC105245390",4485,1607,2878
"Gm5977",35734,1429,34305
"Asap2",158459,5952,152507
"LOC105245391",6475,528,5947
"Itgb1bp1",19034,2582,16452
"Cpsf3",28760,2911,25849
"Iah1",7248,1647,5601
"Adam17",50124,4550,45574
"Ywhaq",27108,2110,24998
"Gm31913",6171,6171,0
"Gm4419",3358,2722,636
"Gm31676",882,751,131
"Gm19196",9167,9167,0
"Gm18241",3779,3779,0
"Gm31624",22095,1119,20976
"Gm4036",137468,1804,135664
"LOC101056074",54647,2737,51910
"Gm5633",1004,1004,0
"Gm30195",1387,1180,207
"LOC105245393",1684,147,1537
"Gm9282",76678,1739,74939
"LOC105245392",1836,328,1508
"Gm9283",6251,1336,4915
"Gm4425",39299,1548,37751
"Gm9289",5592,659,4933
"LOC105245395",954,922,32
"LOC102637839",223430,3473,219957
"LOC105245405",206252,1434,204818
"Gm6838",5727,648,5079
"LOC105245404",2617,2409,208
"LOC105245403",6393,1904,4489
"LOC105245402",81147,1567,79580
"Gm30291",3327,2716,611
"Gm9295",31212,2519,28693
"LOC102641157",47101,975,46126
"Gm20336",3431,684,2747
"LOC101056120",7740,772,6968
"2410018L13Rik",56247,1407,54840
"Gm9293",13481,1383,12098
"Gm9292",77765,1737,76028
"Gm33985",34675,1710,32965
"Gm9291",6278,1329,4949
"Gm9285",5630,659,4971
"LOC105245400",8711,428,8283
"LOC105245399",220992,886,220106
"Gm9286",5646,648,4998
"Gm9305",156638,1408,155230
"LOC105242446",61083,1053,60030
"LOC105245397",1761,1552,209
"LOC105245396",9920,1382,8538
"LOC102638745",1428,1341,87
"LOC105242430",18711,787,17924
"LOC105245409",6862,1904,4958
"Gm17330",209755,3580,206175
"LOC105245407",1428,1341,87
"LOC105245406",30808,1697,29111
"9030624G23Rik",54068,2268,51800
"Gm30625",2974,2061,913
"LOC102639700",38621,1350,37271
"Gm4120",20882,1313,19569
"Gm9315",1152,1152,0
"Gm16372",1488,1488,0
"Taf1b",59991,2527,57464
"Grhl1",45162,3684,41478
"LOC105245410",7934,2480,5454
"Gm6969",1072,1072,0
"Klf11",11412,3982,7430
"Cys1",15963,2619,13344
"Gm36129",22047,4730,17317
"Rrm2",5893,2180,3713
"Gm9318",490,490,0
"LOC102641621",37614,1664,35950
"Mboat2",132914,7676,125238
"Gm36236",2319,2074,245
"Kidins220",88277,7997,80280
"Id2",2294,1272,1022
"Gm17746",3101,1115,1986
"Gm36287",91947,9578,82369
"Gm36496",2048,1620,428
"Gm36441",7004,5243,1761
"Gm19340",550,550,0
"LOC328066",155016,12011,143005
"Gm36886",5584,1677,3907
"Gm9321",878,878,0
"Gm29835",12733,4665,8068
"Gm29687",118544,879,117665
"4930480M12Rik",29441,550,28891
"Gm29968",17019,1390,15629
"Rnf144a",108528,5430,103098
"4930549C15Rik",26929,9564,17365
"Mir6538",110,110,0
"Rsad2",13736,4247,9489
"Cmpk2",10779,3438,7341
"1700020D12Rik",41645,1705,39940
"4933409F18Rik",20514,2594,17920
"Gm30290",9965,8198,1767
"Gm30350",757,437,320
"Gm30515",47554,12859,34695
"Gm30401",15483,7978,7505
"Gm20187",24759,1973,22786
"Gm9866",19721,2087,17634
"LOC105245412",38280,4522,33758
"Sox11",8451,8451,0
"Gm30855",10508,3297,7211
"Gm30913",8405,870,7535
"Gm4166",18017,6608,11409
"Gm31025",72750,3658,69092
"Dcdc2c",115148,6488,108660
"Allc",28798,1529,27269
"Colec11",29283,1625,27658
"Rps7",5107,961,4146
"Rnaseh1",9990,1457,8533
"Adi1",6969,1676,5293
"Mir6937",65,65,0
"Trappc12",59869,4368,55501
"Gm31269",5006,3048,1958
"Tssc1",115691,2180,113511
"Gm31209",9955,9752,203
"Gm31333",295500,10339,285161
"Gm31508",4936,4803,133
"Gm31569",73072,4553,68519
"Gm6989",705,705,0
"Gm31650",18849,454,18395
"LOC102634058",5251,2228,3023
"Myt1l",394906,10557,384349
"C630031E19Rik",10816,3057,7759
"Gm31939",12788,9870,2918
"Pxdn",79782,6968,72814
"Tpo",78324,4974,73350
"LOC105244821",2786,1183,1603
"LOC105245414",2182,1794,388
"Gm32084",7264,1270,5994
"Sntg2",198913,3360,195553
"2310016D03Rik",56800,1547,55253
"Ryk-ps1",1180,1180,0
"Gm32259",14589,809,13780
"Tmem18",6777,2958,3819
"Gm32320",22068,490,21578
"Fam150b",9531,1507,8024
"Acp1",18296,3268,15028
"Sh3yl1",48492,2189,46303
"Gm6992",2011,2011,0
"Gm18502",720,720,0
"Fam110c",5973,2670,3303
"Gm32443",15339,5272,10067
"LOC105244824",22950,441,22509
"Gm32607",1144,1144,0
"Gm9356",683,683,0
"6030469F06Rik",17061,1558,15503
"Gm18024",1116,1116,0
"LOC102635514",237,237,0
"Gm32899",6444,291,6153
"Lamb1",64497,5853,58644
"Dld",19910,2277,17633
"Slc26a3",83047,3315,79732
"Gm9359",1518,1518,0
"Cbll1",15913,4856,11057
"LOC105244825",13211,554,12657
"Slc26a4",40824,4593,36231
"Bcap29",39305,2008,37297
"Dus4l",14777,2023,12754
"Cog5",282763,7027,275736
"Gpr22",7060,4587,2473
"Gm18029",709,709,0
"Gm32981",3946,2060,1886
"Gm35666",4329,728,3601
"Hbp1",24081,5401,18680
"Prkar2b",102894,3451,99443
"LOC105244837",1909,1849,60
"Gm33111",8036,6222,1814
"5430401H09Rik",28168,5578,22590
"LOC105244838",13851,384,13467
"Pik3cg",35549,8141,27408
"Gm33308",2353,696,1657
"Ccdc71l",4155,4155,0
"LOC105244840",9451,2977,6474
"Gm17820",4086,3401,685
"Gm33380",3795,730,3065
"Gm18726",2390,2390,0
"LOC105244841",46155,275,45880
"Nampt",33035,4547,28488
"Gdap10",2804,2804,0
"Gm33484",20320,448,19872
"Gm33441",5996,2458,3538
"4933406C10Rik",34406,1633,32773
"Gm19056",898,898,0
"Gm18622",561,561,0
"Sypl",25630,8694,16936
"LOC105245416",46403,351,46052
"Cdhr3",59242,5089,54153
"F730043M19Rik",35876,1551,34325
"Atxn7l1",228770,9469,219301
"LOC102642990",7553,6692,861
"Atxn7l1os2",30064,1789,28275
"Efcab10",6416,675,5741
"Twistnb",9757,2324,7433
"Gm9368",838,838,0
"Gm9370",606,606,0
"LOC105244849",22523,1292,21231
"Ferd3l",886,886,0
"Twist1",2161,1630,531
"Hdac9",869516,14981,854535
"LOC105244850",9399,507,8892
"Gm18025",922,922,0
"LOC105245417",17727,4189,13538
"Gm33864",57449,2318,55131
"Prps1l1",1676,1676,0
"LOC105244851",30624,2230,28394
"LOC105244852",4347,3385,962
"Gm33922",4014,1126,2888
"Snx13",101360,7340,94020
"Mir680-3",87,87,0
"Ahr",37011,5494,31517
"9130015A21Rik",22829,1058,21771
"LOC105244854",22478,768,21710
"Gm7002",2512,2512,0
"Gm9472",614,544,70
"Agr3",24117,1053,23064
"Agr2",11157,760,10397
"Tspan13",27924,1923,26001
"LOC105244855",2740,2588,152
"Gm5434",1451,1451,0
"Bzw2",64991,3190,61801
"Gm18115",593,593,0
"Ankmy2",40168,3020,37148
"Gm19046",1295,1295,0
"Lrrc72",48052,1775,46277
"LOC105244857",3863,524,3339
"LOC105244859",26083,881,25202
"Sostdc1",4284,1751,2533
"Gm34215",1568,465,1103
"Ispd",308919,8597,300322
"Gm7252",618,618,0
"Gm34270",816,636,180
"Mir5099",74,74,0
"LOC105244861",20044,411,19633
"Gm18026",727,727,0
"LOC105244862",10737,582,10155
"Meox2",70983,2348,68635
"Agmo",340304,4732,335572
"Gm34408",30932,3369,27563
"Dgkb",754072,6903,747169
"Gm35755",1212,1212,0
"Gm34461",21949,276,21673
"Gm18338",781,781,0
"4930428E07Rik",61713,919,60794
"Gm30964",7037,723,6314
"Gm4257",510,510,0
"Etv1",88560,11291,77269
"Gm18442",575,575,0
"Gm34611",2745,454,2291
"Gm34662",1563,210,1353
"Gm19563",270,270,0
"Gm34809",80271,1419,78852
"Gm18591",774,774,0
"Gm34923",36213,181,36032
"Gm18116",628,628,0
"Gm4263",1170,1170,0
"LOC105244868",8150,1173,6977
"Gm18939",681,681,0
"Gm34985",27350,8007,19343
"Arl4a",4697,3807,890
"Arl4aos",4475,2282,2193
"Scin",74460,2999,71461
"Lsmem1",22930,1213,21717
"Ifrd1",20061,1816,18245
"Mir1938",100,100,0
"Gm7008",5820,401,5419
"LOC105244872",7906,1115,6791
"Zfp277",130745,2454,128291
"LOC105244875",9916,9277,639
"Dock4",400918,8553,392365
"Gm19441",4763,347,4416
"Gm7239",857,857,0
"Gm19220",832,832,0
"Gm18246",570,570,0
"Gm18954",3410,3410,0
"Immp2l",931499,405,931094
"Gm4274",30358,30358,0
"LOC105245419",36977,16416,20561
"Lrrn3",34390,3520,30870
"LOC105244884",14272,629,13643
"Gm7242",702,702,0
"LOC105245426",39359,174,39185
"Gm33340",27757,502,27255
"Gm33384",224328,402,223926
"Gm7370",818,818,0
"Dnajb9",4172,1865,2307
"Mir5627",61,61,0
"Gm2027",3025,3025,0
"Pnpla8",46808,6963,39845
"Nrcam",276363,14958,261405
"Gm6125",5360,5360,0
"Gm19469",719,607,112
"Stxbp6",222254,4768,217486
"Gm15901",1147,1147,0
"Gm33548",7926,4429,3497
"LOC102636414",7608,6928,680
"Gm33680",27368,2161,25207
"Gm33811",140818,300,140518
"LOC105244888",6504,2288,4216
"Gm18112",4171,4171,0
"Gm7422",642,642,0
"Nova1",124678,8395,116283
"Gm33869",447,395,52
"LOC105244889",14376,13616,760
"Gm2089",504,504,0
"Gm7392",408,408,0
"Gm1818",4838,1447,3391
"Gm29818",449,449,0
"Olfr1400-ps1",700,700,0
"Olfr1399-ps1",413,413,0
"Gm7456",1223,1223,0
"Gm18623",879,879,0
"Gm34304",13176,1158,12018
"Foxg1",3985,3985,0
"3110039M20Rik",17695,854,16841
"Gm34381",23678,1843,21835
"1810007C17Rik",3870,708,3162
"Gm19599",8444,391,8053
"Gm7476",774,774,0
"Gm7481",1210,1210,0
"LOC105244891",105953,410,105543
"LOC105244890",24934,1019,23915
"Gm34523",23990,584,23406
"Prkd1",308023,5860,302163
"LOC105244892",7505,425,7080
"Gm34581",10105,3859,6246
"LOC105244893",18423,2157,16266
"1700008C04Rik",57388,799,56589
"Gm34745",30176,1831,28345
"Gm7172",1340,1340,0
"Rps11-ps4",544,544,0
"G2e3",28757,6726,22031
"Scfd1",72582,5026,67556
"LOC105244894",21851,1679,20172
"Gm6147",2299,2299,0
"Gm18503",760,760,0
"Coch",12433,2683,9750
"Strn3",84025,4986,79039
"Ap4s1",49052,3045,46007
"Hectd1",85885,9062,76823
"Gm5785",3016,1938,1078
"LOC102638190",539,539,0
"Gm34894",11023,3851,7172
"Heatr5a",95463,8004,87459
"Gm34987",1385,722,663
"Dtd2",8995,2564,6431
"Gpr33",5061,1388,3673
"Gm32220",493,493,0
"Nubpl",213225,1724,211501
"LOC105244895",3996,646,3350
"Gm35071",7508,3199,4309
"Gm35135",4871,990,3881
"Gm35188",7316,1505,5811
"Arhgap5",68208,9901,58307
"1700031P21Rik",2339,304,2035
"Gm35239",40719,1683,39036
"Akap6",456553,15999,440554
"LOC105245427",16399,12181,4218
"Gm18898",825,825,0
"Npas3",824173,7427,816746
"1700030L22Rik",18493,13256,5237
"Gm35614",11585,7110,4475
"Gm35556",5794,4548,1246
"1700060O08Rik",18046,982,17064
"Gm35818",50474,1136,49338
"LOC105244898",1883,1040,843
"Egln3",24894,2676,22218
"1700104L18Rik",8706,598,8108
"Gm35895",2441,398,2043
"Gm7550",3586,591,2995
"Gm7557",2986,2986,0
"Gm36213",19161,1202,17959
"LOC105244899",3920,635,3285
"Gm6218",731,731,0
"Sptssa",11199,1363,9836
"Mir1892",80,80,0
"LOC105245428",1690,1241,449
"Eapp",25557,2072,23485
"Gm36262",2427,2427,0
"Gm20947",1355,1355,0
"Rpl31-ps17",427,427,0
"Gm2395",6279,675,5604
"Gm2412",6273,675,5598
"LOC105245429",4571,4075,496
"Snx6",49397,1970,47427
"Cfl2",4063,3269,794
"Baz1a",121772,6635,115137
"Gm32522",13446,568,12878
"2700097O09Rik",34578,1511,33067
"LOC105244901",2119,2119,0
"LOC102640226",954,954,0
"Srp54a",34872,4264,30608
"Fam177a",17637,3923,13714
"Gm2436",13847,1703,12144
"Srp54b",34110,3286,30824
"1700047I17Rik2",17637,3923,13714
"Gm2446",13847,1703,12144
"Srp54c",49230,5379,43851
"Ppp2r3c",22197,2405,19792
"1110008L16Rik",79855,3117,76738
"Psma6",34243,1108,33135
"Rpl18a-ps1",616,616,0
"LOC102640437",559,559,0
"Gm36571",3910,687,3223
"Nfkbia",3239,1579,1660
"Gm36634",6428,3409,3019
"Aldoart2",1692,1692,0
"Insm2",3102,3102,0
"Ralgapa1",218686,10294,208392
"Brms1l",33494,2690,30804
"Gm5183",793,793,0
"Gm5184",1815,1815,0
"Gm36754",4116,203,3913
"Gm19990",13139,1221,11918
"Mbip",17589,1563,16026
"LOC102640946",255,255,0
"Gm18027",619,619,0
"E030019B13Rik",38993,2288,36705
"Nkx2-1",4974,3374,1600
"Gm26973",90556,1604,88952
"C87198",3496,617,2879
"Nkx2-9",3288,1504,1784
"Gm18339",888,888,0
"Gm15524",7355,3362,3993
"Pax9",21927,6330,15597
"Slc25a21",484839,2766,482073
"Gm30001",10232,2035,8197
"LOC105244902",960,662,298
"Prps1l3",11757,4006,7751
"Mipol1",226817,1454,225363
"Gm11025",1299,1299,0
"Gm16246",10978,3393,7585
"Gm20016",6230,5868,362
"LOC102632291",17171,1967,15204
"Foxa1",6284,3508,2776
"4921506M07Rik",57991,1475,56516
"Gm30518",4588,887,3701
"4921518K17Rik",31528,3218,28310
"Rpl26-ps2",513,513,0
"BC042761",2914,2100,814
"Sstr1",4650,4286,364
"Clec14a",4539,4539,0
"Gm30687",212106,547,211559
"LOC105244904",9660,1245,8415
"LOC105244903",10336,1746,8590
"Gm18873",946,946,0
"Gm2649",610,610,0
"Sec23a",53644,4118,49526
"Gemin2",14596,1106,13490
"Trappc6b",18398,1539,16859
"Pnn",7099,3469,3630
"Gm5786",950,950,0
"Rpl21-ps3",550,550,0
"Mia2",13331,1628,11703
"Ctage5",60481,3388,57093
"Fbxo33",18829,3446,15383
"Gm7719",1208,1208,0
"Gm4930",1087,1087,0
"Gm18242",645,645,0
"Gm32777",806,806,0
"LOC105244905",20917,519,20398
"Gm7727",671,671,0
"LOC105244906",24208,358,23850
"Gm29809",3581,511,3070
"LOC105244907",35876,344,35532
"Gm32936",180,180,0
"Gm18871",678,678,0
"Gm20049",4125,1105,3020
"Gm7739",1560,1560,0
"Gm6068",674,674,0
"Gm7745",1195,1195,0
"Nanog-ps2",722,722,0
"Gm20063",22161,1089,21072
"Lrfn5",335114,6570,328544
"LOC105244908",6067,6067,0
"Gm7753",1705,1705,0
"Gm2754",535,535,0
"Gm7754",8287,8287,0
"Gm6353",1052,1052,0
"Spanxn4",593,593,0
"Gm19134",517,517,0
"Tspyl-ps",3196,2533,663
"Gm7763",1229,1229,0
"Gm5185",1209,1209,0
"Gm5653",3061,3061,0
"Gm30915",2405,342,2063
"Fscb",3566,3566,0
"Gm6395",1512,1512,0
"Gm4806",1956,1876,80
"Rpl7a-ps1",847,847,0
"LOC105245448",6015,2215,3800
"Gm527",6681,1463,5218
"Klhl28",23408,6568,16840
"LOC105244909",1162,884,278
"Fam179b",56832,6625,50207
"Prpf39",27078,5378,21700
"Fkbp3",11507,945,10562
"Fancm",57968,9331,48637
"Mis18bp1",39847,4017,35830
"Gm31063",22724,298,22426
"LOC105244910",2083,788,1295
"Wdr20rt",2938,2228,710
"Gm2915",789,789,0
"Rpl10l",1023,1023,0
"Mdga2",756491,10637,745854
"Gm19001",1651,1651,0
"Gm18940",1084,1084,0
"Rpl17-ps3",623,623,0
"Gm17821",12530,12530,0
"LOC102633254",219,219,0
"Hspe1-ps1",856,856,0
"Gm19176",1825,1825,0
"Gm19047",1035,1035,0
"Gm31307",11800,359,11441
"Gm7868",677,677,0
"Gm31447",15559,702,14857
"Gm15571",721,721,0
"Rps29",1465,390,1075
"Rn7s1",299,299,0
"Lrr1",10197,1501,8696
"Rpl36al",1334,517,817
"Mgat2",2616,2616,0
"Dnaaf2",8592,2639,5953
"9330151L19Rik",2658,2546,112
"Pole2",26470,2392,24078
"Klhdc1",57730,4725,53005
"Klhdc2",14007,1946,12061
"Nemf",45647,3744,41903
"Rn7s2",299,299,0
"Gm18113",510,510,0
"Arf6",3831,3731,100
"LOC105244911",1060,619,441
"5830428M24Rik",10764,1037,9727
"Gm31512",9464,3929,5535
"Vcpkmt",6380,2078,4302
"Sos2",98092,5615,92477
"Gm31679",3295,3295,0
"Gm31598",762,762,0
"L2hgdh",34439,3338,31101
"Atp5s",19736,2548,17188
"Cdkl1",44374,2862,41512
"Mir681",110,110,0
"4930512B01Rik",51537,1421,50116
"Map4k5",89407,4454,84953
"Gm18030",731,731,0
"4931403G20Rik",9986,1852,8134
"Atl1",70981,2818,68163
"Gm6316",1238,1238,0
"Gm3086",6336,628,5708
"Sav1",21991,2524,19467
"Gm31918",2966,1051,1915
"Gm19144",1648,1648,0
"Gm19221",1583,1583,0
"Nin",102396,11392,91004
"Abhd12b",29036,1080,27956
"Pygl",36869,2821,34048
"F730035M05Rik",6325,1296,5029
"LOC102634525",2462,1029,1433
"Trim9",103229,8638,94591
"Gm32151",29791,1582,28209
"LOC105244912",42600,3703,38897
"Tmx1",14471,2320,12151
"Gm32219",8895,2774,6121
"LOC105244913",32213,1369,30844
"Gm24474",44406,3150,41256
"LOC105244914",2437,2259,178
"Gm32322",3702,3507,195
"LOC105244915",12350,555,11795
"Gm32608",1070,402,668
"Frmd6",76900,5357,71543
"Gm32664",7606,2082,5524
"Actr10",26862,4022,22840
"Gm32722",4117,1157,2960
"Psma3",20315,1458,18857
"3110056K07Rik",24209,1589,22620
"Arid4a",83385,7643,75742
"Tomm20l",11795,596,11199
"Gm32906",2751,751,2000
"Timm9",13504,1117,12387
"2700049A03Rik",173117,6509,166608
"Gm19045",783,783,0
"Gm7959",1961,1334,627
"LOC105245430",1907,1608,299
"Dact1",10224,3761,6463
"Gm33016",5296,797,4499
"LOC105244916",6624,401,6223
"1700083H02Rik",970,552,418
"Gm17945",865,865,0
"4930404H11Rik",15527,767,14760
"LOC105244917",2713,289,2424
"9630002D21Rik",140659,2868,137791
"Daam1",161326,7662,153664
"Gm7985",1204,1204,0
"LOC105245431",12102,12067,35
"LOC105244918",13301,673,12628
"Gm7986",616,616,0
"Gpr135",1374,1374,0
"L3hypdh",13774,2021,11753
"Jkamp",15689,1976,13713
"Gm19135",1673,1673,0
"Ccdc175",84057,3456,80601
"Gm18243",884,884,0
"Rtn1",197306,4228,193078
"Gm33487",7671,4504,3167
"Lrrc9",96235,15332,80903
"Pcnxl4",44068,4817,39251
"Gm4756",23271,1259,22012
"Ly6e-ps1",1054,1054,0
"Dhrs7",14476,1304,13172
"Ppm1a",38612,7724,30888
"Gm33785",3820,549,3271
"LOC105244919",8588,449,8139
"4930447C04Rik",59101,3016,56085
"Six6",4955,3956,999
"Six1",4886,2849,2037
"Six4",15166,7633,7533
"Mnat1",161805,2576,159229
"LOC102636900",1206,1206,0
"Trmt5",18273,3506,14767
"Slc38a6",75205,8085,67120
"D830013O20Rik",45489,689,44800
"LOC105244920",3716,930,2786
"Gm33929",1175,644,531
"Gm34080",52331,2458,49873
"Gm34016",19419,2047,17372
"Tmem30b",3282,3282,0
"2210039B01Rik",3504,1039,2465
"Prkch",193145,3301,189844
"Gm34189",8557,2224,6333
"Gm8075",14083,986,13097
"Hif1a",46202,4934,41268
"LOC105245432",2778,2734,44
"Gm15283",17801,3190,14611
"Gm5068",297,297,0
"Snapc1",21449,3796,17653
"Syt16",270309,3928,266381
"LOC105245433",6228,4412,1816
"1700086L19Rik",11675,1046,10629
"Dbpht2",2995,2995,0
"Gm34552",3034,677,2357
"Gm9544",2482,2482,0
"LOC105243601",2052,196,1856
"Kcnh5",280116,4061,276055
"Rhoj",93143,2358,90785
"Gphb5",5062,1614,3448
"Gm34613",3544,368,3176
"Ppp2r5e",146788,6474,140314
"Gm34666",6473,3326,3147
"Wdr89",38944,2981,35963
"Rplp2-ps1",832,832,0
"Gm34717",18540,604,17936
"LOC105245434",10406,1653,8753
"Sgpp1",21482,3324,18158
"LOC105244925",73850,2379,71471
"Syne2",292611,21718,270893
"Mir5101",83,83,0
"Esr2",56841,3362,53479
"LOC102638150",626,626,0
"Tex21",48072,2706,45366
"Mthfd1",64589,3324,61265
"LOC105244922",6156,5997,159
"Gm34868",13499,2686,10813
"LOC105244921",5284,2816,2468
"Akap5",9750,7311,2439
"Zbtb25",21319,5126,16193
"Zbtb1",26764,7282,19482
"4930426I24Rik",14151,1209,12942
"Hspa2",3095,2782,313
"Ppp1r36",21894,2568,19326
"Gm10451",4202,893,3309
"LOC105244923",3444,508,2936
"Mir5135",79,79,0
"Plekhg3",45796,5528,40268
"AI463170",954,540,414
"Sptb",130060,10394,119666
"Churc1",17608,641,16967
"Gpx2",3220,1067,2153
"Rab15",24802,3974,20828
"Gm34988",478,295,183
"Fntb",84015,3152,80863
"Max",25067,2438,22629
"Gm35041",49556,671,48885
"Gm35189",16484,2935,13549
"LOC105244924",62698,1775,60923
"Fut8",238562,4651,233911
"Gm19234",2821,2821,0
"Gm19025",726,726,0
"Gm35240",85676,3494,82182
"Gm4864",1873,1873,0
"Gm35440",36718,1293,35425
"Gm35488",22958,1075,21883
"Gm8219",861,861,0
"Gm6657",22082,5975,16107
"Gphn",460620,6006,454614
"Gm18899",1240,1240,0
"Fam71d",43032,2370,40662
"Mpp5",91966,5729,86237
"Atp6v1d",18657,1410,17247
"Eif2s1",24939,3152,21787
"Plek2",18492,1801,16691
"Tmem229b",45865,4548,41317
"Plekhh1",52493,6510,45983
"Gm35844",2039,1828,211
"Pigh",9091,3121,5970
"9230116L04Rik",15235,1599,13636
"Gm8255",520,520,0
"Arg2",25514,1417,24097
"LOC105244940",1736,751,985
"Vti1b",16672,1594,15078
"Rdh11",17485,3596,13889
"Rdh12",13748,1674,12074
"Zfyve26",63965,9400,54565
"Rad51b",555614,16137,539477
"Gm36048",10585,7602,2983
"Gm3596",1218,845,373
"Gm36132",8737,4767,3970
"9430078K24Rik",9475,2891,6584
"LOC102640469",12013,687,11326
"Gm5654",512,512,0
"Gm8275",1318,1318,0
"Gm36660",67637,7011,60626
"Gm36834",7846,390,7456
"Zfp36l1",5254,2984,2270
"Gm36892",2606,1056,1550
"2310015A10Rik",12299,4845,7454
"Actn1",92942,4217,88725
"Gm29952",11210,1194,10016
"Dcaf5",100755,5707,95048
"Mir1843a",65,65,0
"Scarna3b",124,124,0
"Gm30025",988,813,175
"Gm30076",4056,1109,2947
"Exd2",35041,3450,31591
"2310002D06Rik",10749,508,10241
"Gm26777",8213,2827,5386
"Galnt16",85584,4256,81328
"Erh",9839,1070,8769
"Slc39a9",39128,5230,33898
"Plekhd1os",7578,941,6637
"Plekhd1",31636,5523,26113
"LOC105244951",4808,3096,1712
"Ccdc177",5269,4399,870
"Susd6",90302,5065,85237
"1700052I22Rik",1016,377,639
"Gm20337",2748,1142,1606
"Srsf5",5004,1656,3348
"Slc10a1",15518,2194,13324
"Smoc1",159607,3736,155871
"Gm18031",680,680,0
"Mir3067",84,84,0
"Slc8a3",135814,11427,124387
"Gm3693",14913,2803,12110
"Gm3695",1243,1243,0
"Gm4787",2496,2496,0
"Hspe1-ps2",436,436,0
"Adam4",2330,2330,0
"Cox16",14407,1997,12410
"Synj2bp",40714,10398,30316
"Adam21",9891,2911,6980
"Med6",21508,1190,20318
"Gm16570",1229,1229,0
"Ttc9",35171,4975,30196
"LOC105244953",2973,2973,0
"Map3k9",67600,13700,53900
"LOC105244954",8949,2690,6259
"Gm30706",15325,3679,11646
"Pcnx",140897,12141,128756
"Gm30799",33457,3794,29663
"LOC105245435",5318,1621,3697
"Sipa1l1",282409,8553,273856
"Gm30916",756,651,105
"Gm31064",4725,1232,3493
"Gm30966",12158,611,11547
"Gm5435",1118,1118,0
"Gm8358",622,622,0
"Rgs6",542640,5224,537416
"1700085C21Rik",6636,1082,5554
"Gm31308",16998,3094,13904
"Gm29530",36572,3045,33527
"Gm31187",5565,1202,4363
"LOC105244955",2386,355,2031
"Dpf3",273986,3773,270213
"Gm18872",25073,25073,0
"Dcaf4",21538,3480,18058
"Zfyve1",50688,4992,45696
"Gm6722",973,973,0
"Rbm25",50924,4645,46279
"Psen1",50301,6418,43883
"Gm18592",874,874,0
"Papln",31884,7019,24865
"Numb",127901,3882,124019
"Gm3791",957,957,0
"Gm31386",11098,554,10544
"Gm17673",39659,5036,34623
"2410016O06Rik",2346,2346,0
"Acot2",6017,2200,3817
"Acot1",8169,1559,6610
"LOC105244956",11122,2296,8826
"Acot4",6345,2325,4020
"Acot3",8404,3824,4580
"Acot5",6947,1663,5284
"Gm8385",626,626,0
"Acot6",9130,1822,7308
"Dnal1",29238,5941,23297
"Pnma1",2359,2359,0
"Elmsan1",69714,7567,62147
"LOC105244958",2406,477,1929
"LOC105244957",3379,2926,453
"Gm19327",5435,5435,0
"Gm31513",5381,2026,3355
"Gm5436",713,713,0
"Gm33237",1665,953,712
"Ptgr2",30596,3349,27247
"Zfp410",28512,6370,22142
"Gm20958",446,446,0
"Fam161b",16570,3422,13148
"Coq6",12041,1728,10313
"Entpd5",35155,6374,28781
"Ccdc176",32696,3126,29570
"Rnf113a2",1379,1379,0
"Aldh6a1",20234,3346,16888
"Lin52",95393,3350,92043
"Vsx2",25630,3261,22369
"Abcd4",14949,2794,12155
"Vrtn",10437,3677,6760
"Syndig1l",21631,2705,18926
"Npc2",18554,3262,15292
"Isca2",1862,910,952
"Ltbp2",94055,7503,86552
"D030025P21Rik",3954,3954,0
"Arel1",52747,5569,47178
"Fcf1",12374,716,11658
"Ylpm1",78249,11088,67161
"Prox2",24961,4745,20216
"LOC102634300",1698,976,722
"Dlst",23268,2776,20492
"Rps6kl1",16030,2902,13128
"Pgf",11149,2183,8966
"Eif2b2",7154,1611,5543
"Mlh3",36183,5772,30411
"Mir6938",63,63,0
"Acyp1",15799,933,14866
"Zc2hc1c",24974,4549,20425
"Nek9",39849,5880,33969
"Tmed10",34104,3526,30578
"Gm32116",745,745,0
"LOC105242442",3415,377,3038
"LOC105244959",6982,731,6251
"LOC102641236",5153,2197,2956
"Fos",3369,2093,1276
"Gm32296",12372,1164,11208
"Gm32348",16049,2889,13160
"Jdp2",42650,3805,38845
"Gm33312",20121,625,19496
"Batf",22368,904,21464
"Mfsd7c",67047,3487,63560
"LOC105244960",5715,1346,4369
"0610007P14Rik",9475,1569,7906
"Ttll5",228811,5755,223056
"Tgfb3",22299,3385,18914
"Ift43",79927,4747,75180
"Gm805",25762,3160,22602
"Gm32473",6889,2375,4514
"LOC105244963",25831,813,25018
"Gpatch2l",49956,4439,45517
"Gm32666",2163,1428,735
"LOC105244965",2124,347,1777
"Esrrb",160512,5128,155384
"Gm8504",1089,1089,0
"Vash1",16989,6897,10092
"Angel1",33686,4531,29155
"Gm17138",690,690,0
"Gm32755",1271,340,931
"Lrrc74a",34329,2734,31595
"Gm32806",851,263,588
"LOC105244973",1759,1291,468
"Gm10095",460,460,0
"Irf2bpl",4112,4112,0
"Gm26698",1448,1255,193
"LOC105244976",45076,897,44179
"Gm32934",5570,915,4655
"Cipc",18324,5908,12416
"Zdhhc22",11105,5067,6038
"Tmem63c",70481,7588,62893
"Gm18499",1050,1050,0
"LOC105244977",5122,1988,3134
"Ngb",5009,1628,3381
"Pomt2",41042,5128,35914
"Gstz1",17559,2223,15336
"Gm6566",7675,4093,3582
"Tmed8",33988,7249,26739
"LOC105244978",15875,3087,12788
"Samd15",17374,5985,11389
"Noxred1",17652,2723,14929
"Vipas39",27504,2805,24699
"Ahsa1",7515,1541,5974
"Ism2",21709,3718,17991
"Sptlc2",80342,3754,76588
"Gm33444",25979,4889,21090
"LOC102636417",1155,1155,0
"Alkbh1",15763,1949,13814
"Mir3068",79,79,0
"Nrp",1170,1170,0
"Slirp",6029,419,5610
"Snw1",22390,2257,20133
"Gm18983",4871,4339,532
"Gm18624",659,659,0
"Gm5788",1109,1109,0
"Gm18625",12172,12172,0
"Gm8300",3950,1872,2078
"Gm18626",1144,1144,0
"Gm18615",2032,2032,0
"Oog1",56198,2112,54086
"Gm4027",4492,1216,3276
"Gm3742",10369,10369,0
"Gm16381",4866,689,4177
"Gm21937",221,221,0
"Gm21559",930,930,0
"Gm21569",1814,1814,0
"Gm21319",3331,1863,1468
"Gm21939",10108,3022,7086
"Gm21936",447,447,0
"BB287469",5158,1910,3248
"Gm21038",10569,10569,0
"Gm2001",222,222,0
"Gm1995",4341,4341,0
"Gm18627",24002,24002,0
"Gm2016",3788,1766,2022
"Gm2022",3889,1822,2067
"Gm18628",31279,31279,0
"Gm18616",2581,2581,0
"Gm2035",8881,1844,7037
"Gm2042",6203,2024,4179
"Gm2046",9404,818,8586
"LOC100417454",45310,45310,0
"Gm2075",3898,1861,2037
"Gm2056",3763,1857,1906
"Gm18629",32669,32669,0
"Gm18247",1527,1527,0
"Gm18617",28813,28813,0
"Gm33736",67226,785,66441
"Gm5789",865,865,0
"Gm16368",630,630,0
"Gm5442",2104,2104,0
"Gm8587",1013,1013,0
"Gm33654",221,221,0
"LOC102636530",270,270,0
"Gm8605",2379,2379,0
"LOC102637322",541,541,0
"Gm18630",2581,2581,0
"Gm10436",35357,1959,33398
"Gm18631",2062,2062,0
"Gm8332",4133,1862,2271
"Gm18618",609,609,0
"Gm5662",3863,1842,2021
"Gm21039",2606,2256,350
"Gm7104",4204,4204,0
"Gm8634",2385,2385,0
"Gm18619",1147,1147,0
"Gm5039",1641,1641,0
"LOC100503047",5851,438,5413
"Gm18632",2089,2089,0
"Gm8655",1007,1007,0
"Gm18620",873,873,0
"Gm6190",1374,1374,0
"Gm5655",1102,1102,0
"Adck1",101236,3721,97515
"3200001D21Rik",12010,2283,9727
"4930473H19Rik",13785,6678,7107
"Gm19540",3321,780,2541
"Nrxn3",1612071,17156,1594915
"LOC105245023",35395,1531,33864
"Gm34382",2748,489,2259
"LOC105245024",9162,582,8580
"Gm2139",1106,1106,0
"Dio2",13887,5815,8072
"Gm26512",74034,7743,66291
"Cep128",385927,5869,380058
"5430427M07Rik",10789,1023,9766
"Gm18968",862,862,0
"Gm34638",2378,2348,30
"Gm18388",520,520,0
"Tshr",139517,4874,134643
"Gm18827",787,787,0
"LOC105245030",3069,2675,394
"Gtf2a1",35226,5887,29339
"Ston2",153428,12908,140520
"Gm16876",6207,5711,496
"Gm34718",854,435,419
"Sel1l",43115,6300,36815
"Gm21051",1688,1688,0
"Gm18621",679,679,0
"Rpl31-ps1",490,490,0
"LOC105245037",19796,2401,17395
"LOC105245101",629,629,0
"Gm6841",598,598,0
"Gm18500",820,820,0
"LOC105245449",8201,1145,7056
"LOC105245436",6879,1353,5526
"Gm34869",73203,583,72620
"4930559C10Rik",28367,650,27717
"Gm35042",22484,382,22102
"Gm21007",729,729,0
"Gm9726",2398,2398,0
"Mir8099-2",127,127,0
"Gm7119",15337,924,14413
"Gm18749",677,677,0
"Gm18504",935,935,0
"Gm4808",2325,2325,0
"LOC105245040",28877,553,28324
"Rpl17-ps2",607,607,0
"Flrt2",93178,8068,85110
"1700019M22Rik",602,602,0
"Gm6863",754,754,0
"LOC105245041",135271,1486,133785
"Gm5186",923,923,0
"Gm2398",1031,1031,0
"Gm8785",656,656,0
"Gm35274",4786,628,4158
"Gm6869",678,678,0
"Gm35326",3564,973,2591
"LOC105245102",99406,1083,98323
"Galc",57162,4249,52913
"Gpr65",8088,2147,5941
"Kcnk10",148509,16690,131819
"LOC105245437",2385,1373,1012
"Spata7",41697,2276,39421
"Ptpn21",60878,5951,54927
"Zc3h14",40807,4184,36623
"Eml5",114891,10146,104745
"Gm35463",22163,3972,18191
"Ttc8",62677,2320,60357
"LOC105245044",48744,549,48195
"Gm35509",37454,3505,33949
"Rpl30-ps8",462,462,0
"4930474N09Rik",1532,1176,356
"Foxn3",373545,8507,365038
"LOC105245439",4726,4726,0
"Gm35989",4725,4632,93
"LOC105245438",2851,2758,93
"3300002A11Rik",21252,996,20256
"LOC102637049",1489,899,590
"Gm26839",59739,10668,49071
"Gm35644",11386,1372,10014
"1700064M15Rik",1922,645,1277
"LOC105245046",11799,1098,10701
"LOC105245440",4138,1337,2801
"Efcab11",191694,6818,184876
"Gm19238",1262,1262,0
"Tdp1",70705,4117,66588
"LOC105245047",1912,1912,0
"LOC105245441",2610,2572,38
"Kcnk13",100928,6207,94721
"Gm36214",21470,3429,18041
"LOC100417707",804,804,0
"Psmc1",13163,1502,11661
"Nrde2",34482,4327,30155
"Gm36263",6101,1340,4761
"Gm10433",5571,1982,3589
"Calm1",10266,4001,6265
"LOC105245048",3039,1366,1673
"Gm10432",24300,4791,19509
"Ttc7b",220053,3724,216329
"Gm36375",6250,6250,0
"Rps6ka5",176950,6106,170844
"Gm2614",472,472,0
"LOC105245049",14337,504,13833
"9030617O03Rik",93540,3525,90015
"Gpr68",31517,3505,28012
"Gm36572",17665,10055,7610
"Ccdc88c",117463,9345,108118
"A630072L19Rik",5088,2017,3071
"Gm36756",42192,12835,29357
"Mir1190",96,96,0
"Smek1",44294,4750,39544
"D130020L05Rik",6477,3100,3377
"Gm21056",2016,2016,0
"Kif4-ps",3665,3665,0
"Gm18848",804,804,0
"Gm18795",65535,65535,0
"Mylf-ps",709,709,0
"Catsperb",221365,3744,217621
"Tc2n",73555,6834,66721
"Fbln5",72566,6151,66415
"Trip11",79607,10255,69352
"Gm20036",2975,2358,617
"Atxn3",39900,5961,33939
"LOC102631912",8965,1139,7826
"Cpsf2",30666,5876,24790
"Slc24a4",140432,5193,135239
"Rin3",108025,4251,103774
"Lgmn",45600,1874,43726
"Gm30198",20549,1221,19328
"Golga5",28778,3400,25378
"Chga",10059,1882,8177
"Itpk1",136287,2856,133431
"Mir1936",93,93,0
"LOC105245050",4670,3902,768
"Gm30296",33588,5342,28246
"Gm20604",17981,3835,14146
"Moap1",3832,3728,104
"Tmem251",1720,1287,433
"AK010878",4536,1162,3374
"Ubr7",19727,3247,16480
"Btbd7",97675,12122,85553
"LOC105245051",2063,2063,0
"Gm7143",931,931,0
"Cox8c",1229,476,753
"Unc79",235900,12200,223700
"Prima1",48268,4060,44208
"Fam181a",6055,1573,4482
"Gm29508",2455,1380,1075
"Asb2",34860,2690,32170
"Gm15523",15464,4064,11400
"Otub2",29458,3876,25582
"Ddx24",17892,3157,14735
"LOC105245052",1802,281,1521
"Ifi27l2a",9808,883,8925
"Ifi27",6057,1281,4776
"Ifi27l2b",6326,1115,5211
"Ppp4r4",81551,6219,75332
"Gm30995",1983,1949,34
"Serpina10",14816,1692,13124
"Gm18501",682,682,0
"Serpina6",10440,1462,8978
"Gm46",8037,1641,6396
"Serpina1f",7486,3158,4328
"Gm5656",2328,2328,0
"Serpina1b",10034,1425,8609
"Gm17042",9874,9874,0
"Serpina1d",10047,1442,8605
"Gm17043",17433,17433,0
"Gm8893",4491,1345,3146
"Gm6918",656,656,0
"Serpina1a",10325,1939,8386
"Gm8895",656,656,0
"Serpina1c",10025,1424,8601
"Gm17198",6744,6744,0
"Serpina1e",9967,1374,8593
"Serpina11",9728,1502,8226
"Serpina9",17164,1939,15225
"Serpina12",15675,3690,11985
"Gm31271",5284,542,4742
"Serpina4-ps1",8962,1353,7609
"Serpina5",6826,2276,4550
"Serpina3a",15194,4001,11193
"Serpina3b",12016,2536,9480
"Serpina3c",7027,1991,5036
"Serpina3d-ps",2740,2740,0
"Serpina3e-ps",6067,2040,4027
"Serpina3f",6586,2290,4296
"Gm8918",1091,1091,0
"Serpina3g",5693,1949,3744
"Serpina3h",6510,2051,4459
"Serpina3i",6321,2312,4009
"Serpina3j",19865,2147,17718
"Serpina3k",7254,1652,5602
"Serpina3l-ps",5753,5753,0
"Serpina3m",7103,1668,5435
"LOC105245053",2367,313,2054
"Serpina3n",7660,2273,5387
"LOC105245054",6289,602,5687
"Gsc",2028,1174,854
"Gm10000",57805,1973,55832
"Gm31573",1274,415,859
"Dicer1",64213,10105,54108
"LOC105245450",5361,1474,3887
"Clmn",101963,12098,89865
"LOC105245055",6977,5993,984
"Syne3",80269,6090,74179
"Gm31742",9214,6089,3125
"Snhg10",1663,529,1134
"Scarna13",275,275,0
"Mir3069",65,65,0
"Glrx5",8222,930,7292
"Gm31884",5554,1320,4234
"Gm31829",44777,3534,41243
"Gm32062",17843,2268,15575
"Tcl1b2",8214,1091,7123
"Tcl1b1",6922,1026,5896
"Tcl1b5",4788,1051,3737
"Tcl1b3",4355,830,3525
"Tcl1b4",5037,1496,3541
"Tcl1",5985,1643,4342
"Tunar",47339,3398,43941
"Gm2721",8905,1575,7330
"D430019H16Rik",39240,5913,33327
"LOC105245062",5293,4301,992
"AU015791",1817,973,844
"LOC105245061",3283,1065,2218
"Bdkrb2",32073,4406,27667
"Bdkrb1",1338,1338,0
"Atg2b",71706,10179,61527
"Gskip",17707,2787,14920
"LOC105245063",2292,1864,428
"Ak7",78589,5799,72790
"Papola",54248,6309,47939
"Gm32265",4313,3198,1115
"Gm19554",2662,2428,234
"Gm32370",5366,1257,4109
"Vrk1",67259,4884,62375
"LOC105245065",11159,4988,6171
"Gm32723",2136,1188,948
"Gm32776",4058,1986,2072
"Gm32830",4292,494,3798
"1700121N20Rik",5015,1028,3987
"Gm3191",555,555,0
"Gm32876",12781,678,12103
"Gm17031",1806,1806,0
"Gm32935",11734,1967,9767
"4933406K04Rik",30718,1353,29365
"LOC105245066",3010,414,2596
"1700013N06Rik",13491,453,13038
"LOC105245067",2862,1709,1153
"Gm16086",28961,3735,25226
"Gm17052",511,511,0
"Gm3234",22681,4294,18387
"Gm33236",25718,2952,22766
"LOC105245442",1367,1098,269
"4930465M20Rik",11746,1443,10303
"Gm33341",1312,277,1035
"Bcl11b",93737,9997,83740
"Setd3",72951,4347,68604
"LOC105245068",8505,5464,3041
"Ccnk",23917,2918,20999
"Ccdc85c",72073,4586,67487
"Hhipl1",22691,3458,19233
"Cyp46a1",27988,2960,25028
"Eml1",168412,4474,163938
"Gm33385",11093,1584,9509
"Gm15636",741,741,0
"Gm16596",19217,1549,17668
"Evl",133797,2736,131061
"Mir342",99,99,0
"LOC105245069",6702,3961,2741
"Degs2",15515,3574,11941
"Gm33467",4773,3760,1013
"LOC105245070",8036,1596,6440
"Gm33628",1677,839,838
"Gm33682",5620,4937,683
"LOC105245071",2668,1335,1333
"Gm34220",3384,3313,71
"Yy1",23364,2511,20853
"Slc25a29",9999,1964,8035
"Gm33813",3819,2643,1176
"Mir345",96,96,0
"Slc25a47",6993,1703,5290
"Wars",34145,2883,31262
"Wdr25",134225,4970,129255
"Gm18405",745,745,0
"Begain",36071,3720,32351
"Gm33955",5871,5368,503
"Mif-ps7",489,489,0
"Dlk1",10514,4818,5696
"Gm34081",47433,5698,41735
"Gm34017",3141,1228,1913
"Meg3",30734,12957,17777
"Mir1906-1",80,80,0
"Mir770",94,94,0
"Mir673",91,91,0
"Mir493",83,83,0
"Mir337",97,97,0
"Mir3544",61,61,0
"Mir540",67,67,0
"Mir665",94,94,0
"Mir3070a",89,89,0
"Mir3070b",89,89,0
"Rtl1",5235,5235,0
"Mir431",91,91,0
"6430411K18Rik",1315,1315,0
"Mir433",124,124,0
"Mir127",70,70,0
"Mir434",94,94,0
"Mir432",75,75,0
"Mir3071",80,80,0
"Mir136",62,62,0
"Rian",57772,3584,54188
"Mir341",96,96,0
"Mir1188",120,120,0
"Mir370",79,79,0
"AF357425",69,69,0
"AF357426",67,67,0
"DQ267100",71,71,0
"AF357359",30,30,0
"DQ267101",72,72,0
"AF357355",71,71,0
"DQ267102",71,71,0
"Mir882",77,77,0
"Mir379",66,66,0
"Mir411",82,82,0
"Mir299a",63,63,0
"Mir299b",49,49,0
"Mir380",61,61,0
"Mir1197",120,120,0
"Mir323",86,86,0
"Mir758",81,81,0
"Mir329",97,97,0
"Mir494",85,85,0
"Mir679",74,74,0
"Mir1193",121,121,0
"Mir666",99,99,0
"Mir543",76,76,0
"Mir495",63,63,0
"Mir667",92,92,0
"Mir376c",86,86,0
"Mir654",84,84,0
"Mir376b",82,82,0
"Mir376a",68,68,0
"Mir300",79,79,0
"Mir381",75,75,0
"Mir487b",82,82,0
"Mir539",74,74,0
"Mir544",78,78,0
"Mir382",76,76,0
"Mir134",71,71,0
"Mir668",66,66,0
"Mir485",73,73,0
"Mirg",14478,1300,13178
"Mir453",82,82,0
"Mir154",66,66,0
"Mir496a",79,79,0
"Mir377",68,68,0
"Mir541",90,90,0
"Mir409",79,79,0
"Mir412",80,80,0
"Mir369",79,79,0
"Mir410",81,81,0
"Mir3072",83,83,0
"Gm9661",1181,1181,0
"Gm3379",743,743,0
"Gm34554",25578,393,25185
"Gm34667",46523,2820,43703
"LOC105245072",11976,1063,10913
"Gm34719",41633,1457,40176
"3110009F21Rik",6420,1621,4799
"Gm34785",5689,4566,1123
"LOC105245073",7126,2002,5124
"Gm34895",4733,438,4295
"LOC105245074",14441,8320,6121
"Dio3os",2685,1280,1405
"Mir1247",82,82,0
"Dio3",1868,1868,0
"Gm6988",497,497,0
"Gm9063",6148,896,5252
"LOC105245075",12394,371,12023
"Ppp2r5c",135897,5680,130217
"LOC102638940",27166,8968,18198
"B930059L03Rik",1306,1306,0
"Gm35558",4650,4262,388
"Dync1h1",65550,14398,51152
"1700001K19Rik",14964,1571,13393
"Hsp90aa1",5360,2850,2510
"Wdr20",67053,5699,61354
"Mok",33160,3941,29219
"4921507G05Rik",2091,968,1123
"Zfp839",19749,4085,15664
"Mpc1-ps",885,885,0
"Cinp",16563,2829,13734
"Tecpr2",83136,8705,74431
"Rps19-ps6",493,493,0
"LOC105245443",1947,1768,179
"Ankrd9",3669,2683,986
"6030440G07Rik",19475,1093,18382
"Gm35846",5849,1876,3973
"Rcor1",77666,6799,70867
"4930595D18Rik",25352,1528,23824
"Traf3",100786,7539,93247
"Amn",5316,1685,3631
"A230087F16Rik",9161,2257,6904
"Cdc42bpb",84747,6769,77978
"A230065H16Rik",10031,1071,8960
"Exoc3l4",14251,5366,8885
"Tnfaip2",12573,4300,8273
"Gm36292",29356,3011,26345
"Gm266",1215,1215,0
"LOC105242436",5879,3672,2207
"LOC105245076",4390,3283,1107
"Eif5",8653,3966,4687
"Snora28",122,122,0
"2810029C07Rik",2086,1954,132
"Mark3",81718,3593,78125
"Ckb",2984,1478,1506
"Trmt61a",5798,2433,3365
"Gm36635",3113,1976,1137
"Bag5",3769,2580,1189
"Apopt1",41787,1636,40151
"Klc1",48996,5296,43700
"Xrcc3",10650,2652,7998
"Zfyve21",14219,1454,12765
"Ppp1r13b",79685,4771,74914
"Gm19195",511,511,0
"LOC105245444",3310,388,2922
"Gm3565",587,587,0
"5033406O09Rik",2492,1729,763
"Gm36757",8190,4162,4028
"2010107E04Rik",5603,686,4917
"Tdrd9",97381,5195,92186
"Rd3l",1938,1158,780
"Aspg",20891,4099,16792
"Mir3073a",85,85,0
"Mir3073b",60,60,0
"Mir203",76,76,0
"Kif26a",37780,7281,30499
"LOC102640838",13124,2120,11004
"Gm36894",67452,2763,64689
"Gm29890",16976,11944,5032
"E330035G20Rik",15123,4432,10691
"A730018C14Rik",12176,1752,10424
"B020018J22Rik",7055,3223,3832
"A530016L24Rik",10535,3043,7492
"Tmem179",10977,2373,8604
"LOC105245085",1330,991,339
"Inf2",26812,4742,22070
"Gm30048",5040,3390,1650
"Adssl1",21309,1791,19518
"Gm30101",2543,776,1767
"Siva1",4325,782,3543
"Akt1",20982,3005,17977
"Mir6939",75,75,0
"Gm30150",1522,1063,459
"Zbtb42",4144,3714,430
"Gm30238",4458,4335,123
"Gm30298",12395,8551,3844
"Cep170b",26002,7992,18010
"Mir6940",70,70,0
"Gm5189",529,529,0
"Pld4",8334,2546,5788
"Ahnak2",29755,13399,16356
"BC022687",7271,1915,5356
"LOC105245090",1477,672,805
"Cdca4",9288,2552,6736
"Gpr132",17546,2746,14800
"Gm30461",7668,4936,2732
"LOC102632292",4315,2431,1884
"LOC105245091",6203,2818,3385
"Jag2",21962,5198,16764
"Mir6941",59,59,0
"Nudt14",7441,848,6593
"Gm26583",5207,4741,466
"Brf1",45077,9615,35462
"Btbd6",4496,4178,318
"Pacs2",59895,5675,54220
"Tex22",14449,1339,13110
"Mta1",38929,2920,36009
"LOC102641016",3099,2686,413
"Crip2",5271,1539,3732
"Gm30599",2274,1885,389
"Crip1",1868,447,1421
"4930427A07Rik",9038,3355,5683
"Tmem121",3621,1621,2000
"Igha",4033,1034,2999
"Igh",2751187,2751187,0
"Ighe",3986,1480,2506
"Ighg2c",1544,1007,537
"Ighg2b",3620,1007,2613
"Ighg1",3980,1478,2502
"Ighg3",3791,1201,2590
"Gm9134",2110,2110,0
"Gm9136",443,443,0
"Gm5190",507,507,0
"Ighd",8790,1008,7782
"Ighm",3905,1491,2414
"Ighj4",54,54,0
"Ighj3",48,48,0
"Ighj2",48,48,0
"Ighj1",53,53,0
"Ighd4-1",11,11,0
"Ighd3-2",16,16,0
"Ighd5-6",10,10,0
"Ighd2-8",17,17,0
"Ighd5-5",10,10,0
"Ighd2-7",17,17,0
"Ighd5-8",29,29,0
"Ighd5-4",10,10,0
"Ighd2-6",17,17,0
"Ighd5-7",29,29,0
"Ighd5-3",10,10,0
"Ighd2-5",17,17,0
"Ighd5-2",10,10,0
"Ighd2-4",17,17,0
"Ighd6-2",29,29,0
"Ighd2-3",17,17,0
"Ighd6-1",29,29,0
"Ighd1-1",23,23,0
"Adam6b",2271,2271,0
"Ighd3-1",17,17,0
"Ighd5-1",10,10,0
"Adam6a",2507,2507,0
"Ighv5-1",294,294,0
"Ighv2-1",294,294,0
"Ighv5-2",487,353,134
"Ighv2-2",434,350,84
"Ighv5-3",277,277,0
"Ighv5-4",294,294,0
"Ighv6-1",469,351,118
"Ighv2-3",293,293,0
"Ighv5-5",478,353,125
"Ighv5-6",294,294,0
"Gm9517",1072,1072,0
"Ighv5-7",296,296,0
"Ighv2-4",293,293,0
"Ighv5-8",279,279,0
"Ighv5-9",458,351,107
"Ighv5-10",296,296,0
"Ighv2-5",293,293,0
"Ighv5-11",277,277,0
"Ighv5-12",294,294,0
"Ighv2-6",291,291,0
"Ighv5-9-1",294,294,0
"Ighv5-12-4",294,294,0
"Ighv2-9-1",286,286,0
"Ighv5-13",296,296,0
"Ighv2-6-8",293,293,0
"Gm7003",203,203,0
"Ighv2-7",434,350,84
"Rpl26-ps3",481,481,0
"Ighv5-15",294,294,0
"Ighv5-16",294,294,0
"Ighv5-17",294,294,0
"Ighv5-18",468,350,118
"Ighv2-8",299,299,0
"Ighv2-9",292,292,0
"Ighv5-19",582,339,243
"Ighv7-1",539,363,176
"Ighv7-2",459,357,102
"Ighv14-1",294,294,0
"Ighv4-1",294,294,0
"Ighv3-1",294,294,0
"Ighv11-1",296,296,0
"Ighv14-2",430,340,90
"Ighv4-2",296,296,0
"Ighv3-2",295,295,0
"Ighv11-2",464,353,111
"Ighv14-3",429,351,78
"Ighv16-1",299,299,0
"Ighv6-2",295,295,0
"Ighv9-1",294,294,0
"Ighv12-1",305,305,0
"Ighv9-2",430,351,79
"Ighv12-2",452,361,91
"Ighv9-3",431,351,80
"Ighv7-3",465,361,104
"Ighv15-1",291,291,0
"Ighv14-4",430,351,79
"Ighv3-3",437,350,87
"Ighv7-4",467,363,104
"Ighv3-4",299,299,0
"Ighv3-5",299,299,0
"Gm18551",932,932,0
"Ighv13-1",300,300,0
"Ighv3-6",296,296,0
"Ighv9-4",294,294,0
"Ighv3-7",294,294,0
"Ighv5-21",295,295,0
"Ighv3-8",291,291,0
"Ighv8-1",291,291,0
"Ighv1-1",291,291,0
"Ighv13-2",300,300,0
"Ighv12-3",294,294,0
"Gm30833",24932,1278,23654
"Ighv6-3",299,299,0
"Ighv6-4",300,300,0
"Ighv6-5",300,300,0
"Ighv6-6",300,300,0
"Ighv6-7",300,300,0
"Ighv8-2",300,300,0
"Ighv1-2",297,297,0
"Mir7094-1",60,60,0
"Ighv10-1",445,357,88
"Ighv1-3",302,302,0
"Ighv1-4",294,294,0
"Ighv10-2",298,298,0
"Ighv1-5",294,294,0
"Mir7094-2",60,60,0
"Ighv10-3",447,359,88
"Ighv1-6",293,293,0
"Ighv1-7",294,294,0
"Ighv10-4",299,299,0
"Ighv1-8",293,293,0
"Ighv15-2",297,297,0
"Ighv1-9",294,294,0
"Ighv1-10",298,298,0
"Ighv1-11",293,293,0
"Ighv1-12",294,294,0
"Ighv1-13",294,294,0
"Ighv1-14",294,294,0
"Ighv1-15",294,294,0
"Ighv1-16",294,294,0
"Ighv1-17-1",295,295,0
"Ighv1-17",294,294,0
"Ighv1-18",294,294,0
"Ighv1-19-1",294,294,0
"Ighv1-19",294,294,0
"Ighv1-20",294,294,0
"Ighv1-21-1",294,294,0
"Ighv1-21",458,458,0
"Ighv1-22",294,294,0
"Ighv1-23",294,294,0
"LOC105245445",14788,327,14461
"Ighv1-24",294,294,0
"Ighv1-25",294,294,0
"Ighv1-26",294,294,0
"Ighv1-27",294,294,0
"Gm34465",2932,182,2750
"Ighv1-28",294,294,0
"Ighv1-29",285,285,0
"Ighv1-30",292,292,0
"Ighv1-31",294,294,0
"Ighv1-32",294,294,0
"Ighv1-33",391,309,82
"Ighv1-34",294,294,0
"Ighv1-35",296,296,0
"Ighv1-36",294,294,0
"Ighv1-37",294,294,0
"Ighv1-38",293,293,0
"Ighv1-39",294,294,0
"Ighv1-40",293,293,0
"Ighv1-41",294,294,0
"Ighv1-42",391,310,81
"Ighv1-43",294,294,0
"Ighv1-44",295,295,0
"Ighv1-45",294,294,0
"Ighv1-46",294,294,0
"Ighv1-47",294,294,0
"Ighv8-3",295,295,0
"Ighv8-4",293,293,0
"Ighv1-48",294,294,0
"Ighv1-49",294,294,0
"Ighv8-5",301,301,0
"Ighv1-50",294,294,0
"Ighv1-51",294,294,0
"Ighv1-52",294,294,0
"Ighv1-53",391,309,82
"Ighv8-6",301,301,0
"Gm9227",382,382,0
"Ighv1-54",294,294,0
"Ighv1-55",391,309,82
"Gm7142",529,529,0
"Ighv1-56",294,294,0
"Gm7019",371,371,0
"Ighv8-7",294,294,0
"Gm30948",25292,4894,20398
"Ighv1-57",292,292,0
"Ighv8-8",297,297,0
"Ighv1-58",432,349,83
"Ighv1-59",457,457,0
"Ighv1-60",294,294,0
"Ighv1-61",294,294,0
"Ighv1-62",293,293,0
"Ighv1-62-1",282,282,0
"Gm30996",20638,3003,17635
"Ighv1-62-2",294,294,0
"Ighv1-62-3",433,351,82
"Ighv8-9",302,302,0
"Gm9236",385,385,0
"Ighv1-63",434,351,83
"Ighv1-64",391,309,82
"Ighv8-10",301,301,0
"Gm18340",609,609,0
"Ighv1-65",293,293,0
"Gm9238",389,389,0
"Ighv8-11",301,301,0
"Rpl7a-ps2",728,728,0
"Ighv1-66",294,294,0
"Ighv1-67",294,294,0
"Ighv1-68",294,294,0
"Gm5660",669,669,0
"Gm9245",679,679,0
"Ighv1-69",393,309,84
"Ighv8-12",301,301,0
"Gm6105",525,525,0
"Ighv1-70",294,294,0
"Mir6388",75,75,0
"LOC105245446",11338,455,10883
"Ighv1-71",302,302,0
"Ighv1-72",294,294,0
"Ighv8-13",301,301,0
"Gm9251",1886,1886,0
"Ighv1-73",295,295,0
"Ighv1-74",391,309,82
"Ighv8-14",301,301,0
"Gm18341",622,622,0
"LOC105245447",814,814,0
"Ighv1-75",294,294,0
"Ighv8-15",294,294,0
"Ighv1-76",294,294,0
"Ighv8-16",294,294,0
"Ighv1-77",294,294,0
"Ighv1-78",294,294,0
"Gm5034",699,699,0
"Ighv1-79",294,294,0
"Gm9256",3703,3703,0
"Ighv1-80",294,294,0
"Ighv1-81",294,294,0
"Olfr241-ps1",759,759,0
"Ighv1-82",294,294,0
"Ighv1-83",293,293,0
"Ighv1-84",433,351,82
"Gm9260",1384,1384,0
"Ighv1-85",294,294,0
"Ighv1-86",296,296,0
"Zfp386",15503,5028,10475
"Vipr2",81879,4197,77682
"Gm20658",38109,5670,32439
"Wdr60",56787,5074,51713
"Gm34556",4909,687,4222
"Esyt2",111256,11354,99902
"D430020J02Rik",3215,2892,323
"Ncapg2",58176,6890,51286
"Rnu7-ps1",64,64,0
"Ptprn2",792476,4716,787760
"Gm6750",427,427,0
"Gm17807",438,438,0
"Gm10421",6747,842,5905
"Gm5441",102492,449,102043
"Mir153",69,69,0
"LOC105243774",2434,1877,557
"LOC105243775",12204,813,11391
"Gm31482",38830,1182,37648
"Rapgef5",243259,7123,236136
"Gm18955",595,595,0
"Cdca7l",35238,4448,30790
"Dnah11",321062,14960,306102
"Sp4",69755,9017,60738
"LOC105243776",148810,2997,145813
"D230030E09Rik",11897,884,11013
"Gm9267",429,429,0
"Gm31626",2321,401,1920
"Gm18441",830,830,0
"Gm29689",790,653,137
"Gm6171",845,845,0
"Sp8",6739,6470,269
"Abcb5",98936,4278,94658
"Gm18921",680,680,0
"Itgb8",80091,7713,72378
"Gm6768",3343,3343,0
"LOC105243777",1381,265,1116
"Macc1",140650,4782,135868
"Gm18032",535,535,0
"Gm9279",2207,2207,0
"Gm9280",531,531,0
"Tmem196",75560,4075,71485
"Gm8598",838,838,0
"Gm17177",36886,36886,0
"Gm18783",1151,1151,0
"Gm4900",1882,1882,0
"Speer6-ps1",40204,979,39225
"LOC105245151",20137,785,19352
"LOC105245156",14045,1409,12636
"Gm35043",91008,715,90293
"LOC105245162",5527,1777,3750
"Gm9616",876,876,0
"Gm8616",1039,1039,0
"Gm16505",6878,5268,1610
"Gm19163",780,780,0
"2810429I04Rik",14096,585,13511
"1700024F13Rik",3344,669,2675
"LOC105245163",4877,471,4406
"Gdi2",28187,2681,25506
"Fam208b",45197,10274,34923
"Gm20277",927,747,180
"Asb13",17768,2527,15241
"Gm35190",57699,903,56796
"Calml3",1426,1426,0
"LOC105245164",10485,282,10203
"Calm4",915,915,0
"Calm5",589,549,40
"Net1",36203,4284,31919
"Tubal3",10643,3156,7487
"Ucn3",4662,1478,3184
"Gm18857",3357,3357,0
"Akr1c14",41562,3067,38495
"Akr1c18",18037,1204,16833
"Gm2123",2335,2335,0
"Akr1c13",14421,1377,13044
"Akr1c19",14858,3775,11083
"Marcksl1-ps4",1043,1043,0
"LOC105245165",957,699,258
"Akr1c12",11228,1231,9997
"LOC102638797",26710,692,26018
"Akr1c6",23220,1391,21829
"Akr1c20",36383,1745,34638
"LOC105245166",10371,546,9825
"Akr1c21",12469,1209,11260
"Akr1e1",16675,1771,14904
"Rpl29-ps2",647,647,0
"LOC105245168",19759,380,19379
"LOC105245169",7233,597,6636
"LOC105245170",15006,255,14751
"LOC105245171",5212,234,4978
"Gm35330",33790,470,33320
"Gm35413",374,281,93
"Gm35464",4357,2541,1816
"1700016G22Rik",2584,593,1991
"Klf6",8905,4217,4688
"Gm35615",8873,403,8470
"Gm35671",12492,154,12338
"Pitrm1",32034,3720,28314
"Pfkp",68916,11188,57728
"Gm35730",17030,4226,12804
"Gm10029",438,438,0
"LOC105245172",80544,368,80176
"Gm35925",23285,2531,20754
"LOC105245173",14575,289,14286
"Gm8725",1442,1442,0
"Gm6437",1092,1092,0
"Gm36074",30094,448,29646
"Gm36136",2914,598,2316
"Gm9742",1851,1851,0
"Gm5191",2805,2805,0
"Adarb2",566445,7899,558546
"Gm10357",4442,927,3515
"Wdr37",68939,8592,60347
"Idi1",6791,2867,3924
"Rpl10a-ps2",688,688,0
"Gm9745",7245,7245,0
"Idi2",8073,2243,5830
"Gtpbp4",23549,2579,20970
"Gm36264",74384,989,73395
"Gm8782",814,814,0
"Larp4b",80593,10581,70012
"Gm8784",25504,1812,23692
"LOC105245174",6542,2050,4492
"Dip2c",392426,8228,384198
"Gm19191",1599,1599,0
"Gm36730",5493,5283,210
"Gm36423",13325,6432,6893
"Zmynd11",81179,5612,75567
"LOC105245175",5377,464,4913
"Chrm3",485316,4293,481023
"Gm36525",18536,974,17562
"LOC105245176",2338,277,2061
"Zp4-ps",3631,832,2799
"Ryr2",553847,16961,536886
"Gm16419",641,641,0
"Gm10336",3772,3772,0
"Mtr",75476,8386,67090
"Actn2",71307,2991,68316
"Gm30026",1120,423,697
"LOC105245177",12993,1576,11417
"Gm5445",483,483,0
"Heatr1",43519,6776,36743
"LOC102631952",1043,1043,0
"Lgals8",25575,3101,22474
"Edaradd",49496,8357,41139
"Gm30239",22829,1035,21794
"Ero1lb",43722,5441,38281
"Gpr137b-ps",36331,2941,33390
"LOC105245453",121477,4767,116710
"LOC102632678",1184,1184,0
"Prl2c3",9278,999,8279
"Gm18262",1946,1946,0
"Gm2544",7656,1350,6306
"Gm18878",1499,1499,0
"LOC105245452",6484,1268,5216
"Prl2c2",9211,973,8238
"LOC105245451",3118,773,2345
"Gm18263",1928,1928,0
"Gm32300",2607,512,2095
"Gm18879",1537,1537,0
"Gm9628",7125,880,6245
"Gm18259",2015,2015,0
"Prl2c5",9228,997,8231
"Gm18880",1541,1541,0
"Gm2423",1471,1471,0
"Gm5374",663,663,0
"Gm7040",1703,501,1202
"Gm18562",17523,17523,0
"Gpr137b",36617,3838,32779
"Gm7426",18790,18790,0
"Nid1",74674,6046,68628
"Gm30836",10108,6409,3699
"Lyst",188465,13766,174699
"Gng4",43837,3249,40588
"Gm7441",2674,1577,1097
"Gm7446",1240,1240,0
"Gm7046",14602,14602,0
"B3galnt2",44625,3911,40714
"Gm18856",1386,1386,0
"Tbce",41690,2221,39469
"Ggps1",13942,6609,7333
"Arid4b",135836,6841,128995
"Gm2492",1394,1394,0
"Hecw1",296843,12796,284047
"Gm30893",1906,1276,630
"Gm18858",986,986,0
"Gm32526",823,746,77
"Mrpl32",2737,768,1969
"Psma2",12432,946,11486
"AW209491",7958,2023,5935
"Gm19189",645,645,0
"Gm31066",22792,320,22472
"Gm9512",5374,741,4633
"Gm20043",37477,2565,34912
"LOC105245355",10159,522,9637
"Gli3",266792,8907,257885
"4933412O06Rik",20967,1123,19844
"A530046M15Rik",20295,1538,18757
"LOC100503142",718,718,0
"Gm31450",15150,948,14202
"Inhba",19979,7143,12836
"Gm6562",480,480,0
"Gm31711",109789,1982,107807
"Gm7537",1649,1649,0
"Sugct",837322,2300,835022
"Gm17890",800,800,0
"LOC105245356",3087,2231,856
"Mplkip",3693,2672,1021
"Cdk13",89371,7464,81907
"Mir466i",121,121,0
"Gm18859",853,853,0
"Rala",63643,2662,60981
"Gm18362",504,504,0
"Gm32699",5216,3083,2133
"Gm5628",1206,1206,0
"Yae1d1",6712,3436,3276
"Vdac3-ps1",1313,1313,0
"Gm6575",857,857,0
"4930448F12Rik",15256,859,14397
"Pou6f2",257085,2116,254969
"Gm31832",3214,2906,308
"Vps41",149520,6370,143150
"Amph",205892,6554,199338
"Gm18065",602,602,0
"Gm31887",48938,1840,47098
"Tcrg",178435,178435,0
"Tcrg-V7",451,350,101
"Tcrg-V4",526,419,107
"Tcrg-V6",562,406,156
"Tcrg-V5",448,341,107
"Trgj1",60,60,0
"Tcrg-C1",2516,518,1998
"Tcrg-V3",457,353,104
"Trgj3",60,60,0
"Tcrg-C3",2513,627,1886
"Tcrg-C2",2492,503,1989
"Trgj2",60,60,0
"Trgv2",454,454,0
"Tcrg-V1",439,347,92
"Trgj4",61,61,0
"Tcrg-C4",7786,571,7215
"Stard3nl",38134,1732,36402
"LOC105245357",21698,979,20719
"Gm18131",519,519,0
"9330199G10Rik",41545,3468,38077
"Gm18363",731,731,0
"Epdr1",28245,2740,25505
"Sfrp4",9651,1760,7891
"Nme8",52700,2324,50376
"A530099J19Rik",5539,2777,2762
"Gpr141",74658,3720,70938
"Gm19154",877,877,0
"Gm5446",2164,1991,173
"Elmo1",518114,6576,511538
"Gm32036",8335,2655,5680
"LOC105245425",662,662,0
"Gm7614",371,371,0
"Aoah",242515,4111,238404
"Gm32242",73794,963,72831
"Olfr1370",951,951,0
"Olfr1369-ps1",1108,1108,0
"Olfr263",954,954,0
"Olfr1368",945,945,0
"Gm32298",4438,306,4132
"Trim27",15284,4415,10869
"Gm32420",8769,1672,7097
"Gm32525",20642,1548,19094
"Gpx5",6301,1672,4629
"Gpx6",24258,1949,22309
"Gm11270",589,589,0
"Olfr1367",951,951,0
"Zscan12",9483,4916,4567
"Zkscan3",15752,3403,12349
"Mir6942",61,61,0
"Pgbd1",20017,3818,16199
"LOC105245359",1393,1259,134
"Zscan26",11588,4750,6838
"Mir1896",81,81,0
"Nkapl",1455,1455,0
"LOC105245360",1174,795,379
"Zkscan4",6659,2458,4201
"AK157302",1915,1915,0
"Gm11273",518,518,0
"Zfp389",2209,934,1275
"Gm32669",4563,3401,1162
"Zkscan8",17894,8900,8994
"Olfr1366",1054,1054,0
"Gm32724",8074,648,7426
"Olfr1535",981,981,0
"Olfr1364",7932,1030,6902
"Olfr1362",985,985,0
"Olfr11",942,942,0
"Olfr1361",6156,974,5182
"Olfr1360",980,980,0
"Olfr1359",942,942,0
"Hist1h2bl",431,431,0
"Hist1h2ai",448,448,0
"Hist1h3h",488,488,0
"Hist1h2aj",360,360,0
"Hist1h2bm",483,483,0
"Hist1h4j",312,312,0
"Hist1h4k",409,409,0
"Hist1h2ak",536,536,0
"Hist1h2bn",431,431,0
"Hist1h1b",794,794,0
"Hist1h3i",483,483,0
"Hist1h2an",447,447,0
"Hist1h2bp",14082,673,13409
"Gm32809",5250,4794,456
"Hist1h2bq",3788,2121,1667
"Hist1h2ao",552,552,0
"Hist1h4m",405,405,0
"Hist1h4n",366,366,0
"Hist1h2ap",452,452,0
"Hist1h2br",3788,2121,1667
"Gm32852",5232,4776,456
"LOC105245361",8001,474,7527
"LOC102635439",2792,1063,1729
"LOC105245362",11981,3063,8918
"Mir1983",132,132,0
"Gm11279",934,934,0
"LOC105245363",1230,327,903
"Gm11278",701,585,116
"Zfp184",15556,3117,12439
"Gm11281",540,540,0
"Gm11282",1101,1101,0
"Pom121l2",7554,4975,2579
"Prss16",7566,2152,5414
"Hist1h2ah",522,522,0
"Hist1h2bk",500,500,0
"Hist1h4i",403,403,0
"Hist1h2ag",472,472,0
"Hist1h2bj",429,429,0
"Vmn1r-ps92",745,745,0
"Vmn1r-ps93",552,552,0
"Gm11285",335,335,0
"Vmn1r188",927,927,0
"Vmn1r-ps94",436,436,0
"Vmn1r189",939,939,0
"Vmn1r-ps95",899,899,0
"Vmn1r-ps96",340,340,0
"Vmn1r-ps97",602,602,0
"Vmn1r190-ps",1085,1085,0
"Vmn1r-ps98",366,366,0
"Gm11284",1841,1841,0
"Vmn1r-ps99",901,901,0
"Vmn1r191",897,897,0
"Vmn1r192",903,903,0
"Vmn1r193",960,960,0
"Vmn1r194",891,891,0
"Vmn1r195",1088,1088,0
"Gm11295",664,556,108
"Vmn1r196",906,906,0
"Vmn1r-ps100",853,853,0
"Vmn1r197",4197,1077,3120
"Vmn1r198",4694,951,3743
"Vmn1r-ps101",262,262,0
"Vmn1r199",1104,1104,0
"Vmn1r-ps102",1100,1100,0
"Vmn1r200",939,939,0
"Vmn1r-ps103",972,972,0
"Vmn1r-ps104",719,719,0
"Gm11298",3559,3559,0
"Vmn1r201",903,903,0
"Vmn1r-ps106",1765,1765,0
"Vmn1r-ps107",581,581,0
"Vmn1r-ps108",354,354,0
"Vmn1r202",909,909,0
"Vmn1r203",936,936,0
"Vmn1r204",909,909,0
"Vmn1r205",951,951,0
"Vmn1r206",13030,2930,10100
"Vmn1r-ps109",745,745,0
"Vmn1r-ps110",1094,1094,0
"Gm11307",1264,892,372
"Vmn1r-ps111",925,925,0
"Vmn1r207-ps",939,939,0
"Vmn1r-ps112",924,924,0
"Vmn1r-ps113",1106,1106,0
"Vmn1r208",927,927,0
"Vmn1r209",939,939,0
"Vmn1r210",921,921,0
"Vmn1r-ps114",1064,1064,0
"Vmn1r211",2903,921,1982
"Vmn1r-ps115",167,167,0
"Vmn1r-ps116",204,204,0
"Vmn1r212",1074,1074,0
"Vmn1r-ps117",320,320,0
"Gm11320",493,493,0
"Gm11321",902,902,0
"Vmn1r-ps120",320,320,0
"Gm11322",493,493,0
"Gm11318",902,902,0
"Vmn1r-ps123",595,595,0
"Vmn1r213",1155,1155,0
"Vmn1r-ps124",157,157,0
"Vmn1r-ps125",296,296,0
"Vmn1r214",4865,1152,3713
"Gm19153",582,582,0
"Vmn1r-ps126",908,908,0
"Vmn1r215",903,903,0
"Vmn1r216",897,897,0
"Vmn1r-ps127",443,443,0
"Vmn1r217",897,897,0
"Vmn1r-ps128",1755,1755,0
"Vmn1r218",897,897,0
"Vmn1r-ps129",519,519,0
"Vmn1r219",939,939,0
"Vmn1r-ps130",443,443,0
"Vmn1r220",4240,1030,3210
"Vmn1r-ps131",340,340,0
"Vmn1r-ps132",896,896,0
"Vmn1r221",939,939,0
"Vmn1r-ps133",445,445,0
"Vmn1r222",927,927,0
"Vmn1r-ps134",392,392,0
"Vmn1r223",1086,1086,0
"Gm33094",7923,1069,6854
"Vmn1r-ps135",622,622,0
"4930557F10Rik",37204,637,36567
"4933404K08Rik",3918,1434,2484
"LOC105245364",2424,1414,1010
"4930586N03Rik",55667,1118,54549
"Zfp322a",16106,5197,10909
"LOC105245365",415,415,0
"Abt1",5506,4456,1050
"C230035I16Rik",3042,617,2425
"LOC105245366",1374,542,832
"Btn1a1",8931,3470,5461
"Btn2a2",11810,3497,8313
"Gm11335",3944,1094,2850
"Hist1h4h",435,435,0
"Hist1h2af",468,468,0
"Hist1h3g",492,492,0
"Hist1h2bh",522,522,0
"Hist1h3f",903,903,0
"Hist1h4f",358,358,0
"Hist1h1d",776,776,0
"Hist1h3e",470,470,0
"Hist1h2ae",558,558,0
"Hist1h2bg",464,464,0
"Hist1h2bf",431,431,0
"Hist1h2ad",535,535,0
"Hist1h3d",504,504,0
"Hist1h4d",368,368,0
"Hist1h2be",37455,2510,34945
"Gm33387",15054,2484,12570
"Hist1h1e",782,782,0
"Hist1h2ac",487,487,0
"Hist1h2bc",8282,774,7508
"Hist1h1t",735,735,0
"Hist1h4c",375,375,0
"Hfe",7423,2203,5220
"Gm11338",1377,1377,0
"Hist1h1c",725,725,0
"Hist1h3c",480,480,0
"Gm11336",449,321,128
"Hist1h2bb",490,490,0
"Hist1h2ab",505,505,0
"Hist1h3b",461,461,0
"Hist1h4b",450,450,0
"Hist1h4a",455,455,0
"Hist1h3a",502,502,0
"Hist1h1a",745,745,0
"Trim38",13232,2273,10959
"LOC105245367",10239,742,9497
"Slc17a2",18251,5274,12977
"Slc17a3",23801,6352,17449
"Slc17a1",28008,3174,24834
"Slc17a4",17131,2495,14636
"Snrp1c-ps2",378,378,0
"Gm33516",15996,1102,14894
"Hist1h2ba",432,432,0
"Hist1h2aa",452,452,0
"Scgn",37882,2405,35477
"Lrrc16a",268310,5659,262651
"Gm33573",10988,7918,3070
"Gm11343",621,621,0
"Gm11342",15212,3153,12059
"Cmah",150310,14101,136209
"Gm11345",9222,1021,8201
"Fam65b",232273,8079,224194
"Gm11346",6644,1116,5528
"1700016G14Rik",12718,1940,10778
"Gmnn",10093,1108,8985
"BC005537",11243,2551,8692
"Acot13",13617,768,12849
"Tdp2",10507,1989,8518
"D130043K22Rik",58230,7147,51083
"4932702P03Rik",6181,690,5491
"Aldh5a1",30083,5647,24436
"9330162012Rik",1649,1468,181
"Gpld1",48785,4791,43994
"Gm34019",3197,1050,2147
"Mrs2",32876,7014,25862
"Dcdc2a",190272,8369,181903
"Nrsn1",18032,2438,15594
"Gm34122",11210,622,10588
"Tpi-rs8",860,860,0
"Gm11349",1347,1347,0
"Gm11350",605,605,0
"Gm11351",45284,583,44701
"Gm11352",639,639,0
"1700092E19Rik",29248,1641,27607
"Gm11353",718,718,0
"Hdgfl1",1994,1994,0
"Prl",7635,895,6740
"Prl3d1",6072,878,5194
"Prl3d2",5923,921,5002
"Prl3d3",5824,879,4945
"Prl3c1",7090,929,6161
"Prl3b1",7311,936,6375
"Prl3a1",17172,1282,15890
"Prl6a1",6626,868,5758
"Gm11357",757,757,0
"Prl8a2",8544,939,7605
"Prl2b1",7502,864,6638
"LOC105245370",37334,1941,35393
"Prl8a6",6008,1125,4883
"Prl8a8",6197,950,5247
"Prl8a9",6616,946,5670
"Prl8a1",8250,1128,7122
"Prl7b1",8771,932,7839
"Prl7a1",9130,959,8171
"Prl7a2",9469,1293,8176
"Gm11359",7670,7670,0
"Prl7d1",7751,1008,6743
"Prl7c1",7349,1055,6294
"Prl2a1",7062,870,6192
"Prl2c1",8465,870,7595
"Gm8045",994,994,0
"Gm34165",2201,2201,0
"Gm11360",264,264,0
"Gm18881",1550,1550,0
"Prl4a1",7324,852,6472
"Gm34243",22008,825,21183
"Prl5a1",9112,1045,8067
"Gm11361",524,524,0
"Gm34385",2223,640,1583
"Gm3821",7635,704,6931
"LOC105245375",23551,10533,13018
"2610307P16Rik",425389,2716,422673
"Gm6081",647,647,0
"Mir6368",93,93,0
"LOC105245385",1048,995,53
"LOC105245378",10331,5043,5288
"Gm34639",9118,3105,6013
"Gm34697",3997,624,3373
"LOC105245394",4035,319,3716
"Sox4",2967,2967,0
"Gm34747",49630,1020,48610
"A330102I10Rik",25923,1419,24504
"Cdkal1",663934,9063,654871
"Gm34899",1124,1017,107
"E2f3",80569,6481,74088
"LOC105245398",32072,571,31501
"Mboat1",110246,3273,106973
"LOC105245408",11681,1315,10366
"Gm11366",466,466,0
"LOC105245401",4825,2184,2641
"Agtr1a",46512,2438,44074
"Uqcrfs1",5005,1313,3692
"Gm35109",3193,802,2391
"4930519D14Rik",9216,1136,8080
"Gm35158",7116,2038,5078
"Dusp22",51174,3150,48024
"Irf4",17775,4788,12987
"Exoc2",184758,4970,179788
"Hus1b",1186,1186,0
"Gm35302",3507,776,2731
"4930401O12Rik",27677,841,26836
"G630018N14Rik",85277,8899,76378
"Foxq1",2807,2807,0
"LOC105245413",3275,2225,1050
"1700018A04Rik",17022,714,16308
"Foxf2",5591,2366,3225
"Foxc1",3990,3990,0
"Gmds",519143,1694,517449
"Gm35732",32258,15934,16324
"LOC105245415",80508,8307,72201
"Gm35847",3252,1272,1980
"LOC105245418",27924,736,27188
"Mylk4",105945,7296,98649
"Wrnip1",20581,2642,17939
"Serpinb1a",9094,2071,7023
"Serpinb1-ps1",3231,3231,0
"Gm35899",5860,2869,2991
"Serpinb1c",16744,2404,14340
"Gm18311",1274,1274,0
"Serpinb6b",22259,2463,19796
"Serpinb9",20895,5371,15524
"Gm36181",5528,1587,3941
"Serpinb9b",13146,1930,11216
"Gm36099",5103,3542,1561
"Gm18316",1521,1521,0
"Serpinb1b",15877,2265,13612
"Gm11383",804,804,0
"Gm18708",667,667,0
"Serpinb9c",10480,2222,8258
"Serpinb9d",11022,2739,8283
"Serpinb9e",11237,1921,9316
"LOC105245454",9252,733,8519
"Serpinb9f",11294,1912,9382
"LOC105245455",9249,733,8516
"Gm11397",14219,1750,12469
"Gm19155",27679,27679,0
"Serpinb9g",11213,1925,9288
"LOC102635863",18140,709,17431
"Gm11386",323,323,0
"Gm6093",5751,3303,2448
"Gm5194",1478,1478,0
"Serpinb6d",10181,1467,8714
"Gm11392",23862,23862,0
"Gm11394",811,811,0
"Vmn2r-ps94",44619,44619,0
"Serpinb6e",11117,1632,9485
"Serpinb6c",25893,1472,24421
"Serpinb6a",84877,1979,82898
"1110046J04Rik",24150,777,23373
"Nqo2",23811,4194,19617
"LOC105245456",2414,2414,0
"Ripk1",34327,6664,27663
"Bphl",36482,1366,35116
"Tubb2a",3731,1607,2124
"4930447K03Rik",29118,1033,28085
"Tubb2b",3347,1922,1425
"Gm36500",6940,3510,3430
"Gm36549",2593,1162,1431
"Psmg4",15209,554,14655
"Slc22a23",166330,6556,159774
"LOC105245457",1572,1406,166
"Gm36605",3997,1368,2629
"Gm6129",14963,847,14116
"LOC105245458",22625,356,22269
"LOC105245459",6378,6158,220
"LOC105245460",2789,2789,0
"Pxdc1",25294,2479,22815
"Gm15908",13852,1091,12761
"Fam50b",12796,1397,11399
"Gm8231",871,871,0
"Gm36839",1613,1013,600
"Prpf4b",30769,8427,22342
"Fam217a",14400,2775,11625
"4933417A18Rik",31814,1705,30109
"Gm8245",1119,1119,0
"Eci3",17271,1492,15779
"Gm16984",19466,732,18734
"Eci2",49342,1886,47456
"LOC105245461",4833,630,4203
"4930529N20Rik",678,383,295
"1700011B04Rik",6392,648,5744
"1700019C18Rik",1389,410,979
"LOC105245462",13744,923,12821
"Cdyl",214254,4257,209997
"Rpp40",16462,2808,13654
"Gm30127",7478,992,6486
"Ppp1r3g",11590,2583,9007
"Lyrm4",138561,1515,137046
"Gm4024",1298,1298,0
"Gm18132",1297,1297,0
"Fars2",419953,3393,416560
"LOC105245463",19458,19377,81
"Gm8277",555,555,0
"LOC102642800",6908,5704,1204
"Nrn1",8856,1920,6936
"Gm30177",2305,882,1423
"Gm30489",147011,9199,137812
"F13a1",183067,3927,179140
"Gm30240",8759,2625,6134
"Gm30549",1565,514,1051
"Gm18643",3007,3007,0
"Gm30600",9633,990,8643
"LOC105245464",7581,773,6808
"Ly86",73692,997,72695
"Gm4035",13207,528,12679
"LOC105245465",826,719,107
"Gm30863",42914,856,42058
"Gm29590",4179,3811,368
"Gm30918",9328,3153,6175
"LOC105245466",10972,2236,8736
"LOC105245467",9558,1395,8163
"LOC105245468",4195,851,3344
"AI463229",13065,4338,8727
"LOC105245469",17344,227,17117
"Gm31600",6386,859,5527
"Rreb1",173624,16970,156654
"LOC105245470",2150,1744,406
"Gm31655",4810,4008,802
"Ssr1",22803,9334,13469
"Cage1",42624,4069,38555
"Riok1",24445,2904,21541
"LOC105245471",3407,3155,252
"Dsp",47494,9802,37692
"Snrnp48",22753,1831,20922
"LOC105245472",2235,1489,746
"Bmp6",154013,2410,151603
"4930579J19Rik",3499,3316,183
"Txndc5",28559,3163,25396
"Gm31834",4008,3664,344
"LOC105245473",10041,1673,8368
"Bloc1s5",33179,2753,30426
"Eef1e1",13338,1039,12299
"LOC102634259",793,793,0
"Slc35b3",28736,2617,26119
"5033403F01Rik",5787,3792,1995
"Gm32243",30038,1119,28919
"Gm5195",666,666,0
"LOC105245474",19595,454,19141
"A230103O09Rik",39726,1920,37806
"LOC105245475",10346,257,10089
"Ofcc1",359426,2949,356477
"Gm8352",1220,1220,0
"Tfap2a",24437,6233,18204
"Gm26688",7355,1568,5787
"Gm6245",765,765,0
"Gm7201",7885,7885,0
"Gm35160",5694,990,4704
"Gcnt2",101125,9351,91774
"Mir5124a",72,72,0
"Gm31683",18345,3242,15103
"LOC102633880",42276,8586,33690
"Pak1ip1",12024,1753,10271
"Tmem14c",6333,1325,5008
"Mak",54700,3813,50887
"Gm31744",9053,1733,7320
"Gcm2",9609,2984,6625
"LOC105245509",7428,1031,6397
"LOC102638754",19228,1525,17703
"Sycp2l",37007,2455,34552
"Elovl2",38022,4061,33961
"Rps17-ps1",438,438,0
"Gm32063",6038,4994,1044
"Smim13",26734,4483,22251
"Nedd9",177445,4782,172663
"Gm32448",3808,3693,115
"Gm32401",38439,3856,34583
"Gm32184",91869,4574,87295
"Tmem170b",35142,7170,27972
"Gm5082",8104,2619,5485
"Gm32495",7279,1003,6276
"LOC105245476",7067,2165,4902
"Adtrp",84469,3063,81406
"Gm10790",47178,1696,45482
"Gm32555",27168,4115,23053
"Hivep1",133062,9215,123847
"LOC105245477",4085,2623,1462
"Gm32778",12749,2842,9907
"Edn1",6720,2344,4376
"Gm32833",13491,476,13015
"Gm6049",336,336,0
"Phactr1",457956,8081,449875
"LOC105245480",16308,6179,10129
"LOC105245479",1368,1315,53
"LOC105245478",10032,8037,1995
"Tbc1d7",19762,1395,18367
"LOC105245481",20939,3639,17300
"Gfod1",108933,7504,101429
"Sirt5",29765,2991,26774
"Nol7",4483,1811,2672
"Ranbp9",78611,3374,75237
"Gm32878",5253,3290,1963
"LOC102635720",298,298,0
"Gm32939",14973,1581,13392
"Mcur1",21854,5024,16830
"Rnf182",55789,4162,51627
"Gm20751",2248,1270,978
"Cd83",18022,2141,15881
"Gm33115",3675,963,2712
"Gm33195",4555,3428,1127
"Gm2233",3821,1916,1905
"Gm33489",34546,1313,33233
"Gm33630",8004,2142,5862
"Gm5083",4013,1204,2809
"Gm33684",2168,358,1810
"A330076C08Rik",22899,1937,20962
"Gm29676",10032,1094,8938
"Gm33958",36143,362,35781
"1700029N11Rik",17841,565,17276
"Gm34020",3604,2581,1023
"Gm34084",7903,1347,6556
"LOC105245482",3031,307,2724
"Gm34276",34644,818,33826
"LOC105245483",63428,352,63076
"Jarid2",192463,7571,184892
"Dtnbp1",80021,1609,78412
"Gm34409",2777,879,1898
"Hsp25-ps1",815,815,0
"LOC105245484",10934,300,10634
"Gm8513",1223,1223,0
"Gm34466",21152,1291,19861
"LOC105245485",12112,732,11380
"Mylip",22199,2983,19216
"Gmpr",38958,1692,37266
"Gm34582",4714,1881,2833
"Atxn1",415282,14092,401190
"5033430I15Rik",1449,922,527
"Gm34991",48903,4362,44541
"Stmnd1",26395,1363,25032
"Rbm24",12920,3457,9463
"Gm35110",22644,1712,20932
"Cap2",148379,3749,144630
"Gm35159",25971,3840,22131
"C78339",8622,3751,4871
"Nup153",47948,6021,41927
"Kif13a",182214,8664,173550
"E030046B03Rik",9026,924,8102
"Gm5790",1697,1697,0
"Nhlrc1",2294,2294,0
"Tpmt",21352,3691,17661
"Gm18807",641,641,0
"Kdm1b",41809,5285,36524
"Dek",21455,2698,18757
"LOC105245487",15159,4156,11003
"Rnf144b",125272,4694,120578
"A930002C04Rik",4731,2507,2224
"LOC105245486",5019,767,4252
"Gm35733",660,280,380
"LOC105245488",3017,980,2037
"Gm35796",3475,479,2996
"4930471G24Rik",889,738,151
"Gm35928",5361,1148,4213
"Gm35991",8129,1468,6661
"LOC105245489",8764,1163,7601
"LOC105245490",45917,929,44988
"G630093K05Rik",23867,3502,20365
"4931429P17Rik",58279,2012,56267
"Gm36101",15440,8802,6638
"A330033J07Rik",218393,2816,215577
"Gm36346",3745,907,2838
"Gm36183",12709,1179,11530
"LOC105245491",11407,7805,3602
"Id4",2610,1660,950
"A330048O09Rik",1467,667,800
"Gm8588",1807,1807,0
"LOC105245492",6973,953,6020
"LOC105245493",11793,1627,10166
"Zfp169",29387,7867,21520
"Gm36402",11846,946,10900
"A830005F24Rik",1463,959,504
"Mirlet7d",103,103,0
"Mirlet7f-1",89,89,0
"Mirlet7a-1",94,94,0
"Ptpdc1",47804,4911,42893
"Gm36550",2527,2129,398
"Gm36606",10110,1005,9105
"Barx1",3472,1361,2111
"Gm36784",25896,674,25222
"Rpl17-ps6",523,523,0
"Phf2",69136,5260,63876
"LOC102642832",7219,5352,1867
"Fam120a",88662,5023,83639
"Fam120aos",1794,1461,333
"Gm18312",2533,2533,0
"Wnk2",112273,9947,102326
"LOC105245494",1749,413,1336
"LOC105245495",14018,634,13384
"Ninj1",8705,1132,7573
"1110007C09Rik",13118,846,12272
"LOC105245496",7136,2062,5074
"Susd3",17880,1604,16276
"E030007A22Rik",3706,3353,353
"Fgd3",57355,4542,52813
"Bicd2",45478,6723,38755
"Gm29842",1360,1294,66
"Ippk",41838,3344,38494
"Cenpp",188855,2018,186837
"Tes3-ps",2738,2738,0
"Ecm2",27980,3596,24384
"Aspn",23123,2354,20769
"Omd",12859,4747,8112
"Ogn",16430,2540,13890
"Nol8",25939,4827,21112
"Iars",52138,4501,47637
"Gm19334",2341,2262,79
"LOC102638985",1636,1636,0
"Gm30302",5655,3687,1968
"LOC102631805",116720,6411,110309
"Gm7251",1213,1213,0
"Gm8672",6591,4629,1962
"Gm19011",811,811,0
"Gm8674",5626,3601,2025
"Gm10784",1314,1314,0
"LOC105245497",761,363,398
"Gm6554",2077,2077,0
"Gm30520",44587,409,44178
"LOC667541",14423,2014,12409
"Gm8700",3194,3194,0
"4933433N18Rik",18378,911,17467
"Gm19470",3107,3107,0
"Gm19484",3368,1393,1975
"LOC105242434",900,749,151
"LOC102633452",4591,4591,0
"Gm2645",1315,1315,0
"Gm31217",9744,632,9112
"Gm29769",3646,2725,921
"Gm906",14688,6380,8308
"2310081J21Rik",1055,541,514
"Gm31126",21986,5103,16883
"Gm9699",2108,2108,0
"Gm8739",551,551,0
"Gm19536",1089,1089,0
"Gm8742",2515,1943,572
"Fbxw17",15948,2743,13205
"LOC105245498",16358,669,15689
"Nutm2",8049,2548,5501
"Gm7259",851,762,89
"Gm31835",22786,6820,15966
"Mir683-1",109,109,0
"Gm20789",9434,3108,6326
"Gm31712",22798,5004,17794
"Mir683-2",109,109,0
"Gm31890",3932,3932,0
"Gm29777",3046,1078,1968
"Gm904",2611,649,1962
"Gm19663",3117,3117,0
"Gm32038",22433,6405,16028
"Gm23952",3672,3158,514
"Gm8765",6141,4169,1972
"4930518P08Rik",11856,1185,10671
"Gm17761",915,915,0
"Gm35901",1664,1664,0
"Gm2654",2087,2087,0
"LOC105245499",23351,1071,22280
"Gm19009",811,811,0
"Gm8777",4106,3341,765
"1700048B10Rik",20336,1206,19130
"Gm9702",1204,1204,0
"Gm8779",796,796,0
"Gm32613",9933,1109,8824
"9430083A17Rik",2990,2990,0
"Spin1",52729,5711,47018
"Nxnl2",5078,1739,3339
"Hist1h2al",433,433,0
"Gm29787",1467,1467,0
"Gm6056",990,990,0
"Gm32834",40534,722,39812
"S1pr3",14180,4484,9696
"Shc3",136044,1537,134507
"Cks2",5431,694,4737
"Secisbp2",33216,5343,27873
"Sema4d",108226,7299,100927
"Gm19281",2747,2747,0
"Gadd45g",1801,1081,720
"Gm26651",5323,4278,1045
"LOC105245500",969,659,310
"4921525O09Rik",27420,3272,24148
"Gm33041",5104,695,4409
"Gm33116",11205,785,10420
"Diras2",26868,4562,22306
"Gm33168",6441,943,5498
"Gm2848",3346,733,2613
"Syk",66464,6580,59884
"LOC105245501",1598,1451,147
"BB123696",27836,2308,25528
"Gm33315",20821,9448,11373
"Auh",94605,2581,92024
"LOC105245502",12728,642,12086
"Nfil3",15582,4958,10624
"Gm33424",32518,845,31673
"Gm33519",9914,424,9490
"Ror2",176793,3989,172804
"Gm33574",7733,1176,6557
"Gm33631",1077,854,223
"Sptlc1",44670,3532,41138
"Gm2762",61942,2339,59603
"1700058M13Rik",17795,8133,9662
"LOC102641557",3410,3410,0
"Gm33763",16928,4681,12247
"Msx2",5900,2162,3738
"LOC105245503",3623,1877,1746
"Gm33873",23167,3629,19538
"LOC105245504",2530,293,2237
"Gm34022",28109,2866,25243
"Gm5449",462,462,0
"LOC105245505",4742,1324,3418
"9530014B07Rik",3394,838,2556
"4930555G21Rik",1496,537,959
"Gm34278",17919,1236,16683
"Gm34332",1585,383,1202
"Gm34439",39333,1808,37525
"LOC105245506",10808,638,10170
"Gm18974",584,584,0
"E130119H09Rik",3950,1442,2508
"Gm34557",2301,1217,1084
"Drd1",4476,3581,895
"Sfxn1",36523,3442,33081
"Gm18473",866,866,0
"Gm34640",1543,957,586
"Hrh2",44213,7412,36801
"LOC105245508",7639,4852,2787
"LOC105245507",5837,1145,4692
"Gm34843",34602,1019,33583
"Cplx2",12569,4928,7641
"Thoc3",10004,2326,7678
"Gm2830",4300,623,3677
"Simc1",47552,5034,42518
"4833439L19Rik",14165,2766,11399
"Arl10",7766,5285,2481
"Nop16",5884,1734,4150
"Higd2a",917,613,304
"Cltb",18459,1755,16704
"Faf2",42289,4495,37794
"Rn4.5s-ps3",94,94,0
"LOC105245510",4873,1382,3491
"Rnf44",14597,4508,10089
"Cdhr2",35200,4127,31073
"Gprin1",13480,4624,8856
"LOC105245511",5762,2647,3115
"Sncb",7581,1306,6275
"Gm16249",5578,1258,4320
"Eif4e1b",4533,2237,2296
"Tspan17",7545,1730,5815
"LOC105245512",4594,1453,3141
"Gm31188",2450,456,1994
"4930526F13Rik",3006,1233,1773
"Gm31313",15917,7668,8249
"Unc5a",56602,3992,52610
"Hk3",15488,3448,12040
"Uimc1",72430,3383,69047
"Gm6344",622,622,0
"Zfp346",29801,3683,26118
"Fgfr4",15942,3355,12587
"Nsd1",108544,14809,93735
"Rab24",2758,1887,871
"Prelid1",3218,1089,2129
"Mxd3",4603,1458,3145
"Lman2",18951,4315,14636
"Rgs14",14980,2387,12593
"Slc34a1",15074,3146,11928
"Pfn3",545,545,0
"F12",8837,1961,6876
"Grk6",15856,3565,12291
"Mir6943",66,66,0
"Prr7",8889,1360,7529
"Dbn1",14736,3134,11602
"Mir6944",96,96,0
"Pdlim7",15987,3022,12965
"Mir6945",68,68,0
"Dok3",5304,1546,3758
"Ddx41",6249,2205,4044
"Fam193b",31805,4579,27226
"Gm31364",3260,1641,1619
"Tmed9",4563,1454,3109
"B4galt7",10545,2297,8248
"Caml",9412,1387,8025
"Ddx46",46299,7121,39178
"B230219D22Rik",10377,4652,5725
"Txndc15",11578,1527,10051
"Pcbd2",49707,1005,48702
"4930451E10Rik",9051,1049,8002
"Catsper3",40364,2263,38101
"Pitx1",11149,2663,8486
"Gm31542",5494,470,5024
"H2afy",62005,7035,54970
"Gm31485",5857,5536,321
"Gm31657",26945,6008,20937
"Tifab",5317,3632,1685
"4930550C17Rik",5873,425,5448
"Neurog1",1672,1672,0
"Cxcl14",8150,2464,5686
"Gm17878",2010,2010,0
"Gm32003",3088,2134,954
"LOC105245513",8159,5717,2442
"Gm10782",5958,1480,4478
"Gm3045",8421,5194,3227
"Slc25a48",34405,2539,31866
"Il9",2970,536,2434
"Fbxl21",16304,3717,12587
"LOC102642281",891,513,378
"Lect2",19603,2168,17435
"Gm32759",6065,1230,4835
"2010203P06Rik",6198,3055,3143
"Tgfbi",29737,2678,27059
"LOC105245514",1787,1112,675
"Gm32965",7582,1451,6131
"Gm32910",1741,1016,725
"Gm33019",7693,1241,6452
"Smad5",39392,7392,32000
"Trpc7",122877,3859,119018
"LOC105245515",931,593,338
"Gm33140",10063,927,9136
"Gm33197",4004,975,3029
"LOC105245516",904,682,222
"Gm33294",146225,2048,144177
"Spock1",487138,6673,480465
"Gm33240",5939,4125,1814
"LOC105245517",10437,9745,692
"Klhl3",119043,3409,115634
"Mir874",76,76,0
"Gm33389",41452,4184,37268
"Hnrnpa0",2678,2678,0
"LOC105245518",4958,773,4185
"1700066J03Rik",2027,516,1511
"Idnk",7045,1511,5534
"Ubqln1",39498,3686,35812
"Gkap1",41528,2551,38977
"Gm26555",31938,10160,21778
"LOC105245519",2051,2010,41
"Kif27",77230,7001,70229
"Mir6369",106,106,0
"2210016F16Rik",5180,2822,2358
"Hnrnpk",12212,3210,9002
"Mir7-1",108,108,0
"Rmi1",8902,4057,4845
"Gm33875",7887,872,7015
"Gm33820",601,528,73
"LOC105245520",6830,2129,4701
"LOC102637097",3981,3319,662
"Gm3131",192,192,0
"Slc28a3",57571,4565,53006
"Gm34058",4710,608,4102
"4930455J16Rik",21238,1627,19611
"LOC105245521",3463,2326,1137
"Rpl13-ps2",694,694,0
"LOC105245522",18340,850,17490
"Ntrk2",327402,24146,303256
"LOC105245523",5038,4936,102
"Gm34245",12133,12024,109
"Gm34307",1599,710,889
"Gm34354",54957,6280,48677
"LOC105245524",7830,4006,3824
"Gm34558",28546,1660,26886
"Gm34672",19951,1536,18415
"Gm34721",2187,1976,211
"Gm34788",5042,4580,462
"Agtpbp1",107831,10281,97550
"LOC105245525",3574,3523,51
"A230056J06Rik",5048,3154,1894
"Naa35",49476,2966,46510
"Golm1",40789,3693,37096
"4921517D22Rik",6702,3144,3558
"Spata31d1a",6507,4926,1581
"LOC105245526",4163,1199,2964
"Spata31d1b",7006,4281,2725
"Spata31d1d",5828,3827,2001
"4930528D03Rik",3821,1239,2582
"LOC102638268",6616,3941,2675
"Isca1",14375,1915,12460
"Etohd2",3715,3135,580
"Zcchc6",51292,6402,44890
"Gm34961",9654,410,9244
"Gm19866",30284,1010,29274
"Gm35143",7874,388,7486
"A530065N20Rik",86959,3732,83227
"Gm35193",3874,758,3116
"Gas1",3131,3131,0
"Gm5084",10548,3604,6944
"Gm19249",441,441,0
"Gm35333",12230,1342,10888
"LOC105245528",9088,4666,4422
"A530001N23Rik",24920,2927,21993
"LOC105245529",1376,223,1153
"Dapk1",161245,6045,155200
"Gm35540",2311,1122,1189
"Gm10312",499,499,0
"BC051665",4478,1348,3130
"Ctsll3",4595,1332,3263
"4930486L24Rik",21805,1373,20432
"Ctla2b",2582,1653,929
"Tpbpb",3553,710,2843
"Ctla2a",2471,1394,1077
"Tpbpa",3244,1372,1872
"LOC105245531",19308,397,18911
"LOC105245530",5758,856,4902
"Ctsj",5682,1322,4360
"Ctsq",5560,1330,4230
"Gm18064",1349,1349,0
"Ctsr",4974,1335,3639
"Cts6",8246,1323,6923
"Cts8",8602,2493,6109
"Cts8-ps",7471,4221,3250
"Gm5664",7522,1077,6445
"Cts7",5830,1613,4217
"Cts7-ps",2716,2716,0
"Ctsm-ps2",7922,7922,0
"Gm7756",821,821,0
"Ctsm",6097,2018,4079
"Cts3",5533,1477,4056
"LOC102639567",5705,576,5129
"Gm20599",6169,1769,4400
"Gm7622",1316,1316,0
"Gm6474",875,875,0
"Gm6436",2398,501,1897
"LOC100861651",33506,1266,32240
"Gm7629",786,786,0
"BC052688",15703,1622,14081
"Gm19961",728,728,0
"Gm7240",57911,2801,55110
"Gm36349",1888,385,1503
"Gm35619",4027,1249,2778
"Gm21935",14156,747,13409
"Gm20563",731,731,0
"Gm3325",36658,6058,30600
"Gm6478",835,835,0
"LOC105245532",5059,646,4413
"Gm19985",729,729,0
"Zfp808",44073,3140,40933
"Gm36501",4515,4515,0
"Gm7640",874,874,0
"2810408B13Rik",35910,2711,33199
"Gm17352",486,486,0
"Gm3333",1495,1495,0
"LOC102640921",274,274,0
"Gm19792",24107,1691,22416
"Gm3604",45908,6832,39076
"Gm20003",726,726,0
"LOC105245533",10989,4058,6931
"Zfp935",13797,2472,11325
"Gm21145",23088,1352,21736
"Zfp934",62535,2614,59921
"Gm7664",4411,4411,0
"LOC102642842",2998,1249,1749
"6720489N17Rik",21168,2638,18530
"Gm36298",13821,2338,11483
"Gm7045",2230,2230,0
"Gm5665",52592,8554,44038
"LOC105245534",22958,1823,21135
"Mir713",108,108,0
"Gm5141",13609,3279,10330
"Gm21963",1182,1182,0
"Gm7049",2600,2600,0
"Fbp2",21486,1294,20192
"LOC105245535",4656,4574,82
"Fbp1",23544,1716,21828
"LOC105242395",6412,3644,2768
"LOC105245536",5521,623,4898
"2010111I01Rik",361204,9141,352063
"Tubb2a-ps1",1312,1312,0
"Gm30409",17929,750,17179
"Gm16907",7994,2764,5230
"Mir23b",74,74,0
"Mir27b",73,73,0
"Fancc",196157,8751,187406
"Mir3074-1",85,85,0
"Mir24-1",68,68,0
"Ptch1",65289,10982,54307
"LOC102632415",40113,4695,35418
"Gm30709",5762,2040,3722
"1700024I08Rik",58543,759,57784
"Ercc6l2",86888,8097,78791
"Gm30950",10883,359,10524
"Gm7695",720,720,0
"Gm30999",990,335,655
"Hsd17b3",30985,1631,29354
"Slc35d2",33074,2329,30745
"Zfp367",20143,3490,16653
"Habp4",24672,2567,22105
"Cdc14b",86020,9989,76031
"1810034E14Rik",19446,1802,17644
"Aaed1",20875,972,19903
"Gm31128",27238,324,26914
"Ctsl",7670,2327,5343
"1700015C15Rik",4481,265,4216
"Cdk20",7360,2113,5247
"Gm31218",58926,1249,57677
"Gm7712",1377,1377,0
"1190003K10Rik",16547,1362,15185
"Gm4810",1609,1609,0
"Gm5791",736,736,0
"Gm4935",1289,1289,0
"Gm7065",545,545,0
"Cntnap3",167223,5874,161349
"Eif1-ps2",1222,1222,0
"Spata31",5790,3233,2557
"Gm4811",1223,1223,0
"Gm6888",1526,856,670
"Spata31d1c",4947,3390,1557
"Prss47",8374,1778,6596
"Hiatl1",47971,3490,44481
"LOC102633809",441,320,121
"Olfr465-ps1",948,948,0
"Olfr466",927,927,0
"Nlrp4f",28606,3527,25079
"Gm36445",8916,2494,6422
"Zfp369",21137,5195,15942
"Gm3800",636,636,0
"Gm7762",11703,2818,8885
"Vmn2r-ps95",14007,14007,0
"Gm7768",597,597,0
"LOC105245538",2839,1916,923
"LOC105245537",639,190,449
"Gm21930",1124,1124,0
"Gm31714",17703,1893,15810
"LOC105245540",46494,286,46208
"Gm5792",629,629,0
"Vmn2r-ps96",13903,13903,0
"Hmgb1-ps11",796,796,0
"LOC102634499",2529,779,1750
"Gm19428",11906,2005,9901
"Gm6901",629,629,0
"Vmn2r-ps97",13941,13941,0
"Gm3829",597,597,0
"LOC102634730",10339,2587,7752
"LOC105245539",1591,207,1384
"LOC100534322",65535,65535,0
"Gm19118",65535,65535,0
"Vmn2r-ps98",77739,77739,0
"LOC105245541",14331,429,13902
"Gm7822",596,596,0
"Vmn2r-ps99",13893,2484,11409
"Gm6917",645,645,0
"Gm17353",10818,1517,9301
"Gm32476",14658,214,14444
"Vmn2r-ps100",4488,4488,0
"LOC105245542",12297,321,11976
"LOC102640480",1361,1361,0
"Gm6910",1720,1720,0
"Gm21931",1463,1463,0
"Gm10324",9384,1920,7464
"Gm17514",65535,65535,0
"Vmn2r-ps102",5260,5260,0
"LOC105245577",27639,1517,26122
"Vmn2r-ps103",6224,6224,0
"Gm21029",1113,1113,0
"Gm18260",993,993,0
"Gm26715",62654,764,61890
"Vmn2r-ps104",4484,4484,0
"Gm33043",15576,1125,14451
"Gm19119",725,725,0
"2410141K09Rik",23005,515,22490
"Gm26806",16675,1472,15203
"Vmn2r-ps105",4684,4684,0
"Gm19117",26124,26124,0
"Gm10769",850,850,0
"LOC102639376",2628,1098,1530
"Gm18412",945,945,0
"LOC102636110",10869,1742,9127
"Vmn2r-ps106",15607,15607,0
"LOC105245543",15829,539,15290
"LOC105245544",12224,453,11771
"LOC105245578",10631,1553,9078
"Vmn2r-ps108",5339,5339,0
"LOC100534325",1122,1122,0
"LOC105245545",11403,2026,9377
"Gm5196",1724,1724,0
"Vmn2r-ps109",3562,3562,0
"Gm7911",622,622,0
"Uqcrb",4730,503,4227
"Gm10767",3752,1652,2100
"Mterf3",27617,2766,24851
"Ptdss1",65572,3424,62148
"4933433G19Rik",35588,1061,34527
"Zfp712",22577,3970,18607
"Zfp708",28579,2634,25945
"Gm17938",651,651,0
"Rslcan18",17416,2981,14435
"Zfp759",17277,4314,12963
"Rsl1",10318,2046,8272
"LOC102636462",2554,2554,0
"Zfp455",14793,2712,12081
"Gm33446",2234,550,1684
"LOC105245546",210,171,39
"Zfp458",14151,3488,10663
"F630042J09Rik",4768,3164,1604
"Zfp457",13963,2292,11671
"Zfp595",20707,5222,15485
"Zfp953",21264,4641,16623
"Gm17039",5012,4904,108
"Zfp456",12180,4079,8101
"Zfp429",10541,3618,6923
"Zfp459",37591,5027,32564
"Gm33787",3040,988,2052
"Zfp874a",11194,3307,7887
"Gm7928",1098,1098,0
"Zfp874b",14724,5767,8957
"Zfp58",10356,2359,7997
"Gm18261",923,923,0
"Zfp87",10451,2710,7741
"Zfp748",14512,4615,9897
"9430065F17Rik",17735,1313,16422
"AA987161",20269,4835,15434
"A530054K11Rik",21754,6271,15483
"Zfp738",56886,4725,52161
"Zfp65",23868,3960,19908
"Gm34146",2422,867,1555
"Zfp85os",27577,2908,24669
"Zfp85",10671,5601,5070
"Gm9894",819,819,0
"Zfp493",9390,3274,6116
"4930525G20Rik",34392,2987,31405
"Gm9625",1100,1100,0
"Zfp273",13897,3033,10864
"LOC102637366",13903,3872,10031
"BC048507",598,598,0
"LOC105245547",5324,3573,1751
"Gm7969",4757,2884,1873
"AA414992",1803,1803,0
"LOC101056219",3462,1580,1882
"Gm8016",3541,1654,1887
"LOC105245579",12032,5070,6962
"Mtrr",21342,4461,16881
"Fastkd3",10176,2851,7325
"1700001L19Rik",16793,1808,14985
"Gm34903",2241,1649,592
"Adcy2",379499,4211,375288
"Gm34993",7784,3882,3902
"Gm7979",1133,1133,0
"Gm35161",31967,4004,27963
"Gm35049",64084,1810,62274
"Gm26844",2748,684,2064
"Gm35444",16585,1351,15234
"LOC102640696",1087,495,592
"Gm35514",2019,594,1425
"Papd7",36285,4376,31909
"LOC105245580",1137,1137,0
"A530095I07Rik",1767,1320,447
"LOC105245548",5174,2017,3157
"Gm18882",807,807,0
"Srd5a1",38452,3456,34996
"Nsun2",23765,4280,19485
"Gm17872",749,749,0
"Gm18313",1740,1740,0
"Gm35618",2848,1777,1071
"LOC105245550",5943,2004,3939
"LOC105245549",7076,1367,5709
"Ube2ql1",37066,2682,34384
"LOC105245551",1167,1064,103
"4930547H16Rik",825,617,208
"LOC102639453",184,184,0
"LOC102641430",12377,799,11578
"Med10",13757,2984,10773
"4933416O17Rik",4123,935,3188
"Gm36019",12842,2872,9970
"1700084F23Rik",24299,1044,23255
"Gm3772",103959,930,103029
"4930520P13Rik",15301,505,14796
"Gm36216",11378,248,11130
"Gm36267",23410,1971,21439
"1700100L14Rik",2864,682,2182
"Ice1",49151,7880,41271
"LOC105245552",4140,3642,498
"Gm36377",6121,3376,2745
"Gm36474",6822,485,6337
"Gm36426",5271,1815,3456
"Gm36607",29492,3604,25888
"Adamts16",114051,8872,105179
"Gm36529",19193,1658,17535
"8030423J24Rik",3154,2712,442
"Gm36734",2094,1825,269
"Gm36785",7585,2863,4722
"LOC105245553",27006,259,26747
"Mir466f-4",121,121,0
"LOC105245554",21764,506,21258
"LOC102640882",125098,827,124271
"LOC105245555",56262,1032,55230
"Irx1",5492,2062,3430
"Gm4052",454,454,0
"Rpl9-ps4",718,718,0
"Gm4057",380,380,0
"LOC105245556",5081,1008,4073
"LOC102641841",57877,8935,48942
"Gm20554",5099,5099,0
"Irx2",6126,2831,3295
"LOC105245557",7088,259,6829
"D730050B12Rik",7163,585,6578
"Gm30049",7461,5126,2335
"Gm30154",22976,3293,19683
"4930555K05Rik",23010,544,22466
"Rpl31-ps2",540,540,0
"Irx4",10033,3895,6138
"Gm10263",318,318,0
"Ndufs6",8607,567,8040
"Mrpl36",1170,902,268
"D630045M09Rik",2720,1306,1414
"Lpcat1",49217,3966,45251
"Slc6a3",43145,5102,38043
"Clptm1l",16638,2378,14260
"Tert",23047,4856,18191
"Slc6a18",16274,4405,11869
"Slc6a19",20951,4267,16684
"Slc6a19os",10031,1535,8496
"Slc12a7",83703,6308,77395
"Nkd2",29103,4021,25082
"LOC102632224",639,639,0
"Gm30303",5397,1038,4359
"Gm30432",1884,341,1543
"Trip13",25306,2281,23025
"Brd9",23071,2888,20183
"LOC105245558",4831,350,4481
"Zdhhc11",29139,1900,27239
"Gm10126",300,300,0
"Tppp",26335,5662,20673
"Gm6263",1718,1718,0
"Cep72",25820,5329,20491
"Slc9a3",83189,5791,77398
"LOC105245559",9163,887,8276
"Exoc3",38934,5469,33465
"Ahrr",81214,6019,75195
"Pdcd6",14455,1773,12682
"Sdha",27986,2859,25127
"LOC105245560",1332,1332,0
"Ccdc127",15467,8615,6852
"Lrrc14b",4419,2746,1673
"Zfp72",22180,4826,17354
"Gm8227",581,581,0
"Gm10116",929,929,0
"Mir692-3",109,109,0
"LOC105245561",7685,2511,5174
"LOC102632416",11435,4063,7372
"E430024I08Rik",16664,2640,14024
"Zfp825",13894,1383,12511
"Gm20590",65535,65535,0
"Gm5626",1200,1200,0
"Erap1",52308,4360,47948
"Cast",116509,5821,110688
"Gm6296",1344,1344,0
"Hnrnpa1l2-ps",1502,1416,86
"Gm30867",17042,170,16872
"Pcsk1",45447,5120,40327
"Gm19095",731,731,0
"Gm8278",3095,3095,0
"Gm3926",1123,1123,0
"Gm4149",364,364,0
"Mir682",96,96,0
"LOC105245562",53598,334,53264
"Ell2",64878,3652,61226
"Gm8288",590,590,0
"LOC105245563",28936,6700,22236
"Glrx",10279,1340,8939
"Rhobtb3",74401,5466,68935
"Gm15528",1018,1018,0
"Gm6311",948,948,0
"Spata9",38985,2184,36801
"Rfesd",17178,2906,14272
"LOC102633176",921,921,0
"Gpr150",2146,2146,0
"Arsk",38246,3664,34582
"LOC105245564",697,276,421
"Gm31161",3161,2105,1056
"Ttc37",91594,7466,84128
"Fam81b",94770,1770,93000
"Gm31219",32727,658,32069
"Gm31516",7729,635,7094
"Gm10760",2738,2738,0
"Mctp1",648324,6878,641446
"Gm18314",959,959,0
"Gm15740",1289,1289,0
"Gm18563",1683,1683,0
"Gm8185",803,803,0
"Ankrd32",92381,4690,87691
"Gm29844",34804,976,33828
"2210408I21Rik",478144,8162,469982
"Gm9634",764,764,0
"Atp5c1-ps",1402,918,484
"Fam172a",457563,10175,447388
"Pou5f2",1395,1395,0
"Gm18990",1649,1649,0
"LOC102642321",59115,6805,52310
"Nr2f1",10202,4213,5989
"A830082K12Rik",38548,2305,36243
"Gm5042",597,597,0
"Gm3963",1073,1073,0
"LOC105245565",3074,263,2811
"Gm6317",6361,1210,5151
"Gm31946",15596,711,14885
"Gm32067",153271,2174,151097
"Gm8345",1067,1067,0
"Gm19320",476,476,0
"Gm5197",1205,1205,0
"Gm8371",617,617,0
"Arrdc3",12705,5317,7388
"5430425K12Rik",8195,1253,6942
"Gm4211",3771,2473,1298
"9330111N05Rik",115784,1407,114377
"Gm4813",806,806,0
"Gm8399",1484,1484,0
"Gm18517",1069,1069,0
"Gpr98",538130,22065,516065
"Gm32639",25463,5509,19954
"Lysmd3",15215,4256,10959
"Polr3g",37177,3060,34117
"Mblac2",41859,3881,37978
"LOC105245566",1176,807,369
"Cetn3",13911,3868,10043
"Gm32836",1852,943,909
"LOC105245567",1581,419,1162
"LOC105245568",2963,540,2423
"Gm4936",932,932,0
"Mir3961",59,59,0
"Gm33020",1953,436,1517
"Gm33073",48858,1129,47729
"Gm33217",39566,3464,36102
"LOC105245569",13560,426,13134
"Gm33274",3495,277,3218
"Gm33317",5553,662,4891
"Mef2c",163046,7816,155230
"Gm33492",5055,3447,1608
"LOC105245570",63873,3591,60282
"C130071C03Rik",7564,1368,6196
"Mir9-2",72,72,0
"Gm6411",1198,1198,0
"Gm5452",1605,1605,0
"2810049E08Rik",37503,1102,36401
"Gm8447",1054,1054,0
"Gm17750",39721,774,38947
"Gm8456",459,323,136
"A230107N01Rik",2651,2433,218
"Tmem161b",73780,3974,69806
"Gm26927",5834,1225,4609
"LOC105245571",10791,9057,1734
"Gm34196",332402,1871,330531
"Gm34246",22505,2575,19930
"Gm4059",609,609,0
"Gm4066",1275,1213,62
"Ccnh",24350,2079,22271
"Rasa1",74795,6215,68580
"Gm5666",902,902,0
"Gm34526",21870,1748,20122
"Cox7c",1998,449,1549
"Gm18265",799,799,0
"LOC105245572",6107,155,5952
"Gm19239",522,522,0
"Gm8526",466,466,0
"Gm19139",2057,2057,0
"Gm34585",56979,880,56099
"Gm5667",1047,1047,0
"Edil3",501754,5358,496396
"LOC102637959",8053,4143,3910
"Gm18317",1003,1003,0
"Gm34699",40450,2718,37732
"Hapln1",71304,5162,66142
"LOC100534278",1256,1256,0
"Vcan",87386,15363,72023
"Gm16318",602,602,0
"Gm4117",64019,12521,51498
"Gm34789",4711,1306,3405
"Xrcc4",240705,2113,238592
"Tmem167",25255,10809,14446
"LOC102638344",97881,2675,95206
"LOC105245573",2274,905,1369
"Gm29680",37926,2823,35103
"Gm35111",82416,947,81469
"Gm18518",1000,1000,0
"Atp6ap1l",21917,1274,20643
"Rps23",1611,555,1056
"Atg10",289445,3005,286440
"Gm35245",10598,4165,6433
"Gm17450",3732,3732,0
"LOC105245574",27625,267,27358
"Gm4130",1489,1489,0
"A830009L08Rik",19096,2807,16289
"Ssbp2",245197,8898,236299
"LOC105245576",5276,856,4420
"Gm35445",2832,2781,51
"LOC105245575",3123,3042,81
"4833422C13Rik",40208,5617,34591
"Acot12",44638,3059,41579
"Zcchc9",11478,2314,9164
"Ckmt2",23537,1524,22013
"Rasgrf2",251088,5843,245245
"Msh3",143125,4867,138258
"LOC105245585",7140,7140,0
"Dhfr",34271,5290,28981
"LOC102633605",2213,2213,0
"Ankrd34b",16018,4414,11604
"Fam151b",34671,1642,33029
"Zfyve16",45607,8041,37566
"Spz1",1602,1602,0
"Serinc5",100810,5319,95491
"LOC105245586",1748,1401,347
"Gm5199",680,680,0
"Thbs4",43233,3202,40031
"Mtx3",13488,7322,6166
"Gm31630",25714,4499,21215
"LOC105245587",17762,1056,16706
"Cmya5",105151,12989,92162
"Gm31745",14059,4951,9108
"Gm4814",1452,907,545
"A630019I02Rik",4136,2990,1146
"Papd4",46696,3749,42947
"LOC105245588",1352,953,399
"Gm2076",1185,1185,0
"Homer1",100635,6271,94364
"Gm18960",719,719,0
"Jmy",69712,8780,60932
"Gm6109",1282,1282,0
"Gm30155",706,706,0
"Gm18133",544,544,0
"Gm31977",2662,1328,1334
"Bhmt",20868,2071,18797
"Bhmt2",18206,2090,16116
"Dmgdh",78388,2979,75409
"AW495222",13076,950,12126
"LOC105245589",3528,2151,1377
"Arsb",171994,4896,167098
"Mir5624",61,61,0
"Cycs-ps3",845,845,0
"Lhfpl2",137755,7882,129873
"Scamp1",84394,4013,80381
"Gm32089",5803,1437,4366
"LOC105245651",3224,1845,1379
"LOC102643051",3670,1033,2637
"LOC105245590",3448,1263,2185
"Gm9776",2177,2177,0
"Ap3b1",207365,4067,203298
"Gm32305",10943,672,10271
"Gm32351",6532,1107,5425
"Tbca",53957,503,53454
"Otp",9504,8801,703
"Wdr41",47104,3525,43579
"LOC105245592",3817,3706,111
"LOC105245591",4621,3124,1497
"Pde8b",226293,5788,220505
"LOC105245593",36339,14421,21918
"Gm32586",3041,2644,397
"Zbed3",14238,2651,11587
"Snora47",126,126,0
"Aggf1",24675,3254,21421
"Crhbp",13456,1681,11775
"S100z",2114,474,1640
"F2rl1",13523,2768,10755
"LOC105245594",9984,5332,4652
"Gm32640",3960,700,3260
"F2r",16645,3296,13349
"Iqgap2",264793,5858,258935
"Gm33074",8102,1010,7092
"F2rl2",5849,2464,3385
"Gm32702",14552,4798,9754
"Sv2c",173135,4252,168883
"Gm33119",2154,227,1927
"Gm20075",2143,2143,0
"Gm17190",914,914,0
"LOC105245595",1556,976,580
"Gm8712",837,837,0
"Poc5",27294,3157,24137
"Ankdd1b",56325,5103,51222
"Polk",61960,4452,57508
"Col4a3bp",97433,5611,91822
"Hmgcr",21975,4840,17135
"Gm33171",5725,2284,3441
"Ankrd31",161506,5970,155536
"Gcnt4",26563,7346,19217
"LOC105245596",18399,1118,17281
"LOC105245597",42965,841,42124
"1700029F12Rik",13391,1318,12073
"Fam169a",62691,5316,57375
"Gm6169",870,870,0
"Nsa2",8500,2686,5814
"Gfm2",43260,5798,37462
"Hexb",22027,1905,20122
"Enc1",11936,4743,7193
"Gm33390",5418,560,4858
"Gm33447",5977,2680,3297
"Lincenc1",62695,3544,59151
"Gm8756",1128,1128,0
"LOC105245599",6910,4053,2857
"LOC105245598",6070,3921,2149
"Gm5086",23995,1297,22698
"Gm34087",20267,971,19296
"5330416C01Rik",66638,8286,58352
"Gm10260",523,523,0
"LOC105245600",17063,1227,15836
"Gm34388",28191,2811,25380
"Arhgef28",308031,11247,296784
"Gm34469",8029,2413,5616
"Utp15",16148,4071,12077
"Ankra2",11679,3281,8398
"LOC102637808",27831,1394,26437
"Btf3",7110,1129,5981
"Foxd1",2461,2461,0
"Gm2445",1207,1207,0
"2310005E17Rik",10956,1186,9770
"LOC101055909",496,496,0
"LOC105245601",6229,2679,3550
"LOC105245602",25925,6152,19773
"Gm4815",991,991,0
"Tmem174",2433,2252,181
"Tmem171",9381,1946,7435
"Gm9465",5194,2327,2867
"Fcho2",92364,5439,86925
"Gm34995",16157,631,15526
"Gm18134",514,514,0
"Tnpo1",87366,8613,78753
"Gm5453",613,613,0
"LOC105245603",2894,543,2351
"Gm35215",9163,1669,7494
"Gm30328",3563,467,3096
"1700024P04Rik",476,476,0
"LOC105245604",4352,4277,75
"Gm35279",7230,1633,5597
"Gm35416",552,552,0
"Gm35493",973,894,79
"2310020H05Rik",11394,718,10676
"Gm807",21765,5161,16604
"LOC105245605",3340,868,2472
"Zfp366",62210,2758,59452
"Ptcd2",25030,1675,23355
"Mrps27",70796,1991,68805
"LOC105245607",7348,4319,3029
"LOC105245606",13413,3154,10259
"6430562O15Rik",1991,1721,270
"Map1b",95139,12298,82841
"Gm26559",9327,1560,7767
"Cartpt",2201,875,1326
"LOC105245608",14928,6450,8478
"Mccc2",67108,2124,64984
"Bdp1",86080,10137,75943
"Serf1",6215,589,5626
"Smn1",14495,1533,12962
"Naip2",58060,4853,53207
"Gm18413",655,655,0
"Naip1-rs1",263,263,0
"Naip5",43033,5563,37470
"Naip3-ps1",18483,2138,16345
"Naip6",35496,6705,28791
"Naip3",49238,49238,0
"Gm18601",1774,1774,0
"Naip1",45101,5367,39734
"Rpl31-ps13",415,415,0
"Gtf2h2",32825,2642,30183
"Ocln",57186,5464,51722
"Gm8847",631,631,0
"Marveld2",21015,3382,17633
"Rad17",33898,3054,30844
"Ak6",15073,990,14083
"Taf9",4718,1334,3384
"Ccdc125",28307,3506,24801
"Cdk7",33919,7598,26321
"Mrps36",8720,716,8004
"Cenph",16214,1420,14794
"LOC105245609",420,420,0
"Ccnb1",7812,2380,5432
"Slc30a5",30919,3332,27587
"LOC105245610",450,190,260
"LOC105245611",838,838,0
"Gm10257",1030,1030,0
"LOC105245612",82838,1211,81627
"Gm6114",1155,1155,0
"Gm36427",80049,1258,78791
"5930438M14Rik",15425,2439,12986
"4933416M06Rik",39078,1285,37793
"LOC102639950",162446,3771,158675
"Gm2534",431,431,0
"4922502H24Rik",5710,405,5305
"LOC105245613",15981,7478,8503
"Gm36475",25985,652,25333
"Gm19010",641,641,0
"Gm36553",23450,732,22718
"Pik3r1",87457,8659,78798
"Gm19108",767,767,0
"Gm17832",825,825,0
"LOC105245614",15687,777,14910
"Gm36703",6986,845,6141
"Gm36921",1771,360,1411
"LOC105245615",10342,1082,9260
"Gm29870",1391,771,620
"Gm29927",46615,1835,44780
"LOC105245652",2499,1531,968
"LOC105245616",5052,949,4103
"Cd180",13074,2326,10748
"Mast4",603353,13579,589774
"1700099I09Rik",1642,885,757
"Gm30106",46428,8936,37492
"Gm30050",3853,355,3498
"Gm6211",1100,1100,0
"LOC105245653",125936,1228,124708
"Gm5454",2387,2387,0
"Gm16416",555,555,0
"LOC105245617",12918,677,12241
"Gm30551",117105,2270,114835
"Gm6080",643,643,0
"Srek1",35256,11680,23576
"Erbb2ip",101801,6664,95137
"D130037M23Rik",3130,3130,0
"Nln",86611,4728,81883
"Gm30967",8692,2565,6127
"Gm30924",1543,1351,192
"Gm30868",2463,2379,84
"Sgtb",32769,3863,28906
"Trappc13",36551,5070,31481
"Trim23",24648,5819,18829
"Ppwd1",23976,2799,21177
"Cenpk",21012,2274,18738
"Adamts6",209348,9368,199980
"Gm8680",437,437,0
"Cwc27",185643,2403,183240
"Srek1ip1",21421,1688,19733
"Fam159b",18611,1310,17301
"LOC105245618",6934,661,6273
"Gm4938",875,875,0
"Rgs7bp",109027,7111,101916
"4933425L06Rik",39661,2157,37504
"Rnf180",164324,6443,157881
"LOC105245619",13490,642,12848
"Gm31130",22951,761,22190
"Htr1a",4441,4441,0
"LOC105245620",16247,439,15808
"Olfr717-ps1",589,589,0
"Gm7054",830,830,0
"Dph3b-ps",640,640,0
"Gm31220",1102,449,653
"Gm30411",48895,2064,46831
"Ipo11",142521,6168,136353
"Dimt1",13183,2632,10551
"Kif2a",61644,4783,56861
"3830408C21Rik",10949,1898,9051
"Gm31452",85147,5306,79841
"LOC105245621",8468,240,8228
"Gm31715",1994,1037,957
"Gm2726",579,579,0
"Gm2736",16004,669,15335
"Apoo-ps",605,605,0
"AI197445",9367,5610,3757
"Gm31803",11252,4548,6704
"Gm32004",42563,3809,38754
"Gm31920",47254,4586,42668
"Gm32090",59083,2460,56623
"Gm32186",7520,3365,4155
"1700006H21Rik",4772,622,4150
"Zswim6",165448,5457,159991
"LOC105245623",5674,5635,39
"LOC105245622",1719,1651,68
"LOC105245624",6637,523,6114
"LOC102641408",11242,581,10661
"LOC105245625",3375,2340,1035
"LOC102634835",5569,2511,3058
"LOC105245626",15990,4969,11021
"Smim15",4702,2115,2587
"Ndufaf2",106066,807,105259
"Ercc8",40591,6556,34035
"Gm32268",6802,2658,4144
"Elovl7",72782,5515,67267
"Gm32376",2446,2446,0
"Gm30747",4246,2227,2019
"Gm8990",3363,3293,70
"Depdc1b",73555,3301,70254
"LOC105245627",5720,1255,4465
"Gm32450",11640,7209,4431
"Gm27572",1885,1033,852
"Pde4d",1301793,16015,1285778
"Rps3a3",864,864,0
"Gm6247",827,827,0
"Gm18923",645,645,0
"Mir582",81,81,0
"Gm32813",18958,5985,12973
"Gm32703",15779,2908,12871
"Gm32641",4367,3334,1033
"Mir1904",80,80,0
"Gm32881",16238,1345,14893
"Rab3c",226855,9235,217620
"LOC105245628",23549,3213,20336
"Gm5455",1830,1830,0
"Gapt",4660,2157,2503
"LOC105245629",24851,418,24433
"Plk2",5801,2802,2999
"Gm32990",9514,1392,8122
"Gm33045",15500,3794,11706
"LOC105245630",13234,626,12608
"Gm33172",3100,1450,1650
"Gm30839",331,331,0
"LOC102636142",21428,1170,20258
"4930526H09Rik",4782,2283,2499
"Gm18315",1621,1621,0
"3110015C05Rik",17963,938,17025
"Actbl2",2737,2737,0
"LOC101055980",801,801,0
"Gpbp1",64444,3748,60696
"Gm15290",27628,729,26899
"LOC105245631",64640,754,63886
"Mier3",32440,5868,26572
"LOC102633089",2800,2800,0
"Map3k1",71837,10416,61421
"Gm15327",1907,1018,889
"LOC105245632",18235,468,17767
"Gm15325",2307,697,1610
"Gm15326",4002,1422,2580
"Ncf2-rs",2069,1860,209
"Gm15322",53353,1050,52303
"Gm15323",11230,785,10445
"LOC105245633",3246,2342,904
"LOC105245634",1196,790,406
"Gm31104",1238,1005,233
"LOC105245635",3747,1003,2744
"Gm33849",5094,791,4303
"LOC105245636",20219,541,19678
"Ankrd55",95552,4483,91069
"LOC105245637",3728,2524,1204
"Gm33905",11896,2029,9867
"Il6st",42791,5452,37339
"Il31ra",69551,5452,64099
"LOC105245638",19130,128,19002
"Gm3226",1556,1556,0
"Ddx4",54297,3818,50479
"Slc38a9",78062,11091,66971
"Gm18883",515,515,0
"Gm34024",5916,3103,2813
"LOC105245639",30914,2729,28185
"Ppap2a",67168,2436,64732
"Skiv2l2",59601,3309,56292
"Dhx29",41658,4413,37245
"LOC102637219",2590,2590,0
"LOC105245640",803,151,652
"Ccno",2977,1876,1101
"Mcidas",6923,2803,4120
"Cdc20b",88066,7358,80708
"Mir449c",109,109,0
"Mir449b",80,80,0
"Mir449a",91,91,0
"Gpx8",3626,1016,2610
"Gzma",7155,878,6277
"1700084D21Rik",7928,442,7486
"Gzmk",9024,792,8232
"LOC105245641",35105,962,34143
"Esm1",8446,2103,6343
"BC067074",78086,9003,69083
"LOC105245642",9420,3084,6336
"LOC105245643",4441,1432,3009
"4921509O07Rik",56557,2567,53990
"Gm31191",364,364,0
"Gm34471",60871,8422,52449
"Gm34528",3684,1331,2353
"Snx18",26386,4447,21939
"Gm34586",33334,8893,24441
"Hspb3",781,781,0
"Gm31276",11653,1425,10228
"Gm6343",751,751,0
"Arl15",362957,4979,357978
"A430090L17Rik",27245,3687,23558
"LOC105245644",9120,5395,3725
"Ndufs4",100300,1534,98766
"LOC105245645",425,425,0
"Fst",6690,2861,3829
"LOC105245646",17462,1521,15941
"4930467J12Rik",20615,577,20038
"4930544M13Rik",90595,1412,89183
"Gm34790",33742,511,33231
"Mocs2",11184,1889,9295
"Itga2",96130,4218,91912
"Gm34845",4860,4482,378
"Itga1",143886,5984,137902
"Pelo",1804,1572,232
"LOC105245647",32437,260,32177
"Gm18759",1219,1219,0
"Gm6035",1297,1297,0
"Gm18135",518,518,0
"Gm6404",407,407,0
"Isl1",11465,2572,8893
"Gm29764",819,819,0
"4930435F18Rik",36084,1786,34298
"Parp8",175072,9225,165847
"Gm29767",12354,430,11924
"Gm6416",5860,1622,4238
"Gm18945",1092,1092,0
"Emb",53843,2622,51221
"Gm35144",741,741,0
"Gm6421",10974,842,10132
"Gm5200",1355,1355,0
"Hcn1",385095,14297,370798
"4933413L06Rik",13248,922,12326
"Gm18989",725,725,0
"LOC105245648",13000,1238,11762
"Gm9633",698,698,0
"Mrps30",7143,1590,5553
"1700003P14Rik",32462,994,31468
"Gm9098",1012,522,490
"Gm18361",880,880,0
"Gm10732",26832,1110,25722
"Gm16263",19520,6396,13124
"Fgf10",77875,4572,73303
"Nnt",73612,3526,70086
"Gm9777",2118,1903,215
"Paip1",32053,5430,26623
"4833420G17Rik",24106,4419,19687
"3110070M22Rik",1128,1128,0
"Gm7120",122421,2318,120103
"Ccl28",43809,5017,38792
"LOC105245649",58238,873,57365
"1700074H08Rik",1541,547,994
"Hmgcs1",17910,3676,14234
"Nim1k",45789,4103,41686
"LOC105245650",14489,1822,12667
"Zfp131",26529,4455,22074
"AF067063",2257,886,1371
"Gm21358",2020,1805,215
"Tcstv1",1399,876,523
"AF067061",1640,1110,530
"Gm21181",613,613,0
"B020031M17Rik",19496,1202,18294
"Gm20784",2261,2261,0
"Anxa2r",530,528,2
"Gm21370",920,920,0
"Gm36161",1334,566,768
"Gm36079",1119,1119,0
"Gm21188",17601,1790,15811
"Gm31544",2699,1043,1656
"LOC105245655",530,530,0
"Gm21378",2041,2041,0
"Gm20767",15090,1427,13663
"LOC105243816",471,471,0
"LOC105243610",3838,104,3734
"Gm21818",513,513,0
"Gm20763",2286,2058,228
"LOC105243592",4923,676,4247
"BC147527",8598,1805,6793
"LOC105243593",550,550,0
"Tcstv3",1400,878,522
"LOC105245661",7948,220,7728
"Gm2888",7750,746,7004
"Gm2897",36379,2699,33680
"Gm2904",1015,1015,0
"Gm10340",9876,723,9153
"Gm5795",8400,971,7429
"D830030K20Rik",26218,2484,23734
"LOC105242418",9180,1442,7738
"Gm17222",847,847,0
"Gm18565",1135,1135,0
"Gm4904",1220,1220,0
"1700110I01Rik",43430,1702,41728
"Gm36379",21766,2776,18990
"Gm10413",8442,993,7449
"Gm10409",21244,1990,19254
"Gm10408",9970,1573,8397
"Gm18569",1140,1140,0
"Gm8323",1287,1287,0
"Gm18572",1140,1140,0
"Gm8324",1286,1286,0
"Gm2977",59060,4368,54692
"Gm3012",21470,2455,19015
"LOC105245684",8063,615,7448
"Gm3020",20111,858,19253
"Gm3043",9107,710,8397
"Gm18567",1140,1140,0
"Gm2871",1287,1287,0
"Gm18571",1140,1140,0
"Gm2877",1286,1286,0
"Gm3050",57710,4373,53337
"Gm3002",15771,5217,10554
"Gm3033",10036,10036,0
"Gm18568",1135,1135,0
"Gm2907",1220,1220,0
"Gm3029",50976,1467,49509
"Gm3095",21435,2872,18563
"Gm32966",190668,1342,189326
"LOC105245659",9319,474,8845
"Gm5796",57971,4095,53876
"LOC105245658",9586,1139,8447
"Gm3115",3077,722,2355
"Gm8108",21372,1527,19845
"Gm3127",5891,711,5180
"LOC101055754",22725,4099,18626
"Gm3138",6023,758,5265
"2610042L04Rik",20315,5019,15296
"Gm3159",8440,615,7825
"Gm3164",27380,2566,24814
"Gm30869",767,477,290
"Gm3182",19896,748,19148
"Gm3173",20590,2645,17945
"Gm3047",18456,1360,17096
"LOC105245657",14095,4211,9884
"Gm8164",1220,1220,0
"Gm8159",50222,1602,48620
"Gm3239",55720,2935,52785
"Gm3252",19894,1372,18522
"LOC105245668",180541,706,179835
"Gm9602",7298,694,6604
"Gm3264",21888,5157,16731
"Gm3278",9199,683,8516
"Gm8305",1220,1220,0
"Gm10410",72897,5099,67798
"LOC105245667",9303,641,8662
"4930555G01Rik",8615,2065,6550
"Gm8281",21891,1805,20086
"Gm8279",8058,615,7443
"Gm3317",21311,2878,18433
"Gm8271",7192,710,6482
"Gm3326",1220,1220,0
"LOC105245666",7993,199,7794
"Gm3526",6674,6674,0
"Gm3339",2113,2113,0
"LOC105245665",7302,691,6611
"LOC105245664",135821,816,135005
"Gm3500",23433,2799,20634
"Gm3348",847,847,0
"Gm3642",49745,2197,47548
"Gm8246",7298,657,6641
"LOC102636792",11729,708,11021
"Gm3488",21307,4821,16486
"Gm3532",8016,8016,0
"Gm8266",1220,1220,0
"LOC105245663",7992,199,7793
"LOC100862122",21790,1634,20156
"Gm9603",7302,691,6611
"Gm36476",82124,510,81614
"Gm3373",161162,5133,156029
"Gm3170",847,847,0
"Gm3383",51449,3755,47694
"Gm3424",8071,615,7456
"LOC105245662",1724,1187,537
"Gm17046",847,847,0
"Gm3248",69106,4363,64743
"LOC105242396",159368,374,158994
"Gm17048",847,847,0
"LOC102638110",86675,5410,81265
"Gm17045",846,846,0
"Gm6337",3059,722,2337
"Gm3476",8222,781,7441
"LOC105245676",5962,786,5176
"LOC105245675",7270,660,6610
"LOC105245674",10182,189,9993
"LOC100861615",175966,2618,173348
"LOC105242449",41791,988,40803
"Gm8340",1220,1220,0
"Gm18573",1135,1135,0
"Gm16440",9207,697,8510
"Gm3591",21984,1082,20902
"Gm3594",3077,725,2352
"Gm33933",19913,2208,17705
"Gm3629",65344,1567,63777
"Gm33198",22118,6033,16085
"Gm3466",1220,1220,0
"Gm18574",1135,1135,0
"Gm8050",7195,711,6484
"Gm3636",20863,2898,17965
"LOC102634532",5780,799,4981
"Gm32041",145646,522,145124
"Gm3667",22699,3254,19445
"Gm10406",22025,2250,19775
"Gm3685",18951,1330,17621
"Gm31035",158606,1904,156702
"Gm3696",49379,3194,46185
"LOC105245673",7340,791,6549
"LOC105245672",8142,149,7993
"LOC105242441",15914,5218,10696
"Gm16434",7339,791,6548
"LOC105245670",7966,149,7817
"Gm16525",17095,2702,14393
"Gm5456",846,846,0
"LOC102632113",8446,615,7831
"Gm3739",21773,2555,19218
"Gm5797",8408,997,7411
"4930521O11Rik",50347,5571,44776
"LOC105245669",21903,4266,17637
"4933406F09Rik",10213,1293,8920
"Gm8379",1220,1220,0
"Gm18575",1135,1135,0
"Gm3755",9243,711,8532
"Gm3752",10002,831,9171
"Gm3558",32380,2419,29961
"Gm17121",847,847,0
"LOC105242423",13831,657,13174
"Gm10128",7615,7615,0
"Gm10338",15858,3159,12699
"Gm10044",74343,4470,69873
"Gm8396",838,838,0
"Flnb",133632,9100,124532
"Dnase1l3",29467,4055,25412
"Gm30244",8948,2959,5989
"Abhd6",53967,2646,51321
"LOC105245677",1488,733,755
"Rpp14",28863,3031,25832
"Pxk",66927,3397,63530
"Gm18144",660,660,0
"Pdhb",7002,1485,5517
"Kctd6",9423,4800,4623
"Acox2",33509,2891,30618
"Fam107a",21749,3864,17885
"Oit1",29827,2402,27425
"LOC102632156",3714,1291,2423
"LOC105245678",69930,2453,67477
"Gm8416",1279,1279,0
"4930452B06Rik",235332,3044,232288
"4930455B14Rik",6989,1097,5892
"Gm20241",491,491,0
"Gm18071",712,712,0
"LOC105245680",53786,579,53207
"LOC105245679",27297,409,26888
"Fhit",1611963,1464,1610499
"Hmgb3-ps",577,577,0
"Mnd1-ps",2774,2774,0
"LOC547334",40470,1532,38938
"Slc25a5-ps",1255,1198,57
"Rpl21-ps4",513,513,0
"Gm3839",1201,1201,0
"Mir5124b",85,85,0
"Gm8438",582,582,0
"Ptprg",688487,9321,679166
"3830406C13Rik",38333,4905,33428
"Fezf2",3974,2304,1670
"Cadps",450755,8502,442253
"Gm31001",17529,14978,2551
"Gm17805",715,715,0
"Gm18077",534,534,0
"Gm5457",493,493,0
"Gm5087",127251,2744,124507
"Synpr",330690,2946,327744
"Sntn",12273,1240,11033
"Rpl19-ps4",737,737,0
"Gm3637",795,795,0
"Gm281",86094,2412,83682
"Gm18576",623,623,0
"Gm11100",16260,1812,14448
"Thoc7",13031,2157,10874
"Atxn7",145864,8190,137674
"Gm31222",5138,2750,2388
"Psmd6",8720,1296,7424
"Olfr720",951,951,0
"Csnk2a1-ps1",1567,1567,0
"Gm3895",291,291,0
"Olfr31",954,954,0
"Il3ra",9092,2547,6545
"Gm6734",599,599,0
"Olfr721-ps1",975,975,0
"Gm21063",1317,1317,0
"Gm8483",1773,1773,0
"Gm19018",772,772,0
"Slc4a7",96934,9764,87170
"Nek10",208480,9769,198711
"Gm18142",1371,1371,0
"Gm31517",11887,1017,10870
"Gm31658",25303,1679,23624
"Gm31577",11778,1742,10036
"Lrrc3b",81473,1915,79558
"B230110C06Rik",14303,888,13415
"Gm31804",16708,856,15852
"Gm8514",3109,2720,389
"1700062C10Rik",36234,380,35854
"Gm8517",1223,1223,0
"Rpl31-ps3",403,403,0
"Oxsm",11150,6200,4950
"Ngly1",62613,2901,59712
"Top2b",65582,5633,59949
"Rarb",651493,3777,647716
"Gm19061",1761,1761,0
"Tpi-rs9",1367,1367,0
"Gm18078",592,592,0
"Gm18927",567,567,0
"Gm31947",705,705,0
"Gm32121",77112,221,76891
"Gm32187",9084,5681,3403
"Gm32269",34262,1496,32766
"Thrb",380880,11133,369747
"LOC105242448",1663,1264,399
"Gm19290",314,314,0
"Gm6773",1056,1056,0
"Nr1d2",35051,4640,30411
"Gm7084",1145,1145,0
"Rpl15",3202,2015,1187
"Nkiras1",12862,5075,7787
"Ube2e1",49119,1452,47667
"LOC105245681",9691,9653,38
"Gm32587",91763,4460,87303
"LOC102642625",10457,2473,7984
"Gm6781",1242,1242,0
"Gm4939",1325,1325,0
"Ube2e2",320700,2087,318613
"Gm15916",1161,1161,0
"Gm6785",1176,1176,0
"Gm3778",7823,1097,6726
"Gm34440",539,539,0
"LOC105245682",45549,3019,42530
"Gm18275",1667,1667,0
"Gm7089",1476,1476,0
"Gm8582",4479,4479,0
"LOC105245683",9881,505,9376
"LOC102635659",5052,1113,3939
"Gm6122",689,689,0
"Gm33022",19341,515,18826
"Gm5630",1920,1920,0
"LOC102635833",3775,1443,2332
"LOC105245688",16377,3942,12435
"Gm36704",12690,1970,10720
"Gm7352",1220,1220,0
"Gm18577",1060,1060,0
"Gm2244",16259,697,15562
"Gm2237",20317,20317,0
"Gm5458",8450,1004,7446
"LOC105245689",5480,493,4987
"LOC105245691",38262,3745,34517
"Gm7371",563,563,0
"Gm29899",34877,1055,33822
"Nid2",60531,4884,55647
"LOC105245690",1546,1515,31
"2700060E02Rik",12422,1510,10912
"D14Ertd670e",5753,565,5188
"Gng2",104905,4226,100679
"Saysd1",7537,2304,5233
"LOC105245692",1305,416,889
"Gm30006",2935,2503,432
"Kcnk5",41726,4351,37375
"Gm2048",11605,11605,0
"Kcnk16",6407,879,5528
"Nudt13",22906,4090,18816
"Ecd",28263,3125,25138
"Fam149b",35330,4028,31302
"Gm30054",1876,1727,149
"Dnajc9",4273,1631,2642
"Mrps16",2325,566,1759
"Cfap70",58212,4526,53686
"Anxa7",24873,3031,21842
"Mss51",15270,3672,11598
"Ppp3cb",47260,3908,43352
"1810062O18Rik",24388,751,23637
"Usp54",94218,9819,84399
"Myoz1",7439,1294,6145
"Synpo2l",9405,7020,2385
"Sec24c",20568,5015,15553
"Mir6946",69,69,0
"Fut11",5230,3344,1886
"6230400D17Rik",1088,1088,0
"Chchd1",1399,595,804
"Zswim8",16301,6506,9795
"Ndst2",10892,4155,6737
"Camk2g",59258,3932,55326
"Gm30108",3935,1034,2901
"Plau",6727,2343,4384
"Gm6128",985,985,0
"Gm30212",29530,755,28775
"Vcl",104299,5491,98808
"Gm30274",1259,1259,0
"Ap3m1",18794,4725,14069
"Adk",395997,2201,393796
"LOC105245693",5825,5776,49
"Gm30363",37472,6861,30611
"Kat6b",177169,13414,163755
"Dupd1",38368,1835,36533
"Dusp13",15228,2328,12900
"Samd8",48195,7792,40403
"Vdac2",14319,1662,12657
"Comtd1",3050,2241,809
"A430057M04Rik",8148,4122,4026
"Zfp503",5640,4213,1427
"LOC102632594",6735,6061,674
"LOC105245694",3930,3235,695
"1700112E06Rik",1036586,7580,1029006
"LOC105245695",21204,21156,48
"4930405A10Rik",35625,976,34649
"LOC101055805",2934,2934,0
"Gm30926",72878,1413,71465
"Gm7473",915,915,0
"Gm18145",522,522,0
"Gm30783",2140,1468,672
"Gm10248",56378,2731,53647
"Kcnma1",712661,16055,696606
"LOC105245696",11900,7481,4419
"Gm31392",22481,4148,18333
"Gm6158",1163,1163,0
"Gm31250",469,157,312
"Mir7210",54,54,0
"Dlg5",111968,8375,103593
"Gm19034",1348,1348,0
"E330034G19Rik",16926,1766,15160
"Gm18276",593,593,0
"Gm31548",1728,922,806
"LOC105245697",1689,1259,430
"LOC105245698",19879,5559,14320
"Polr3a",38493,4913,33580
"Rps24",5514,3432,2082
"Gm31720",9071,1642,7429
"4931403M11Rik",13819,4991,8828
"4930428N03Rik",830,477,353
"Gm31775",107515,735,106780
"Gm31838",33228,1820,31408
"Gm32008",60266,4406,55860
"Gm31951",1273,427,846
"LOC105245699",12743,249,12494
"Gm32068",17818,1323,16495
"LOC105245700",6838,4156,2682
"LOC105245701",21052,6689,14363
"LOC328362",14062,2844,11218
"Gm35053",621,621,0
"Gm32123",6045,3597,2448
"Gm32224",8191,1287,6904
"4930572O13Rik",3447,774,2673
"Gm32307",15672,2961,12711
"Gm32379",10071,4529,5542
"Zmiz1os1",216427,29114,187313
"LOC105245702",4324,1906,2418
"Gm32645",28971,20407,8564
"Zmiz1",207883,8280,199603
"Mir3075",85,85,0
"Gm32497",17487,14511,2976
"4931406H21Rik",3858,3858,0
"Ppif",6895,1586,5309
"Ppifos",4927,1777,3150
"1700054O19Rik",3468,3468,0
"Zcchc24",57217,4375,52842
"Anxa11",44654,2477,42177
"LOC105245705",7909,2253,5656
"Plac9a",14491,451,14040
"Tmem254a",4375,2381,1994
"Gm19013",1267,1267,0
"Cphx1",16424,2279,14145
"Duxbl1",11228,4117,7111
"Gm2260",10433,1683,8750
"Gm9780",15080,1233,13847
"Tmem254c",3675,1644,2031
"Gm19014",1267,1267,0
"Cphx2",16428,2283,14145
"Duxbl2",11096,4089,7007
"Gm2274",10433,1683,8750
"Plac9b",15036,1000,14036
"Tmem254b",3660,1551,2109
"Gm19015",1267,1267,0
"Cphx3",16426,2258,14168
"Duxbl3",11132,4089,7043
"Gm18578",2131,2131,0
"Gm34059",9489,3104,6385
"4933413J09Rik",42910,3387,39523
"Gm34223",7120,5357,1763
"Slmap",121457,5668,115789
"Gm2178",420,420,0
"Gm18215",649,649,0
"Gm7565",685,685,0
"Dennd6a",60465,8122,52343
"Arf4",19062,2042,17020
"Pde12",5730,3529,2201
"Mir7672",62,62,0
"Dnah12",200862,13236,187626
"Gm34415",3801,3801,0
"Asb14",21510,2960,18550
"Appl1",52220,7617,44603
"LOC105245707",920,920,0
"LOC105245706",2575,1753,822
"Hesx1",7910,1244,6666
"Il17rd",68486,8425,60061
"Arhgef3",289094,5348,283746
"LOC105245708",7054,1219,5835
"Gm7591",922,922,0
"Gm34848",4965,1788,3177
"Gm34754",11426,915,10511
"Gm34702",12687,1514,11173
"LOC105245709",23404,1281,22123
"Fam208a",56898,9931,46967
"Ccdc66",27417,4435,22982
"Gm7604",965,899,66
"Erc2",856128,10068,846060
"Gm18398",1564,1564,0
"Gm34996",7833,6233,1600
"Wnt5a",21976,6940,15036
"Gm35164",48388,773,47615
"Gm18079",1000,1000,0
"Gm35217",21042,649,20393
"Cacna2d3",816922,3695,813227
"Lrtm1",15435,7318,8117
"Gm6043",737,737,0
"LOC105245710",13803,1432,12371
"Gm35281",10139,1422,8717
"Gm7633",1441,1441,0
"Gm35387",3821,3320,501
"Selk",6695,1018,5677
"Actr8",14892,3333,11559
"Mir6947",65,65,0
"Il17rb",13391,2723,10668
"Chdh",31467,5891,25576
"Gm35449",3834,2818,1016
"Gm18760",709,709,0
"Cacna1d",452423,11928,440495
"LOC105245711",22768,4926,17842
"Gm18072",549,549,0
"Gm7621",987,903,84
"Gm18681",609,609,0
"4831407H17Rik",5267,1229,4038
"Dcp1a",47538,5662,41876
"Gm35566",3998,1776,2222
"Tkt",25594,3227,22367
"Mir3076",60,60,0
"Prkcd",31062,4363,26699
"LOC105245712",2207,1610,597
"Rft1",36977,2413,34564
"Sfmbt1",108249,9968,98281
"1700087M22Rik",7314,198,7116
"Gm15667",842,842,0
"Tmem110",51617,3818,47799
"Mustn1",2354,1179,1175
"Itih4",15511,3164,12347
"Itih3",15184,3184,12000
"Itih1",14142,3121,11021
"LOC105245713",673,559,114
"Nek4",37095,5242,31853
"Spcs1",1841,1006,835
"Glt8d1",11095,2663,8432
"Gnl3",6699,1940,4759
"Snord69",59,59,0
"Snord19",54,54,0
"Pbrm1",102455,8480,93975
"LOC105245714",22285,4045,18240
"Smim4",4426,403,4023
"Nt5dc2",8067,1843,6224
"Stab1",29636,8024,21612
"Nisch",35899,9356,26543
"Tnnc1",3400,703,2697
"Sema3g",12480,4615,7865
"Phf7",13686,2147,11539
"Bap1",8476,3441,5035
"Dnah1",63689,13120,50569
"Gm35823",53073,2283,50790
"Capn7",35372,4677,30695
"Sh3bp5",62260,2970,59290
"Gm35907",28416,491,27925
"LOC105245715",4338,3415,923
"Mettl6",34662,4653,30009
"Eaf1",14780,4238,10542
"Colq",54782,3897,50885
"LOC102639719",13343,850,12493
"Hacl1",34061,2739,31322
"Btd",27199,2000,25199
"Gm36022",8544,8004,540
"Ankrd28",131648,8133,123515
"LOC105245716",2655,2655,0
"Gm36105",2017,775,1242
"Gm36164",1601,202,1399
"LOC102640059",13667,2456,11211
"LOC105245717",2867,2250,617
"LOC105245718",2478,986,1492
"Galnt15",33554,6713,26841
"Dph3",5176,3393,1783
"Oxnad1",17476,2244,15232
"LOC105245719",5818,3620,2198
"Msmb",16305,1423,14882
"Gm18909",1176,1176,0
"Ncoa4",19969,4267,15702
"Timm23",21726,1162,20564
"Parg",96766,5688,91078
"Gm7707",1177,1177,0
"LOC105245720",7061,5398,1663
"Ogdhl",26139,3786,22353
"LOC105245722",6500,4518,1982
"1700024G13Rik",11872,398,11474
"Chat",57707,2810,54897
"Slc18a3",2414,2414,0
"Ercc6",67703,12108,55595
"Prrxl1",53483,7410,46073
"3425401B19Rik",48704,6294,42410
"Gm28651",62809,5344,57465
"Gm36611",13353,327,13026
"1810011H11Rik",32085,1552,30533
"Fam170b",2828,1694,1134
"LOC105245723",17187,722,16465
"Vstm4",82766,2775,79991
"Gm7734",1232,1232,0
"Gm36674",10729,3530,7199
"Wdfy4",234309,11012,223297
"Lrrc18",23911,2914,20997
"LOC102640775",428,428,0
"Arhgap22",155934,5159,150775
"LOC105245724",2221,665,1556
"Mapk8",69317,5884,63433
"Gm626",103574,6412,97162
"Ptpn20",51554,3406,48148
"4930503F20Rik",3378,1151,2227
"Gm30031",10626,5252,5374
"Gdf10",11699,2512,9187
"Gdf2",6160,2988,3172
"Rbp3",10195,5276,4919
"Zfp488",11903,5432,6471
"Gm30083",46257,3460,42797
"Gm5460",30823,3720,27103
"A630023A22Rik",51629,1338,50291
"Antxrl",23611,3243,20368
"Anxa8",14593,1882,12711
"Gm30556",1381,524,857
"Gm7778",371,371,0
"Npy4r",6774,1903,4871
"Rpl23a-ps3",533,533,0
"Gm18884",551,551,0
"Gprin2",16005,12181,3824
"Syt15",10376,4184,6192
"Fam35a",73556,4466,69090
"Gm18813",1352,1352,0
"Glud1",34307,3158,31149
"Gm3219",632,632,0
"Fam25c",3512,367,3145
"LOC105245727",2445,1990,455
"Sncg",4396,732,3664
"Mmrn2",28784,3935,24849
"Bmpr1a",92472,5850,86622
"9230112D13Rik",11181,778,10403
"Gm30748",767,767,0
"Ldb3",62000,6033,55967
"Opn4",9525,2869,6656
"Wapal",76497,8792,67705
"A930038B10Rik",6651,4195,2456
"Gm30969",3722,1289,2433
"Grid1",763392,6607,756785
"Mir346",98,98,0
"LOC105245731",6624,6504,120
"LOC105245730",5626,4978,648
"LOC105245729",1696,1651,45
"Gm31039",3391,3391,0
"Gm19016",997,997,0
"4930596D02Rik",2493,1162,1331
"Gm19129",617,617,0
"Gm7853",4424,947,3477
"4930474N05Rik",2460,1408,1052
"Gm17940",667,667,0
"Ccser2",93829,7934,85895
"Gm31131",14759,2054,12705
"Gm31192",570,570,0
"Rgr",14106,4594,9512
"Lrit1",10109,4317,5792
"Lrit2",5687,2781,2906
"Cdhr1",20463,4304,16159
"2610528A11Rik",7962,756,7206
"Ghitm",14884,3319,11565
"Gm18834",779,779,0
"Gm31393",5693,778,4915
"Gm5203",1162,1089,73
"Gm5204",120389,927,119462
"Gm18523",791,791,0
"Gm31456",54171,549,53622
"Nrg3",1108012,7910,1100102
"Gm3386",417,417,0
"Nrg3os",60493,927,59566
"Gm20642",28121,474,27647
"Gm31606",1156,1156,0
"Gm18785",1131,1131,0
"LOC432842",1742,1742,0
"1700109I08Rik",29631,396,29235
"Gm35389",322,322,0
"Eif1-ps1",1244,1244,0
"Gm4817",2529,2529,0
"Gm2791",504,504,0
"Gm5205",1238,1238,0
"Sh2d4b",90817,15933,74884
"Tspan14",60381,2664,57717
"Gm31839",7008,1977,5031
"Fam213a",20098,2231,17867
"Dydc2",25093,2576,22517
"Dydc1",19287,995,18292
"Mat1a",19417,3507,15910
"Sftpa1",4587,2776,1811
"Gm7920",737,737,0
"Mbl1",8141,1655,6486
"Sftpd",12987,1326,11661
"Gm31895",2584,314,2270
"Gm2832",22321,968,21353
"LOC102634703",3588,588,3000
"LOC102634872",2479,225,2254
"LOC102635554",5245,1128,4117
"Gm32762",5849,896,4953
"LOC102635067",2291,231,2060
"Gm7970",4817,1008,3809
"1700049E17Rik2",7785,1265,6520
"LOC105242411",351870,2575,349295
"LOC102639794",4730,668,4062
"Gm8068",13724,882,12842
"LOC102638624",220268,1639,218629
"LOC105245733",2265,231,2034
"LOC102639037",5306,920,4386
"Gm7980",4831,1008,3823
"1700049E17Rik1",7779,1265,6514
"1700024B05Rik",59831,1580,58251
"LOC102637484",2222,510,1712
"1700091H14Rik",5528,1388,4140
"LOC102638116",2436,230,2206
"LOC105245732",5368,530,4838
"Gm5376",5242,776,4466
"Gm17027",3357,504,2853
"Gm7995",106084,1788,104296
"Gm17026",5390,1379,4011
"Gm2959",126183,1070,125113
"LOC105245734",3677,616,3061
"Gm8005",5403,1156,4247
"Gm8011",7716,1043,6673
"Gm21754",2471,225,2246
"LOC102636948",9879,771,9108
"LOC101055806",119948,5580,114368
"LOC105245735",5356,1182,4174
"LOC105245867",2605,661,1944
"LOC105242438",2269,231,2038
"Gm10377",5427,906,4521
"Gm7152",10123,588,9535
"Gm21977",13707,882,12825
"LOC102640955",2269,231,2038
"Gm10376",2523,447,2076
"LOC101056159",68929,2946,65983
"Gm8094",2505,221,2284
"LOC102639170",13677,1203,12474
"Gm3141",20152,983,19169
"Gm7233",18745,2595,16150
"LOC102633225",5539,1340,4199
"Gm8126",8156,8156,0
"Gm8127",2830,543,2287
"Gm9597",78046,1340,76706
"1700001F09Rik",5428,883,4545
"Gm21154",276048,1567,274481
"LOC105245737",2542,221,2321
"LOC105245736",44875,711,44164
"Gm21162",2553,232,2321
"Gm10375",5387,836,4551
"Gm8165",2274,220,2054
"Gm7324",1637,1637,0
"LOC102634304",2254,224,2030
"LOC105245740",14917,708,14209
"LOC105242437",2298,224,2074
"LOC105245739",2273,430,1843
"Gm32427",11274,814,10460
"Ear1",875,713,162
"Ear-ps12",467,467,0
"Ang-ps2",8111,794,7317
"Gm32537",11103,626,10477
"Ear-ps9",649,649,0
"LOC105245738",7977,600,7377
"Ear-ps8",467,467,0
"Ang-ps3",616,616,0
"Ear10",471,471,0
"Gm32482",2103,256,1847
"LOC100861770",853,853,0
"Ang5",6012,708,5304
"Ear-ps7",447,447,0
"Ear-ps10",467,467,0
"Ang6",9825,736,9089
"Gm8194",928,928,0
"Ear-ps2",655,655,0
"Ang-ps1",618,618,0
"Ear2",878,716,162
"LOC105245741",1618,712,906
"Gm18216",1310,1310,0
"LOC102635261",2308,225,2083
"LOC102639603",2142,489,1653
"4930503E14Rik",9542,1596,7946
"1700047E10Rik",21631,568,21063
"Gm8212",4071,888,3183
"Gm32857",89297,1423,87874
"Gm6532",1617,1617,0
"Gm8220",5469,1571,3898
"Gm5930",57233,2222,55011
"Gm8229",16068,941,15127
"LOC100861814",49224,1531,47693
"Gm8232",5384,1236,4148
"BC061237",6224,899,5325
"Gm5624",70787,1712,69075
"LOC102636873",5264,1584,3680
"Gm16439",1617,1617,0
"Gm8256",5372,1309,4063
"Gm8257",7826,7826,0
"Gm8267",7821,1422,6399
"Gm34060",15288,559,14729
"LOC105245742",3723,836,2887
"Gm17070",963,963,0
"Gm34198",7724,1791,5933
"Ptgdr",8210,3373,4837
"Gm16976",116000,1524,114476
"Gm18524",1056,1056,0
"LOC105245743",13053,1068,11985
"Mir327",69,69,0
"4930431P03Rik",6408,2282,4126
"Ptger2",15710,4135,11575
"Gm21010",1286,1286,0
"Txndc16",85106,5381,79725
"Gm34362",1665,503,1162
"Gm15765",920,920,0
"Gpr137c",63050,4355,58695
"Ero1l",35486,4418,31068
"Psmc6",19248,1564,17684
"Styx",25699,4258,21441
"Gnpnat1",12536,2986,9550
"LOC105245744",30638,784,29854
"Gm34250",4673,931,3742
"Fermt2",71322,3345,67977
"LOC105245745",4750,267,4483
"4930527F14Rik",19168,735,18433
"Gm34313",8044,550,7494
"Gm5206",829,829,0
"LOC105245746",7425,1241,6184
"Ddhd1",64973,5222,59751
"Mir5131",93,93,0
"Gm34360",4317,2095,2222
"LOC101056029",1844,670,1174
"Gm8317",492,492,0
"Gm6580",1795,1795,0
"Gm1821",931,703,228
"Gm34499",6574,1008,5566
"Gm15217",4085,676,3409
"Bmp4",7080,2474,4606
"LOC102638002",1400,1274,126
"Gm34756",12363,349,12014
"LOC102638201",22000,4019,17981
"Rubie",7521,1404,6117
"4933425B07Rik",34618,1926,32692
"Gm18761",701,701,0
"LOC105245747",3787,1088,2699
"Cdkn3",11066,890,10176
"Cnih1",13322,3408,9914
"Gmfb",14115,4195,9920
"Cgrrf1",22108,1363,20745
"Gm34934",3808,3240,568
"Samd4",222853,7945,214908
"Mir378c",99,99,0
"Gm10371",18483,1411,17072
"Gch1",35508,2764,32744
"Gm18811",665,665,0
"Wdhd1",35914,5128,30786
"Socs4",14449,2154,12295
"Gm35078",2000,641,1359
"Mapk1ip1l",25212,9203,16009
"LOC105245748",13977,1901,12076
"Lgals3",12308,1406,10902
"Dlgap5",30629,2964,27665
"Gm8353",490,490,0
"Fbxo34",59402,4162,55240
"Gm35166",6107,1301,4806
"Atg14",27542,3451,24091
"Gm6616",428,428,0
"Ktn1",88112,6705,81407
"4930538L07Rik",479,363,116
"LOC105245749",14343,798,13545
"Gm35360",8856,612,8244
"4930447J18Rik",45326,825,44501
"Gm6055",700,700,0
"Peli2",187326,6464,180862
"Gm6498",29698,1599,28099
"Gm35418",6214,5958,256
"Gm18962",892,892,0
"Gm3534",1189,1189,0
"Tmem260",74581,7172,67409
"4930572G02Rik",50276,8327,41949
"Gm35766",4564,503,4061
"Otx2",10193,3183,7010
"Otx2os1",124061,743,123318
"LOC105245868",3084,738,2346
"LOC102643128",12088,2652,9436
"LOC105245750",17884,5062,12822
"LOC102639645",12654,5149,7505
"4933429O19Rik",8240,1629,6611
"Gm36024",1901,1456,445
"Exoc5",54746,5068,49678
"Ap5m1",27620,6611,21009
"Rpl19-ps3",700,700,0
"Naa30",18899,4911,13988
"1700011H14Rik",21408,3515,17893
"Slc35f4",227319,2105,225214
"Gm36082",2988,1625,1363
"3632451O06Rik",101748,3587,98161
"Gm36146",27074,6172,20902
"Gm8417",2601,1446,1155
"Olfr722",7684,1582,6102
"Olfr723",3225,1078,2147
"Olfr724",1006,1006,0
"Olfr725",1110,1110,0
"Olfr726",966,966,0
"Olfr727",1035,1035,0
"Olfr728",936,936,0
"Olfr729",972,972,0
"Olfr730",957,957,0
"Gm36270",49530,181,49349
"Olfr731",981,981,0
"Olfr732",2938,1077,1861
"Olfr733",994,994,0
"Olfr734",16753,1015,15738
"Olfr735",1065,1065,0
"Tlr11",5750,3207,2543
"Olfr736",939,939,0
"Olfr737-ps1",741,741,0
"Olfr738",936,936,0
"Olfr739",930,930,0
"Olfr740",936,936,0
"Olfr741",13339,1144,12195
"4930413M19Rik",17175,600,16575
"Olfr742",1120,1120,0
"Olfr743",936,936,0
"Gm19109",961,961,0
"Olfr744",972,972,0
"Olfr745",1175,1175,0
"Olfr746",945,945,0
"Gm18762",1847,1847,0
"Olfr747",955,955,0
"Olfr748",924,924,0
"Olfr749",8106,1021,7085
"LOC105245751",2644,2612,32
"Ttc5",20112,3661,16451
"Gm10916",1119,1119,0
"Ccnb1ip1",6735,1833,4902
"Rpph1",325,325,0
"Parp2",13404,1905,11499
"Tep1",46494,8395,38099
"Gm26782",6737,622,6115
"Klhl33",5196,1783,3413
"A930018M24Rik",2834,2834,0
"Osgep",9520,1636,7884
"Apex1",2245,1317,928
"Tmem55b",4836,2952,1884
"Pnp",9110,2941,6169
"Pnp2",8609,1291,7318
"Gm8518",767,767,0
"Rnase10",3011,1668,1343
"Rnase9",3447,1305,2142
"Rnase11",7009,1885,5124
"Rnase12",545,545,0
"Olfr750",1132,1132,0
"Rnase4",15075,1996,13079
"Ang",10933,1275,9658
"Eddm3b",3446,1480,1966
"Rnase6",8275,2447,5828
"Rnase1",1766,970,796
"Rnase2b",759,759,0
"Ear-ps1",375,375,0
"Ang2",438,438,0
"Ear14",462,462,0
"Rnase2a",852,691,161
"Gm7106",558,558,0
"4930597G03Rik",28155,1140,27015
"Gm36641",2041,410,1631
"Gm7107",1362,1362,0
"Gm7247",163503,743,162760
"Vmn2r-ps110",3690,3690,0
"Vmn2r88",8527,3223,5304
"Vmn2r-ps111",3517,3517,0
"Vmn2r89",9332,2945,6387
"Gm5622",110187,1736,108451
"LOC102641463",6930,1816,5114
"Gm19156",534,534,0
"Gm19157",537,537,0
"Gm17078",2257,221,2036
"Gm19158",534,534,0
"Gm17079",2284,232,2052
"Gm5800",5489,851,4638
"Ear-ps3",451,451,0
"Ang4",9699,695,9004
"Ear-ps4",452,452,0
"AY358078",26314,1461,24853
"Gm18579",853,853,0
"Gm6047",2521,2521,0
"Ear-ps5",477,477,0
"Ear6",876,713,163
"Mettl17",7027,1623,5404
"Slc39a2",4774,4364,410
"Ndrg2",8822,3079,5743
"Tppp2",2280,746,1534
"Rnase13",1913,1759,154
"Gm19259",358,358,0
"Arhgef40",21567,6100,15467
"Gm16617",2441,713,1728
"Zfp219",14659,7973,6686
"Tmem253",4513,2965,1548
"Olfr221",936,936,0
"LOC102631924",1006,1006,0
"Hnrnpc",30649,4035,26614
"Rpgrip1",57234,5906,51328
"Gm18976",569,569,0
"Supt16",36821,4491,32330
"Chd8",59672,10165,49507
"Snord8",99,99,0
"Rab2b",17637,2756,14881
"Tox4",16364,4458,11906
"Mettl3",10284,2026,8258
"Sall2",17494,5336,12158
"Olfr1513",942,942,0
"Gm4742",954,954,0
"Olfr1512",942,942,0
"Olfr1511",8221,2103,6118
"LOC105245752",25825,1691,24134
"Olfr1510",1039,1039,0
"Tcra",1796232,1796232,0
"Trav1",910,332,578
"Olfr1509",1010,1010,0
"Olfr1508",4741,1868,2873
"Olfr1507",5761,1679,4082
"Gm9537",10503,10503,0
"Gm36382",556,556,0
"Gm36448",2490,618,1872
"Gm7122",2225,2225,0
"Trav2",761,330,431
"Trav3-1",452,417,35
"Trav4-1",498,327,171
"Trav5-1",517,343,174
"Trav6-1",448,338,110
"Trav7-1",513,337,176
"Trav6-2",454,341,113
"Trav7d-2",509,337,172
"Trav4d-2",486,331,155
"Trav6d-3",1612,338,1274
"Trav7d-3",525,335,190
"Trav6d-4",449,340,109
"Trav7d-4",530,341,189
"Gm5408",915,915,0
"Trav8d-1",486,337,149
"Trav9d-1",461,336,125
"Trav6d-5",469,338,131
"Trav10d",500,332,168
"Trav6d-6",438,348,90
"Trav11d",557,343,214
"Trav7d-5",527,329,198
"Trav12d-1",482,341,141
"Trav13d-1",512,323,189
"Trav14d-1",502,364,138
"Gm6740",1752,1752,0
"Trav15d-1-dv6d-1",569,349,220
"Trav3d-2",494,338,156
"Trav9d-2",433,340,93
"Trav4d-3",499,328,171
"Rps19-ps2",474,474,0
"Trav5d-2",286,286,0
"Trav12d-2",512,338,174
"Trav9d-3",433,338,95
"Trav5d-3",213,213,0
"Trav12d-3",494,342,152
"Trav13d-2",526,331,195
"Trav14d-2",502,364,138
"Trav15d-2-dv6d-2",573,342,231
"Gm8704",1044,1044,0
"Trav3d-3",507,343,164
"Trav9d-4",315,220,95
"Trav4d-4",501,329,172
"Trav5d-4",519,346,173
"Trav6d-7",467,335,132
"C920008G01Rik",533,334,199
"5830410O09Rik",7050,7050,0
"Trav13d-3",518,337,181
"Trav8d-2",464,337,127
"Trav16d-dv11",535,326,209
"Trav13d-4",513,338,175
"Trav14d-3-dv8",499,361,138
"Trav15d-3",460,218,242
"Trav7n-4",530,340,190
"Trav9n-1",465,339,126
"Trav6n-5",474,336,138
"Trav10n",498,333,165
"Trav6n-6",438,341,97
"Trav11n",557,343,214
"Trav7n-5",527,329,198
"Trav12n-1",482,341,141
"Trav13n-1",512,331,181
"Trav14n-1",502,364,138
"Gm6755",2254,2254,0
"Trav15n-1",572,352,220
"Trav3n-2",494,334,160
"Trav9n-2",423,330,93
"Trav4n-3",502,331,171
"Rps19-ps1",474,474,0
"Trav5n-2",277,277,0
"Trav12n-2",517,344,173
"Trav9n-3",435,340,95
"Trav5n-3",280,280,0
"Trav12n-3",494,347,147
"Trav13n-2",526,331,195
"Trav14n-2",502,364,138
"Trav15n-2",573,352,221
"Gm3922",1047,1047,0
"Trav3n-3",507,343,164
"Trav9n-4",435,340,95
"Trav4n-4",501,331,170
"Trav5n-4",519,347,172
"Trav6n-7",467,368,99
"Trav7n-6",533,341,192
"LOC105245753",9781,294,9487
"Trav13n-3",518,337,181
"Trav8n-2",464,337,127
"Trav16n",700,700,0
"Trav13n-4",1739,331,1408
"Trav14n-3",499,361,138
"Trav15n-3",458,227,231
"Trav7-2",504,332,172
"Trav4-2",486,334,152
"Trav6-3",1617,338,1279
"Trav7-3",526,337,189
"Trav6-4",458,339,119
"Trav7-4",530,341,189
"Gm18711",765,765,0
"Trav8-1",476,307,169
"Trav9-1",462,337,125
"Trav6-5",471,338,133
"Trav10",497,333,164
"Trav6-6",438,344,94
"Trav11",557,343,214
"Trav7-5",528,329,199
"Trav12-1",473,341,132
"Trav13-1",512,331,181
"Trav14-1",502,364,138
"Trav15-1-dv6-1",572,352,220
"Trav3-2",494,334,160
"Trav9-2",425,330,95
"Trav4-3",500,328,172
"Trav5-2",289,289,0
"Trav12-2",518,344,174
"Trav12-3",494,347,147
"Trav13-2",512,331,181
"Trav14-2",451,451,0
"Trav15-2-dv6-2",570,349,221
"Gm17792",1045,1045,0
"Trav3-3",502,343,159
"Trav9-4",433,338,95
"Trav4-4-dv10",501,331,170
"Trav5-4",508,347,161
"Trav6-7-dv9",477,368,109
"Trav7-6",532,341,191
"Trav13-3",517,336,181
"Trav8-2",464,337,127
"Trav13-4-dv7",512,331,181
"Trav14-3",499,361,138
"Trav15-3",445,141,304
"Trav3-4",506,343,163
"Trav12-4",243,243,0
"B230359F08Rik",509,328,181
"Trav17",477,341,136
"Trav18",723,328,395
"Trav19",506,341,165
"Trav20",552,347,205
"Trav21-dv12",737,332,405
"Trdv1",606,337,269
"Gm30392",102003,1647,100356
"Trav22",618,345,273
"Tcrd",213126,213126,0
"Trdv2-1",588,348,240
"Gm30333",14841,239,14602
"Trdv2-2",610,348,262
"Trav23",526,347,179
"Trdv3",306,306,0
"Gm30275",59001,3798,55203
"Trdv4",512,345,167
"Trdd1",9,9,0
"Trdd2",16,16,0
"Trdj1",51,51,0
"Trdj2",59,59,0
"Trdc",3258,1105,2153
"Trdv5",540,345,195
"Traj61",72,72,0
"Traj60",53,53,0
"Traj59",62,62,0
"Traj58",63,63,0
"Traj57",63,63,0
"Traj56",63,63,0
"Traj55",63,63,0
"Traj54",54,54,0
"Traj53",66,66,0
"Traj52",66,66,0
"Traj51",43,43,0
"Traj50",63,63,0
"Traj49",59,59,0
"Traj48",61,61,0
"Traj47",55,55,0
"Traj46",61,61,0
"Traj45",60,60,0
"Traj44",61,61,0
"Traj43",57,57,0
"Traj42",64,64,0
"Traj41",55,55,0
"Traj40",61,61,0
"Traj39",63,63,0
"Traj38",62,62,0
"Traj37",60,60,0
"Traj36",63,63,0
"Traj35",65,65,0
"Traj34",58,58,0
"Traj33",57,57,0
"Traj32",66,66,0
"Traj31",57,57,0
"Traj30",59,59,0
"Traj29",60,60,0
"Traj28",65,65,0
"Traj27",59,59,0
"Traj26",60,60,0
"Traj25",57,57,0
"Traj24",56,56,0
"Traj23",60,60,0
"Traj22",60,60,0
"Traj21",57,57,0
"Traj20",58,58,0
"Traj19",61,61,0
"Traj18",66,66,0
"Traj17",63,63,0
"Traj16",61,61,0
"Traj15",60,60,0
"Traj14",34,34,0
"Traj13",57,57,0
"Traj12",59,59,0
"Traj11",59,59,0
"Traj9",58,58,0
"Traj8",37,37,0
"Traj7",59,59,0
"Traj6",62,62,0
"Traj5",62,62,0
"Traj4",63,63,0
"Traj3",66,66,0
"Traj2",66,66,0
"Traj1",29,29,0
"Trac",3678,909,2769
"Dad1",18445,3735,14710
"Abhd4",15041,2852,12189
"Olfr49",1030,1030,0
"Gm3945",683,683,0
"Oxa1l",8829,2534,6295
"Slc7a7",48261,2958,45303
"Mrpl52",2842,412,2430
"Mmp14",9655,2597,7058
"Lrp10",6146,3025,3121
"Rem2",4335,1887,2448
"LOC105245754",601,251,350
"Prmt5",10289,2720,7569
"LOC105245757",3349,277,3072
"LOC105245756",273,234,39
"LOC105245755",4242,3938,304
"LOC105245758",199,160,39
"Haus4",12577,1873,10704
"Ajuba",10193,3503,6690
"4931414P19Rik",22893,5094,17799
"Psmb5",3876,871,3005
"Mir686",109,109,0
"Psmb11",4247,4247,0
"Cdh24",9373,2966,6407
"Acin1",44771,5987,38784
"Mir6948",62,62,0
"4930579G18Rik",4590,1461,3129
"Gm8776",629,629,0
"1700123O20Rik",4572,1889,2683
"Gm29776",7916,4019,3897
"Gm30749",5429,1446,3983
"Cebpe",1812,1238,574
"Slc7a8",59672,4052,55620
"Rnf212b",70770,1841,68929
"Gm17772",354,354,0
"Homez",18617,6787,11830
"Ppp1r3e",1942,1852,90
"Bcl2l2",5730,4602,1128
"Pabpn1",4785,1888,2897
"Slc22a17",6413,2405,4008
"Efs",10246,3571,6675
"Il25",6441,1599,4842
"Cmtm5",2808,890,1918
"Myh6",26094,6267,19827
"Mir208a",83,83,0
"Gm31132",1577,1071,506
"Mhrt",5563,828,4735
"Myh7",23862,6054,17808
"Mir208b",77,77,0
"Gm31251",25446,3398,22048
"Ngdn",8685,1201,7484
"Gm10364",4515,1325,3190
"Gm20687",18935,1680,17255
"Zfhx2",32169,15687,16482
"Zfhx2os",2784,2487,297
"Thtpa",4212,2839,1373
"Ap1g2",7759,3003,4756
"Gm31607",1547,387,1160
"Jph4",10110,4489,5621
"Dhrs2",117287,3141,114146
"Gm6852",1381,1381,0
"Gm8894",612,612,0
"LOC105245759",2172,1411,761
"Dhrs4",11738,2248,9490
"Lrrc16b",17617,5511,12106
"Cpne6",7369,2674,4695
"Nrl",6004,2680,3324
"Pck2",10515,4163,6352
"Dcaf11",10129,3399,6730
"Fitm1",1279,912,367
"Psme1",3034,977,2057
"Emc9",3838,1123,2715
"Psme2",3707,1321,2386
"Rnf31",11959,3467,8492
"Irf9",6046,2688,3358
"Rec8",7230,2055,5175
"Ipo4",10324,3930,6394
"Tm9sf1",7842,2998,4844
"Tssk4",8667,3448,5219
"Mdp1",2630,1802,828
"Nedd8",9640,602,9038
"Gmpr2",15400,2249,13151
"Tinf2",6417,3620,2797
"Tgm1",13913,3239,10674
"Gm31979",380,292,88
"Rabggta",6492,2739,3753
"Dhrs1",6665,1593,5072
"Nop9",9942,3828,6114
"Cideb",4373,1176,3197
"Ltb4r2",6151,2568,3583
"Ltb4r1",3445,2306,1139
"Adcy4",15040,3587,11453
"Gm32092",9644,1069,8575
"Ripk3",3863,1965,1898
"LOC105245760",4706,2535,2171
"Nfatc4",9149,4019,5130
"Nynrin",20622,7413,13209
"Cbln3",5337,4723,614
"Khnyn",13817,5994,7823
"Sdr39u1",2997,1636,1361
"Cma1",3211,1076,2135
"Mcpt-ps1",2563,793,1770
"Cma2",23226,1316,21910
"Gm5801",1189,1189,0
"Mcpt1",2428,1028,1400
"Mcpt2",23052,1216,21836
"Mcpt9",3738,2106,1632
"Mcpt4",2567,990,1577
"Mcpt8",3114,918,2196
"Mir6949",68,68,0
"Ctsg",2694,1002,1692
"Gzme",3007,923,2084
"Gzmd",3048,959,2089
"Gzmg",2999,910,2089
"Gm9547",1541,1541,0
"Gzmn",8827,1014,7813
"Gm8961",9036,945,8091
"Gm8963",678,678,0
"Gzmf",6145,909,5236
"Gzmc",10243,1112,9131
"Gm4819",1218,1218,0
"Gzmb",3405,1418,1987
"Gm36612",1204,662,542
"Atp12a",23484,3951,19533
"Gm32454",7166,673,6493
"Rnf17",122399,5656,116743
"Gm18947",1128,1128,0
"Gm24392",2036,2036,0
"Cenpj",48811,5328,43483
"Parp4",84180,6502,77678
"Gm16573",13092,1124,11968
"LOC102635341",2217,2217,0
"Mphosph8",29191,2983,26208
"Gm16973",4726,2171,2555
"Pspc1",55876,2383,53493
"Gm4479",502,502,0
"Zmym5",21312,6976,14336
"Gm4037",720,720,0
"2410022M11Rik",1969,1969,0
"Gm22498",8821,848,7973
"Gm8983",1110,1110,0
"Zmym2",76160,7373,68787
"Gm36789",41645,912,40733
"B020004C17Rik",3849,2385,1464
"Gja3",23651,3040,20611
"Gjb2",6101,2404,3697
"Gm32912",8036,3609,4427
"Gm4491",4783,2928,1855
"Gjb6",10311,2724,7587
"LOC105245761",10369,503,9866
"Gm8996",410,410,0
"Cryl1",123450,1410,122040
"Gm8971",398,398,0
"LOC105245762",7589,1204,6385
"Gm29717",704,704,0
"AU040096",2210,2098,112
"Ift88",94280,4048,90232
"Il17d",18338,1222,17116
"N6amt2",21974,1323,20651
"1700039M10Rik",1902,1530,372
"Xpo4",87466,8391,79075
"Lats2",56462,5554,50908
"Gm29850",8518,1098,7420
"Sap18",6792,3458,3334
"Mir3077",64,64,0
"Ska3",19631,2288,17343
"Mrpl57",2860,2674,186
"Zdhhc20",58133,6165,51968
"Micu2",83076,2403,80673
"LOC105245763",3957,3397,560
"Gm9012",595,595,0
"Fgf9",41684,4975,36709
"Gm18080",647,647,0
"Gm33321",2564,639,1925
"Gm33430",16288,741,15547
"Gm9022",1215,1215,0
"Rpl13-ps3",701,701,0
"Gm33472",2005,901,1104
"LOC105245764",25895,398,25497
"1700129C05Rik",9891,1138,8753
"Gm5142",20247,626,19621
"Rcbtb1",36241,4555,31686
"Gm6904",15776,1348,14428
"Phf11a",20610,1499,19111
"Phf11b",20414,1527,18887
"Phf11d",23114,2924,20190
"Phf11c",60058,7706,52352
"Setdb2",38867,3034,35833
"Cab39l",107941,3423,104518
"LOC105245765",5536,2021,3515
"Cdadc1",38597,5494,33103
"Gm18835",868,868,0
"Gm18073",548,548,0
"Shisa2",6380,3146,3234
"Gm19716",1837,1837,0
"Atp8a2",549760,6690,543070
"Gm9013",953,953,0
"4930563I02Rik",18126,10370,7756
"LOC105245767",6098,6098,0
"Gm16261",4273,4273,0
"LOC105245766",4924,2459,2465
"Gm33582",9582,9052,530
"Nupl1",45893,2861,43032
"Mir719",110,110,0
"LOC102642877",12434,2694,9740
"Mtmr6",37189,4050,33139
"Gm34874",27001,255,26746
"Amer2",14905,10548,4357
"Gm34935",764,330,434
"Gm6066",729,729,0
"LOC105245770",114120,896,113224
"LOC105245769",7863,1954,5909
"Spata13",130393,8754,121639
"LOC105245768",6236,3228,3008
"Gm34997",4122,2868,1254
"C1qtnf9",12736,2032,10704
"Mipepos",4439,1941,2498
"Mipep",120920,3688,117232
"Tnfrsf19",83022,4777,78245
"LOC105245771",12582,629,11953
"LOC105245772",23300,2773,20527
"Sacs",102267,17016,85251
"Sgcg",55753,3632,52121
"Gm17778",4090,1076,3014
"Gm19097",1027,1027,0
"1700109G14Rik",12352,798,11554
"Arl11",5650,2983,2667
"Gm5461",1327,1327,0
"Ebpl",20683,2077,18606
"Kpna3",74762,4167,70595
"Rps12-ps2",453,453,0
"LOC105245773",17558,267,17291
"4930556J02Rik",7695,677,7018
"LOC105245774",1645,1595,50
"Spryd7",23008,2197,20811
"Vmn1r-ps136",418,418,0
"Gm4118",645,645,0
"Trim13",7721,1827,5894
"Dleu2",79538,1694,77844
"Kcnrg",5377,1832,3545
"Mir16-1",93,93,0
"Mir15a",84,84,0
"Gm27017",6604,5075,1529
"Gm35196",3813,3081,732
"Gm35247",4662,1134,3528
"LOC105245775",1374,454,920
"Gm35307",4061,633,3428
"Gm35419",50734,357,50377
"Gm35361",729,589,140
"Dleu7",16751,1332,15419
"LOC105245777",4163,2630,1533
"Rnaseh2b",60641,2734,57907
"Gucy1b2",84540,4864,79676
"Gm35468",6438,1291,5147
"LOC105245776",2714,353,2361
"Gm4131",19280,2363,16917
"Gm6076",663,663,0
"Gm5802",908,908,0
"Gm35595",5553,548,5005
"Fam124a",52750,3974,48776
"Serpine3",28577,1402,27175
"Ints6",85046,8701,76345
"4931440J10Rik",69626,891,68735
"Gm35678",25135,5579,19556
"Gm18146",518,518,0
"Gm26536",1807,1703,104
"Wdfy2",123820,6728,117092
"Mir8098",137,137,0
"Mir6541",110,110,0
"LOC105245778",5683,3150,2533
"Gm21021",1190,1190,0
"Defb48",6987,445,6542
"Defb47",8806,1081,7725
"Defb43",6318,408,5910
"Gm19198",582,582,0
"Defb30",3760,1002,2758
"Defb42",1616,614,1002
"2700070H01Rik",3077,1746,1331
"Gm35908",6734,3223,3511
"Gm36025",12180,1153,11027
"Gm17941",1778,1778,0
"Ctsb",23462,4743,18719
"Fdft1",34506,5230,29276
"Neil2",11800,2935,8865
"Gata4",72800,3962,68838
"Gm4151",49795,6216,43579
"Gm36165",14542,764,13778
"Blk",44357,3016,41341
"Gm21430",2038,1245,793
"Fam167a",29109,4863,24246
"Tdh",16746,1881,14865
"LOC105245779",5873,438,5435
"Mtmr9",24400,6464,17936
"LOC105245780",3637,2037,1600
"Xkr6",213882,5456,208426
"LOC102640169",43543,5364,38179
"Gm36218",17035,16123,912
"Mir598",79,79,0
"LOC105245781",54758,34883,19875
"LOC102640241",1404,434,970
"Pinx1",59562,1476,58086
"Sox7",7027,3266,3761
"4930578I06Rik",16660,1190,15470
"Gm36410",3999,2013,1986
"Rp1l1",41076,6759,34317
"Prss55",9999,1355,8644
"Prss51",12150,1937,10213
"4930471C04Rik",4941,865,4076
"Prss52",9429,1181,8248
"Gm17116",4599,2440,2159
"9630015K15Rik",11393,3650,7743
"Msra",333283,2952,330331
"LOC105245782",10203,5494,4709
"Gm36506",8626,2055,6571
"A930011O12Rik",5847,4039,1808
"Mir124a-1",85,85,0
"Mir3078",87,87,0
"Gm36924",13609,359,13250
"Kif13b",157129,10415,146714
"Gm19019",589,589,0
"Hmbox1",138307,13253,125054
"LOC105245783",6779,6779,0
"Gm4573",1361,1074,287
"Ints9",89791,2709,87082
"Gm29957",9193,3577,5616
"Extl3",97841,6130,91711
"Gm30008",3667,464,3203
"LOC105245784",12968,3088,9880
"Fzd3",70023,12742,57281
"LOC105245785",5078,5078,0
"Fbxo16",57533,3996,53537
"LOC105245786",2728,883,1845
"Zfp395",40481,4455,36026
"LOC105245787",8576,8269,307
"Pnoc",24909,2266,22643
"9530047P18Rik",1297,278,1019
"Gm30179",13905,419,13486
"Elp3",62667,3042,59625
"LOC105245788",7614,7555,59
"Nuggc",54946,3037,51909
"Gm30245",3721,733,2988
"Scara5",98424,5596,92828
"Pbk",11912,1716,10196
"Esco2",14943,2899,12044
"Ccdc25",29303,2227,27076
"LOC105245789",11258,1215,10043
"Scara3",34350,3405,30945
"LOC105245790",6191,3814,2377
"Gm19222",2187,2134,53
"Clu",13065,2100,10965
"Gulo",22469,2310,20159
"Adam2",50528,2674,47854
"Gm10233",1143,1143,0
"Ephx2",40151,2588,37563
"Chrna2",20159,4647,15512
"Ptk2b",127810,4279,123531
"1700001G11Rik",1803,771,1032
"Trim35",14400,3684,10716
"LOC105245791",8166,3526,4640
"Stmn4",17378,1554,15824
"LOC105245792",2407,297,2110
"LOC105245793",13981,668,13313
"Adra1a",136224,9201,127023
"Gm9130",546,546,0
"Dpysl2",108056,4910,103146
"Gm5464",2156,2156,0
"Pnma2",19382,8349,11033
"Gm9570",2687,2687,0
"Bnip3l",23657,3403,20254
"Ppp2r2a",58416,4108,54308
"Gm30438",30050,4722,25328
"Gm30806",8570,1151,7419
"LOC105245795",780,425,355
"Ebf2",197661,5757,191904
"LOC105245794",10784,9549,1235
"Gm6878",9824,2018,7806
"4930438E09Rik",65701,776,64925
"Gm10860",6978,1883,5095
"LOC328436",25247,2191,23056
"Gm30334",459,459,0
"Cdca2",42662,8055,34607
"Kctd9",26213,4255,21958
"Gnrh1",4218,1188,3030
"LOC105245796",1701,1521,180
"Dock5",181654,10404,171250
"Mir6539",110,110,0
"LOC105245797",12761,651,12110
"LOC105245798",1581,978,603
"Gm31107",37366,5086,32280
"Nefl",3862,2009,1853
"Gm19216",1215,1215,0
"Nefm",5460,3230,2230
"A230070E04Rik",7620,1851,5769
"Gm31227",60544,2235,58309
"LOC105245799",25064,3697,21367
"Adam7",36354,3469,32885
"LOC105245800",3673,271,3402
"Adamdec1",18686,2412,16274
"Adam28",50894,4947,45947
"Gm31281",34182,439,33743
"Gm31394",15204,465,14739
"LOC105245801",25760,1329,24431
"Stc1",12113,3743,8370
"Rps2-ps5",977,977,0
"1700092C10Rik",7045,569,6476
"Nkx2-6",3739,1160,2579
"Gm31632",1167,584,583
"Nkx3-1",3967,3137,830
"LOC105245802",11879,3743,8136
"Slc25a37",43256,4676,38580
"Gm31896",3168,2090,1078
"Gm20236",6113,6113,0
"Gm31748",646,529,117
"Synb",23155,4360,18795
"LOC105245807",8010,1451,6559
"LOC105245806",1367,1186,181
"Gm16677",7431,521,6910
"Entpd4",29594,3086,26508
"LOC105245805",219181,1219,217962
"Gm21464",140625,6849,133776
"Gm21451",87039,3486,83553
"Gm32162",490,373,117
"LOC105245804",7391,832,6559
"LOC105245803",1367,1186,181
"Gm21685",29542,3034,26508
"LOC102634349",1486,925,561
"Gm27177",59269,5702,53567
"Loxl2",87143,5564,81579
"Mir6950",73,73,0
"R3hcc1",17506,2072,15434
"Chmp7",15592,2706,12886
"Gm18682",1759,1759,0
"4930480K23Rik",34330,3755,30575
"Gm17740",3396,3020,376
"Tnfrsf10b",16940,3179,13761
"Rhobtb2",39858,6347,33511
"Pebp4",219512,1298,218214
"Gm19017",740,740,0
"Gm9148",512,512,0
"LOC105245808",21070,1085,19985
"Gm33524",64393,5201,59192
"Egr3",5169,4185,984
"LOC105245809",9973,1147,8826
"Bin3",38117,3585,34532
"Ccar2",15686,4315,11371
"9930012K11Rik",5098,1986,3112
"Pdlim2",13486,1905,11581
"Sorbs3",31990,5581,26409
"LOC105245810",4258,823,3435
"Gm26908",10367,2381,7986
"Ppp3cc",71645,3024,68621
"Gm33790",8116,948,7168
"Gm4240",775,775,0
"Slc39a14",47993,5671,42322
"Gm9174",680,680,0
"Piwil2",64440,6396,58044
"Polr3d",4724,2158,2566
"Mir320",82,82,0
"Phyhip",11310,3216,8094
"Bmp1",46158,6195,39963
"LOC105245812",1146,778,368
"LOC105245811",4909,4781,128
"Sftpc",3141,804,2337
"Lgi3",7504,3181,4323
"Reep4",3718,1811,1907
"Hr",19493,5760,13733
"Nudt18",4725,4113,612
"Fam160b2",16543,4036,12507
"Dmtn",33865,5505,28360
"LOC102642339",2507,424,2083
"Fgf17",6812,2593,4219
"Npm2",13458,6227,7231
"Xpo7",112389,15256,97133
"LOC102637483",2300,2300,0
"Dok2",13967,4576,9391
"Gm34442",11411,580,10831
"Gm34500",21987,1195,20792
"2410012E07Rik",21022,1357,19665
"Gfra2",89734,3564,86170
"Gm34588",17569,5252,12317
"Gm34703",850,745,105
"Gm34757",3415,535,2880
"Gm4251",19787,677,19110
"LOC105245813",2081,1178,903
"Gm34819",113321,312,113009
"Gm34998",9389,1006,8383
"Gm9192",1213,1213,0
"4930434J06Rik",63730,1548,62182
"Gm35079",3145,923,2222
"LOC105245814",16020,776,15244
"LOC105245815",25965,831,25134
"LOC675947",38682,5377,33305
"Gm30500",11703,1658,10045
"Mlnr-ps",1635,1635,0
"Fndc3a",172739,6752,165987
"Gm35146",2630,2462,168
"Gm35218",43860,1936,41924
"Gm4606",34818,2535,32283
"LOC105245816",8293,1320,6973
"LOC105245817",2977,771,2206
"Gm9198",2261,2261,0
"LOC105245818",5042,359,4683
"Gm9199",1288,1288,0
"Cysltr2",23040,2792,20248
"Gm35388",4145,1872,2273
"Rcbtb2",45283,4879,40404
"Rb1",131435,5260,126175
"Mir687",89,89,0
"Lpar6",2468,2468,0
"Itm2b",23041,1773,21268
"Gm35450",1476,329,1147
"Gm4266",1065,1065,0
"Med4",8497,1304,7193
"Nudt15",28379,2592,25787
"LOC105245819",5124,702,4422
"Sucla2",43359,2326,41033
"Gm16409",831,831,0
"Gm18683",594,594,0
"Gm6984",1733,1733,0
"Gm35517",13853,617,13236
"Gm6986",1264,1264,0
"4933402J15Rik",14215,1660,12555
"LOC105245820",30370,1108,29262
"Htr2a",66020,2971,63049
"Gm9212",1119,1119,0
"Esd",18469,2121,16348
"Lrch1",193367,7937,185430
"LOC105245821",7871,5562,2309
"Gm10847",10192,6090,4102
"Gm4278",12019,1456,10563
"5031414D18Rik",36660,2859,33801
"Lrrc63",46660,3072,43588
"Lcp1",99738,5022,94716
"Gm15628",2231,2135,96
"Cpb2",41269,1477,39792
"Gm35679",26753,3122,23631
"Gm18147",834,834,0
"Zc3h13",60126,6246,53880
"LOC105245822",4591,439,4152
"Siah3",70160,905,69255
"Gm35966",6350,2186,4164
"Gm36060",3724,382,3342
"Spert",10344,2124,8220
"Gm36219",6805,1460,5345
"4930564B18Rik",24879,869,24010
"Gm36106",12066,643,11423
"Cog3",52228,4358,47870
"Slc25a30",29512,4240,25272
"Gm36271",1859,922,937
"Gm4285",2047,1363,684
"Tpt1",3048,894,2154
"Snora31",112,112,0
"Gtf2f2",113929,1467,112462
"Gm9209",2062,2062,0
"Kctd4",10215,3015,7200
"LOC105245823",4567,3679,888
"Gm36429",1108,282,826
"Gm36477",20888,665,20223
"Gpalpp1",24584,5448,19136
"Nufip1",26489,3989,22500
"Gm36534",38012,325,37687
"LOC105245824",3202,677,2525
"Gm36583",19738,1079,18659
"Rps2-ps6",928,928,0
"2900040C04Rik",1070,658,412
"LOC105245825",2903,1463,1440
"Gm36705",3583,3525,58
"Tsc22d1",92806,9742,83064
"4930444M15Rik",6298,1658,4640
"Serp2",25108,2069,23039
"Gm36845",954,834,120
"Fkbp1a-ps1",1501,1501,0
"LOC102640957",35331,4025,31306
"1700108F19Rik",9541,868,8673
"4930431P22Rik",23424,6338,17086
"Gm30246",44484,2996,41488
"Gm30365",5991,3431,2560
"Gm4291",529,529,0
"Lacc1",12698,2982,9716
"Ccdc122",75494,1824,73670
"Enox1",567763,6865,560898
"Gm10132",532,532,0
"LOC105245827",3658,1604,2054
"Gm6994",27386,1163,26223
"LOC105245826",4446,4105,341
"Gm30467",9592,537,9055
"Gm1587",5024,1354,3670
"Dnajc15",48701,648,48053
"Epsti1",98418,2322,96096
"Fam216b",7984,2238,5746
"Gm30608",1868,191,1677
"Mir1971",106,106,0
"Tnfsf11",30598,2235,28363
"Gm30662",1532,492,1040
"Gm18277",537,537,0
"Gm4821",850,850,0
"Akap11",44737,9541,35196
"Dgkh",173266,27199,146067
"Gm30716",2243,654,1589
"Gm18368",731,731,0
"Gm30584",552,248,304
"Gm19098",2179,2179,0
"Vwa8",353260,7824,345436
"Gm6997",741,741,0
"Gm30970",33631,5982,27649
"Gm18081",812,812,0
"Gm4632",20418,4544,15874
"Zfp957",35013,2751,32262
"Rgcc",12886,914,11972
"Naa16",56271,4126,52145
"Mtrf1",25890,1873,24017
"Kbtbd7",4529,4529,0
"Kbtbd6",2982,2982,0
"Wbp4",21332,3452,17880
"Elf1",101298,4494,96804
"Gm9243",43236,43236,0
"Sugt1",42065,1951,40114
"Lect1",24518,1485,23033
"LOC105245828",32020,773,31247
"4930452G13Rik",10011,1080,8931
"Mir759",98,98,0
"LOC102633266",34740,5180,29560
"Pcdh8",4541,4003,538
"Gm10845",8656,3389,5267
"LOC328448",93165,7323,85842
"Gm18605",601,601,0
"Olfm4",22709,2720,19989
"Gm17923",1402,1402,0
"Gm31776",15844,693,15151
"Gm9578",812,812,0
"Gm31921",3855,310,3545
"Gm31980",3849,2373,1476
"Gm19120",672,672,0
"Cyp2c73-ps",1068,1068,0
"LOC105245829",36733,303,36430
"Gm19311",466,466,0
"Gm18525",629,629,0
"Gm19050",780,780,0
"Gm32455",27029,429,26600
"Gm29800",500,384,116
"Gm32498",108478,4089,104389
"Pcdh17",94003,10098,83905
"9630013A20Rik",17587,2056,15531
"Gm7004",1367,1367,0
"Gm9264",590,590,0
"Gm32729",6634,434,6200
"4930529K09Rik",16073,622,15451
"Gm32815",35754,2351,33403
"LOC105245830",5869,204,5665
"Gm32860",8331,607,7724
"Gm4350",579,579,0
"Gm32913",19365,1984,17381
"LOC105245831",45053,292,44761
"Gm32969",976,111,865
"Diap3",485888,6343,479545
"LOC105245834",8976,7384,1592
"Gm33025",2120,1906,214
"LOC105245833",6883,2188,4695
"LOC105245832",3386,2664,722
"Tdrd3",128926,10078,118848
"LOC105245835",9070,9070,0
"Gm33076",883,852,31
"Gm18812",848,848,0
"Gm4355",1227,1227,0
"Rps3a2",882,882,0
"Gm33203",72798,344,72454
"Gm9274",1194,1194,0
"Gm9275",775,775,0
"Pcdh20",6650,5237,1413
"LOC105245836",124876,220,124656
"Gm17882",590,590,0
"Gm5088",3224,3224,0
"4930474H20Rik",142870,1479,141391
"LOC105245837",8709,214,8495
"Gm33246",23179,312,22867
"Gm18082",818,818,0
"Gm7272",674,674,0
"Gm7232",2104,2104,0
"Pcdh9",877022,6283,870739
"Gm9247",1609,1609,0
"Gm17922",817,817,0
"LOC105245838",8298,7273,1025
"Gm33349",617,458,159
"Gm33298",11093,11049,44
"Gm18074",633,633,0
"Gm33450",19731,1424,18307
"Gm9721",715,715,0
"Gm5207",1797,1797,0
"4921530L21Rik",1556,1202,354
"Gm18885",1906,1906,0
"Gm19099",772,772,0
"Klhl1",413770,4048,409722
"Gm15515",1197,965,232
"Gnb1-ps2",852,852,0
"Gm18926",783,783,0
"Gm20592",770,770,0
"Gm9287",3131,764,2367
"Gm33525",9969,427,9542
"Gm9290",617,617,0
"Dach1",382920,5448,377472
"Gm33583",10205,6227,3978
"LOC105245839",63774,381,63393
"Gm18148",885,885,0
"Rpl36a-ps1",480,480,0
"Mzt1",11920,2583,9337
"Bora",30204,6643,23561
"LOC105245840",1119,861,258
"Dis3",23145,3798,19347
"Pibf1",155072,3492,151580
"Gm4412",4452,670,3782
"Klf5",14722,1728,12994
"Gm31004",336,336,0
"LOC105245841",54510,1117,53393
"Gm33997",30304,3227,27077
"Gm33935",11779,143,11636
"Gm9298",3514,3514,0
"Gm33880",5550,1504,4046
"Gm34061",12336,7188,5148
"Gm5958",742,742,0
"Klf12",418534,15298,403236
"4930517O19Rik",36555,5613,30942
"Gm16260",349,349,0
"LOC105245842",8022,2544,5478
"Gm34199",74217,11899,62318
"Gm9302",702,702,0
"Prr30",2715,2197,518
"Gm34361",65590,814,64776
"Gm5208",1944,1944,0
"Tbc1d4",166869,10974,155895
"Gm34417",2817,2817,0
"Commd6",6706,875,5831
"Uchl3",42246,1332,40914
"Gm18075",1100,1100,0
"LOC102633345",2559,2327,232
"Lmo7",204792,7552,197240
"Gm5854",809,809,0
"LOC105245843",11321,1026,10295
"Gm9448",514,514,0
"LOC105245844",4596,206,4390
"LOC105245845",3932,480,3452
"Gm34589",16595,2927,13668
"Kctd12",6057,6057,0
"Mir5130",84,84,0
"4933432I03Rik",46392,1061,45331
"Rpl17-ps7",730,730,0
"Gm34643",11571,2310,9261
"LOC105245846",4605,2227,2378
"Irg1",9562,3335,6227
"LOC105245847",2533,568,1965
"Cln5",7415,3162,4253
"Fbxl3",20215,5520,14695
"Mycbp2",233399,15415,217984
"Gm34758",96818,3111,93707
"1700087I21Rik",5497,665,4832
"Gm4654",1197,1197,0
"Gm34907",48696,4281,44415
"Scel",100287,3413,96874
"Slain1",54842,3175,51667
"Slain1os",6450,3091,3359
"Gm35197",148688,506,148182
"Gm35116",5501,2155,3346
"Ednrb",29862,4355,25507
"LOC102638761",1884,1762,122
"4930432J09Rik",49515,3132,46383
"LOC105245849",32403,829,31574
"LOC105245848",2602,787,1815
"Gm35308",1993,312,1681
"D130079A08Rik",174276,8554,165722
"Gm35362",10908,6784,4124
"Pou4f1",6348,5015,1333
"Gm35623",9698,5639,4059
"Rnf219",45178,4688,40490
"Gm34792",839,839,0
"Gm35680",7302,665,6637
"D130009I18Rik",327640,2663,324977
"Gm5671",919,919,0
"Gm17066",7949,3691,4258
"Rbm26",62809,4105,58704
"Gm6201",2331,2331,0
"Ndfip2",50626,2432,48194
"Gm16259",570,570,0
"5430440P10Rik",10158,1016,9142
"4930449E01Rik",6842,602,6240
"Gm35909",5390,2959,2431
"9330188P03Rik",4381,1082,3299
"Mir6390",129,129,0
"Gm10076",394,394,0
"Gm35967",45009,2011,42998
"LOC105245850",7005,1740,5265
"Spry2",4873,2179,2694
"Gm6219",1000,1000,0
"Gm4775",5096,546,4550
"Trim52",29665,3529,26136
"Gm36107",6007,2155,3852
"Gm4463",714,714,0
"LOC105245851",32752,746,32006
"1700128A07Rik",69334,860,68474
"Gm4663",1061,1061,0
"Gm9324",1065,1065,0
"Gm9325",989,989,0
"Gm9326",1065,1065,0
"Gm6232",1049,1049,0
"Gm9328",1547,1547,0
"Gm4664",1259,1259,0
"Gm6234",1473,1473,0
"Gm4666",1473,1473,0
"Gm9327",900,900,0
"Gm29871",34739,616,34123
"LOC105245852",11479,423,11056
"LOC102631641",247,247,0
"Gm9334",1132,1132,0
"Gm19146",818,818,0
"Gm9335",1311,1311,0
"LOC105245853",12933,219,12714
"Gm9336",533,533,0
"Rpl27a-ps2",515,515,0
"Gm30157",2935,2779,156
"Slitrk1",4252,4252,0
"Gm30216",180771,357,180414
"Gm18977",998,998,0
"Gm7313",473,473,0
"Gm18274",612,612,0
"Gm17932",584,584,0
"Slitrk6",7165,4835,2330
"Gm9348",972,972,0
"Gm6280",770,770,0
"Gm4476",1089,1089,0
"Gm30439",148586,1795,146791
"Gm18580",780,780,0
"Slitrk5",8030,6139,1891
"Gm17741",323,323,0
"LOC101055688",1047,1047,0
"LOC102632761",3509,772,2737
"Gm4822",737,737,0
"Gm19223",1688,1688,0
"LOC105245854",34104,560,33544
"Gm4486",2257,2257,0
"Tpm3-rs7",2120,2120,0
"Gm5209",1744,744,1000
"BC005512",12037,2865,9172
"Gm18369",572,572,0
"Gm9363",642,642,0
"Gm19829",2433,2433,0
"Gm29713",4489,449,4040
"LOC105245855",79363,594,78769
"4930524C18Rik",29363,1895,27468
"Gm31003",3716,1922,1794
"1700100I10Rik",5724,1407,4317
"Gm31072",1572,300,1272
"Mir17",84,84,0
"Mir18",96,96,0
"Mir19a",82,82,0
"Mir20a",107,107,0
"Mir19b-1",87,87,0
"Mir17hg",2339,2339,0
"Mir92-1",80,80,0
"Gpc5",1432981,7969,1425012
"4930505G20Rik",13002,561,12441
"Gm18367",940,940,0
"Gm18321",742,742,0
"Gm18712",510,510,0
"Gm18836",686,686,0
"Gpc6",1058529,21084,1037445
"LOC105245857",3488,2319,1169
"LOC105245856",11518,5068,6450
"Gm31395",7739,4848,2891
"Mir6239",105,105,0
"Dct",39534,3278,36256
"Gm31633",4372,3251,1121
"Tgds",20855,2265,18590
"Gpr180",27132,2903,24229
"Gm31723",2556,2494,62
"Gm4674",625,625,0
"Gm31981",1109,948,161
"4933431J24Rik",4416,2521,1895
"Gm32045",2595,1583,1012
"Sox21",3798,3798,0
"LOC105245869",2655,1868,787
"Mir6241",103,103,0
"Gm9376",622,622,0
"Gm32093",8024,1906,6118
"1700044C05Rik",32288,893,31395
"Gm5672",934,934,0
"Abcc4",224929,8653,216276
"Mir6391",104,104,0
"LOC105245858",2640,2142,498
"Gm27198",17570,5414,12156
"Cldn10",86655,1446,85209
"LOC105245859",1888,839,1049
"Gm32382",4940,866,4074
"Dzip1",50001,8368,41633
"Dnajc3",43771,5190,38581
"LOC105245860",2780,2395,385
"Uggt2",117673,11181,106492
"Gm16835",16248,4018,12230
"Hs6st3",735212,14082,721130
"Gm6087",2606,2606,0
"Gm6212",1314,1314,0
"1700006F04Rik",2338,439,1899
"LOC105245861",2274,1482,792
"4930404K13Rik",20790,2936,17854
"Oxgr1",22851,3732,19119
"Gabarapl2-ps",566,566,0
"LOC102635450",166,166,0
"Gm4681",105510,1329,104181
"LOC105245862",18917,919,17998
"Mbnl2",156038,4787,151251
"Gm26679",26529,15210,11319
"Rap2a",28734,4174,24560
"LOC105245863",27116,537,26579
"LOC105245864",9994,2603,7391
"Gm33077",2825,507,2318
"LOC102635903",1197,615,582
"Rpl19-ps5",692,692,0
"LOC105245865",44182,7346,36836
"Gm18076",614,614,0
"Gm9391",456,456,0
"Gm33173",8890,1852,7038
"Ipo5",51208,6661,44547
"Farp1",249276,5913,243363
"B930095G15Rik",10357,10357,0
"Stk24",95820,4952,90868
"Gm33299",12235,1237,10998
"Slc15a1",45634,3123,42511
"Gm4529",526,526,0
"Dock9",255859,10994,244865
"Gm9395",450,450,0
"1810041H14Rik",3979,1776,2203
"Ubac2",142480,2204,140276
"Gpr18",4341,1310,3031
"Gpr183",12863,2942,9921
"Gm33473",10170,7730,2440
"Timm8a2",9885,3226,6659
"A330035P11Rik",9036,2711,6325
"Tm9sf2",52522,3062,49460
"Gm6254",1139,1139,0
"Gm17082",2091,2091,0
"Clybl",230952,2360,228592
"1700108J01Rik",3734,468,3266
"Gm5089",85468,2541,82927
"Zic5",6557,2534,4023
"Gm33719",1600,397,1203
"2610035F20Rik",4823,1149,3674
"Zic2",4945,2967,1978
"Gm33769",4535,3184,1351
"Pcca",405532,3877,401655
"Gm9399",639,639,0
"Gm18143",1437,1437,0
"Gm33825",3554,3425,129
"Ggact",22306,1304,21002
"4930594M22Rik",37420,1203,36217
"Tmtc4",64313,3868,60445
"LOC105245866",5848,479,5369
"AA536875",7674,2281,5393
"Nalcn",350730,7539,343191
"Gm18370",509,509,0
"Itgbl1",314142,2559,311583
"Gm9308",569,569,0
"Fgf14",699376,5017,694359
"Gm15422",2738,2738,0
"1700024B18Rik",28050,423,27627
"Olfr277-ps1",943,943,0
"Gm9614",885,854,31
"Gm31489",12679,781,11898
"Gm7962",1759,1759,0
"Gm30057",3842,3470,372
"Sepp1",9742,2216,7526
"Ccdc152",24645,2989,21656
"LOC105245870",87464,4006,83458
"Ghr",265773,5025,260748
"LOC105245871",3533,220,3313
"Gm18420",821,821,0
"Gm4823",1204,1204,0
"Gm17873",576,576,0
"Fbxo4",16010,3446,12564
"AW549877",13718,5380,8338
"A630020A06",19820,3526,16294
"BC037032",7296,4622,2674
"Oxct1",128917,3482,125435
"Plcxd3",200095,1896,198199
"C6",96900,3931,92969
"Gm16374",1215,1215,0
"Mroh2b",63974,5435,58539
"C7",75012,2709,72303
"Gm16077",750,750,0
"Card6",19564,5436,14128
"Rpl37",2528,867,1661
"Snord72",60,60,0
"Gm10250",571,571,0
"LOC105245872",1240,214,1026
"Prkaa1",38039,6717,31322
"LOC105245873",19400,709,18691
"Ttc33",32852,1961,30891
"Gm15937",937,937,0
"Ptger4",10789,3327,7462
"LOC105245874",73075,3825,69250
"Gm2157",368,368,0
"Gm2150",604,604,0
"5430437J10Rik",98666,1166,97500
"Gm20957",621,621,0
"LOC105245875",28880,998,27882
"Gm18715",510,510,0
"Gm8043",1070,1070,0
"LOC105245876",21701,3499,18202
"LOC102631995",2593,2593,0
"Dab2",140928,5806,135122
"Gm16311",7326,1358,5968
"Gm18888",1040,1040,0
"C9",53144,1767,51377
"Fyb",142812,5502,137310
"LOC102632231",71353,6615,64738
"Gm7666",1009,1009,0
"Rictor",92053,9418,82635
"LOC105245877",27569,2232,25337
"Osmr",61679,6183,55496
"LOC105245878",7814,3155,4659
"Gm30559",34947,2669,32278
"Gm30663",6983,911,6072
"Gm30971",1277,628,649
"Lifr",106879,10698,96181
"Egflam",192627,5299,187328
"Gm16030",606,606,0
"LOC105245880",4551,1663,2888
"LOC105245879",27248,518,26730
"LOC105245881",3032,271,2761
"Gm19227",534,534,0
"Gdnf",27533,4867,22666
"Wdr70",226155,2151,224004
"LOC105245882",5867,5867,0
"Rpl19-ps6",700,700,0
"Nup155",50704,6730,43974
"2410089E03Rik",102133,10632,91501
"LOC105245883",2138,703,1435
"Gm31133",4278,1184,3094
"Nipbl",175487,11260,164227
"LOC102634078",10752,2045,8707
"Gm31282",34390,6299,28091
"Slc1a3",76684,4206,72478
"Gm31340",153458,820,152638
"Gm5043",820,820,0
"Gm5210",11617,1262,10355
"Ranbp3l",99387,1073,98314
"Nadk2",39237,4066,35171
"LOC105245884",3975,3941,34
"Skp2",43444,4014,39430
"Lmbrd2",61951,8278,53673
"Gm8139",10824,10824,0
"Ugt3a1",35213,2253,32960
"Gm2360",3273,3273,0
"Ugt3a2",35405,2328,33077
"Gm5219",7156,973,6183
"Capsl",30025,1173,28852
"Il7r",23718,3210,20508
"Spef2",170852,8889,161963
"LOC105245885",30668,151,30517
"Prlr",171953,15984,155969
"LOC105245886",4920,2109,2811
"LOC105245887",8098,611,7487
"Agxt2",51644,2427,49217
"Dnajc21",23754,2053,21701
"Brix1",11159,2654,8505
"Rad1",13046,4678,8368
"Ttc23l",60107,3425,56682
"Gm8174",1218,1218,0
"Rai14",150297,5535,144762
"LOC105245888",896,837,59
"Gm10389",11359,3468,7891
"4930556M19Rik",75288,4350,70938
"Gm34251",3456,3264,192
"Gm19276",3663,870,2793
"Gm29742",3597,474,3123
"Gm34315",32020,678,31342
"C1qtnf3",27831,2569,25262
"Amacr",14869,2604,12265
"Slc45a2",33541,4626,28915
"Rxfp3",4252,4252,0
"Adamts12",282078,6234,275844
"LOC105245889",1568,1568,0
"Gm34444",7086,376,6710
"Tars",15996,2636,13360
"LOC105245890",6894,1933,4961
"LOC105245891",5997,2000,3997
"Gm34501",3866,711,3155
"Npr3",67476,8069,59407
"Gm5144",777,656,121
"Gm34618",8722,1005,7717
"Gm21997",881,881,0
"1700047G03Rik",3022,840,2182
"Sub1",14694,3350,11344
"LOC102638003",9394,952,8442
"Gm34759",12325,3891,8434
"Zfr",67657,4697,62960
"Mir1898",83,83,0
"Gm2573",841,841,0
"Gm2581",299,299,0
"Mtmr12",67147,4518,62629
"Golph3",30405,3291,27114
"Pdzd2",382920,16432,366488
"Gm2606",1201,1201,0
"LOC105245892",14783,3662,11121
"Gm17756",207,207,0
"LOC105245893",2423,879,1544
"6030458C11Rik",16512,6441,10071
"Drosha",110488,4716,105772
"Cdh6",144991,8592,136399
"Gm35018",2552,1367,1185
"LOC105245894",6394,917,5477
"Gm8238",569,569,0
"Gm4940",794,794,0
"Gm18714",501,501,0
"Gm9630",886,653,233
"LOC102638878",36751,152,36599
"Gm29753",977,691,286
"Gm6479",1059,1059,0
"LOC105245895",7822,424,7398
"Gm2611",20050,779,19271
"Cdh9",128549,3887,124662
"Gm2638",2013,2013,0
"Gm18532",601,601,0
"LOC105245896",6122,739,5383
"4921515E04Rik",291491,2309,289182
"Gm8318",1101,1101,0
"C030047K22Rik",121492,2799,118693
"Cdh10",197319,5577,191742
"Gm8328",531,531,0
"Gm35496",17991,1093,16898
"Gm18533",1599,1599,0
"Gm8341",1807,1807,0
"Gm35969",3622,711,2911
"Gm18741",1157,1157,0
"Gm19207",679,679,0
"Cdh12",1148127,17774,1130353
"Acot10",1537,1537,0
"LOC102639172",1374,1374,0
"LOC105245897",2044,793,1251
"Cdh18",925534,3192,922342
"Gm5803",1165,1165,0
"Gm19840",30640,1142,29498
"Gm6533",626,626,0
"Gm18582",2173,2173,0
"Gm8408",1455,1455,0
"Gm36147",34292,1324,32968
"Gm35708",3240,408,2832
"Gm2803",1766,1766,0
"Gm35827",12279,474,11805
"Gm2824",49287,16503,32784
"Gm35996",77336,1816,75520
"4930445E18Rik",51210,7583,43627
"Gm36555",11425,489,10936
"Basp1",50488,1855,48633
"Gm5468",38227,2882,35345
"Myo10",191124,9611,181513
"LOC101055797",5372,5372,0
"Gm4824",736,736,0
"Fam134b",130399,4453,125946
"Mir7212",61,61,0
"Zfp622",14117,2803,11314
"LOC105245898",8152,1101,7051
"March11",100691,1736,98955
"Gm36790",79563,8919,70644
"Fbxl7",355111,5176,349935
"LOC105245899",9061,9061,0
"Gm18684",1422,1422,0
"Gm18093",829,829,0
"Gm6576",956,956,0
"Gm19111",1052,1052,0
"Gm36899",3784,1411,2373
"Ank",128233,3498,124735
"Gm29901",5204,4561,643
"Mir7117",65,65,0
"Otulin",25064,1918,23146
"Fam105a",26526,3122,23404
"Trio",295305,14577,280728
"Gm31341",900,828,72
"Gm31283",4860,4713,147
"Gm29975",3007,2949,58
"LOC105245900",785,441,344
"Gm19883",4773,638,4135
"Gm31458",13479,1029,12450
"Gm8472",482,482,0
"Dnah5",317192,15840,301352
"Gm8484",1431,1431,0
"Gm31687",15775,381,15394
"LOC105245901",3067,184,2883
"Mir3964",74,74,0
"Gm5212",925,925,0
"Ctnnd2",856752,6280,850472
"Gm31953",13655,2802,10853
"LOC105245904",8123,8072,51
"Gm31841",4584,3328,1256
"LOC105245903",11043,5164,5879
"LOC105245902",6394,5411,983
"4930430F21Rik",4206,804,3402
"Gm32011",25047,322,24725
"Gm32070",4844,2692,2152
"Gm32226",14319,731,13588
"Dap",49954,1481,48473
"LOC105245905",8541,5866,2675
"Fam136b-ps",1597,1597,0
"Ankrd33b",77668,9987,67681
"LOC105245906",7646,1681,5965
"Ropn1l",12480,910,11570
"Gm6361",1175,1175,0
"Gm32271",2876,2109,767
"March6",75155,6267,68888
"LOC105245907",14768,2786,11982
"Cmbl",24746,2266,22480
"Cct5",10992,2073,8919
"Fam173b",15597,1469,14128
"Gm32383",4741,2434,2307
"LOC105245908",6787,3795,2992
"Gm18003",2741,2741,0
"Tas2r119",1006,1006,0
"Gm32499",40998,3418,37580
"Snhg18",4095,1483,2612
"Snord123",88,88,0
"Sema5a",451600,11170,440430
"Gm32562",19050,3474,15576
"LOC105245909",18463,721,17742
"Gm32618",16650,1221,15429
"Sdc2",113999,3313,110686
"Gm32764",36476,2044,34432
"Cpq",511424,2013,509411
"1700084J12Rik",731,731,0
"4930592A05Rik",59556,1006,58550
"Tspyl5",4009,4009,0
"Gm9643",444,444,0
"LOC105245910",15669,1742,13927
"LOC105245911",1283,1283,0
"Mtdh",60819,5003,55816
"LOC102642065",14331,5177,9154
"Laptm4b",46270,1897,44373
"Gm18949",2733,2132,601
"Matn2",129585,3600,125985
"9430069I07Rik",8822,572,8250
"Rpl30",2772,629,2143
"Erich5",20581,2376,18205
"Hrsp12",11225,994,10231
"Pop1",35343,4539,30804
"Nipal2",106639,5913,100726
"4930413F20Rik",4132,1096,3036
"Gm32970",93473,4849,88624
"Kcns2",6053,5586,467
"Stk3",280311,3614,276697
"Gm33220",72062,3724,68338
"Gm33497",70197,5128,65069
"Osr2",7197,1795,5402
"BC048602",21526,731,20795
"Gm33584",11245,416,10829
"Vps13b",561348,15973,545375
"Mir599",88,88,0
"Mir875",78,78,0
"Gm18994",1026,1026,0
"LOC105245912",22662,7295,15367
"Cox6c",6271,503,5768
"Rgs22",180120,10596,169524
"Gm18889",990,990,0
"Fbxo43",23921,5101,18820
"Polr2k",3003,626,2377
"Spag1",60139,7531,52608
"LOC105245913",5124,1499,3625
"Rnf19a",43791,4853,38938
"Mir8097",119,119,0
"Gm9501",852,852,0
"Rpl7a-ps3",864,864,0
"LOC105245914",1403,483,920
"LOC102642210",19047,4537,14510
"Gm33826",5601,488,5113
"Gm33936",26567,2949,23618
"Gm34150",3888,2859,1029
"Gm34316",3335,1870,1465
"Ankrd46",25759,4765,20994
"LOC105245915",9510,9249,261
"Snx31",51553,2740,48813
"Pabpc1",13924,2867,11057
"Gm6704",391,391,0
"LOC105245916",5690,1017,4673
"LOC105245917",10584,1186,9398
"A830021M18Rik",4570,1387,3183
"Ywhaz",32724,4121,28603
"LOC105245918",5208,1185,4023
"Gm34472",33470,2832,30638
"LOC105245919",1607,665,942
"Gm10384",9536,2266,7270
"Gm34529",4970,828,4142
"LOC105245920",14992,2379,12613
"Gm34590",28102,5812,22290
"Zfp706",10376,4417,5959
"Gm34724",2189,1456,733
"LOC105245922",44198,809,43389
"LOC105245921",2301,1143,1158
"Gm34820",32196,2426,29770
"Gm9509",1050,1050,0
"Gm8664",2492,2492,0
"LOC105245923",6038,599,5439
"LOC105245924",1362,1244,118
"Grhl2",130534,5762,124772
"Gm16138",647,647,0
"Ncald",426345,4803,421542
"Gm8668",2110,2110,0
"Gm15941",11532,1826,9706
"4930447A16Rik",16778,2697,14081
"LOC105245927",15003,7611,7392
"LOC105245926",9709,3851,5858
"LOC105245925",2172,2025,147
"Rps19-ps5",592,592,0
"Gm35019",14775,2584,12191
"Rrm2b",37157,5997,31160
"Ubr5",111527,9959,101568
"Gm35081",3861,630,3231
"Gm35167",15672,1071,14601
"Odf1",7533,1105,6428
"Gm5213",922,922,0
"Gm8705",960,960,0
"Klf10",9248,4492,4756
"Gm35248",43064,1839,41225
"LOC105245928",8740,975,7765
"LOC105245929",19158,2018,17140
"G930009F23Rik",13520,3168,10352
"LOC105245930",10241,7948,2293
"Azin1",31858,5201,26657
"Mir6951",75,75,0
"2310043O21Rik",45591,621,44970
"LOC105245931",33821,1269,32552
"Gm29697",4109,1455,2654
"Siah1-ps2",1534,1534,0
"1100001I12Rik",6736,363,6373
"Atp6v1c1",30541,2098,28443
"Baalc",19009,3968,15041
"Gm33123",1131,767,364
"Gm4740",2417,2417,0
"LOC105245938",2842,1197,1645
"Fzd6",32378,4764,27614
"LOC105245937",13447,246,13201
"Gm7194",12735,249,12486
"LOC105242426",450,450,0
"Cthrc1",10271,1247,9024
"Slc25a32",18578,2997,15581
"Dcaf13",33983,1542,32441
"Gm9522",1165,1165,0
"Rims2",486312,12271,474041
"Dcstamp",15009,2054,12955
"Dpys",88986,2884,86102
"Gm16291",15333,2594,12739
"Lrp12",73408,4320,69088
"AU022793",4867,1868,2999
"Gm33251",83792,1086,82706
"9330182O14Rik",15646,2112,13534
"Gm33301",5474,1068,4406
"LOC105245939",7545,627,6918
"Gm16294",15956,1459,14497
"Gm33431",36945,2715,34230
"Gm7382",1543,1482,61
"Zfpm2",449551,4974,444577
"Gm18285",728,728,0
"Gm6045",733,733,0
"Gm33353",2638,474,2164
"LOC100418302",591,591,0
"Gm33557",43374,1019,42355
"LOC105245940",12145,382,11763
"Oxr1",413567,8392,405175
"Abra",4428,1762,2666
"Gm5469",870,870,0
"Gm5470",1442,1442,0
"Gm18531",718,718,0
"Gm18092",820,820,0
"Angpt1",252311,4399,247912
"LOC105245941",35019,8906,26113
"LOC105245942",84611,735,83876
"LOC105245943",8582,348,8234
"Rspo2",150808,4145,146663
"Gm9658",1230,1230,0
"Eif3e",32697,1541,31156
"Gm33743",13093,2220,10873
"Gm10373",46094,668,45426
"Emc2",50564,1270,49294
"LOC105245944",1417,1234,183
"LOC102633469",2870,2870,0
"Tmem74",3918,2262,1656
"Trhr",39989,4494,35495
"Gm33793",1478,80,1398
"Gm7459",1795,1795,0
"Gm19235",1001,1001,0
"Nudcd1",53081,3447,49634
"Eny2",10176,3030,7146
"Pkhd1l1",144006,14107,129899
"Ebag9",22374,2532,19842
"Sybu",116208,5608,110600
"Gm33908",3525,2004,1521
"LOC105242397",35410,253,35157
"2310069G16Rik",18067,862,17205
"Gm33852",18446,4312,14134
"A930017M01Rik",3350,3350,0
"Gm18153",1022,1022,0
"Gm5471",550,550,0
"Kcnv1",10252,5348,4904
"Gm2203",943,943,0
"Gm5472",2013,2013,0
"LOC105245945",97439,513,96926
"1700022A22Rik",49315,855,48460
"4930523O13Rik",60314,1298,59016
"4930548G14Rik",16554,1185,15369
"LOC102641202",69733,2352,67381
"Gm7508",703,703,0
"Gm2267",2288,2288,0
"Csmd3",1211599,13735,1197864
"Gm16300",4114,4114,0
"Gm18742",1320,1320,0
"Gm34336",4212,2975,1237
"Gm7517",1693,1693,0
"Gm2333",552,552,0
"LOC105245946",8520,234,8286
"Trps1",235991,12526,223465
"Mir1907",90,90,0
"Gm34446",8652,572,8080
"Gm19303",163971,1874,162097
"Gm2361",614,614,0
"Gm34503",13902,2707,11195
"LOC105245947",3950,3695,255
"Gm34562",51081,896,50185
"LOC105245948",7166,1669,5497
"Eif3h",78956,1285,77671
"Utp23",7182,2917,4265
"Gm34678",35212,1468,33744
"Rad21",30935,3764,27171
"Gm19236",2271,2271,0
"Aard",5616,1348,4268
"Gm2387",759,759,0
"Gm7543",569,569,0
"Slc30a8",40181,1906,38275
"LOC105245949",4789,602,4187
"LOC105245950",4773,580,4193
"Gm10020",674,674,0
"Med30",17987,871,17116
"LOC105245951",206985,1431,205554
"Gm34794",2588,439,2149
"Ext1",277923,3464,274459
"Samd12",503418,14705,488713
"Mir28c",75,75,0
"Gm7489",6100,5630,470
"Tnfrsf11b",27866,2818,25048
"Gm7566",686,686,0
"Gm5215",499,499,0
"Colec10",55587,4795,50792
"Gm18152",662,662,0
"Gm20070",46360,638,45722
"Mal2",31481,2775,28706
"LOC105245952",2527,2476,51
"Nov",8155,2686,5469
"Gm7577",1202,1202,0
"Enpp2",114209,4032,110177
"Gm26684",11704,1332,10372
"LOC105242422",5733,3886,1847
"Gm2491",4799,1530,3269
"Taf2",57058,5094,51964
"Dscc1",16140,2492,13648
"LOC105245953",13857,1270,12587
"Gm9920",13666,935,12731
"Deptor",146957,8674,138283
"Gm35312",1211,755,456
"Col14a1",213098,7056,206042
"Gm18787",809,809,0
"Gm35470",17664,8012,9652
"Mrpl13",23218,786,22432
"Mtbp",69016,5794,63222
"Sntb1",268801,2949,265852
"Gm7595",1014,1014,0
"Hba-ps3",542,542,0
"LOC105245954",25724,857,24867
"Has2",28920,4244,24676
"Has2os",4517,485,4032
"LOC105245955",18001,1099,16902
"LOC102639208",2397,505,1892
"Gm5673",835,835,0
"Slc22a22",233859,2440,231419
"Gm18094",731,731,0
"Gm35627",2160,1608,552
"LOC105245956",23910,652,23258
"Gm35682",81367,928,80439
"Gm35771",13891,665,13226
"Zhx2",145166,5085,140081
"LOC105245957",14521,14273,248
"9330154K18Rik",13848,8663,5185
"Derl1",22917,3145,19772
"Tbc1d31",58385,5135,53250
"Fam83a",24804,2089,22715
"9130401M01Rik",12025,1309,10716
"Zhx1",29506,5231,24275
"Atad2",41093,5843,35250
"LOC102639798",1093,1093,0
"Wdyhv1",17321,3115,14206
"Gm36112",18613,1492,17121
"Fbxo32",39014,6936,32078
"Gm36193",7430,3160,4270
"Klhl38",9597,2212,7385
"Anxa13",47811,1162,46649
"D15Ertd621e",51894,6230,45664
"Fer1l6",122976,8209,114767
"Gm36451",8407,972,7435
"LOC105245958",3942,907,3035
"Tmem65",41391,4060,37331
"Trmt12",4133,4133,0
"Gm36509",3973,335,3638
"Rnf139",13162,4348,8814
"Tatdn1",43629,6591,37038
"Gm36559",2361,2260,101
"Ndufb9",5680,651,5029
"Mtss1",141092,6615,134477
"LOC105245959",6566,3416,3150
"Gm5045",893,893,0
"Gm7691",575,575,0
"Gm36617",46213,3222,42991
"Zfp572",5066,1098,3968
"Sqle",16102,2748,13354
"E430025E21Rik",42198,4271,37927
"Nsmce2",227492,3463,224029
"Gm36677",5788,4078,1710
"Trib1",8446,4026,4420
"Gm20150",3879,500,3379
"Gm19510",6543,1861,4682
"Gm36819",8189,3576,4613
"Gm7708",676,676,0
"Gm7713",846,846,0
"4933412E24Rik",1753,1753,0
"LOC105245960",45951,1150,44801
"Gm4774",1053,1053,0
"Gm17892",1452,1452,0
"Gm6392",1602,1602,0
"Gm7086",3669,3669,0
"Fam84b",6085,5563,522
"9930014A18Rik",8436,5130,3306
"4930402D18Rik",2752,664,2088
"A1bg",3682,1823,1859
"LOC102641552",9124,2957,6167
"Gm29904",42930,1138,41792
"D030024E09Rik",75168,2513,72655
"Gm18154",607,607,0
"Gm18788",614,614,0
"Myc",5021,2399,2622
"Pvt1",212989,3074,209915
"LOC105245961",17995,3827,14168
"H2afy3",1911,1911,0
"LOC105245962",9959,266,9693
"Gm30113",3657,738,2919
"Tsg101-ps",1433,1433,0
"LOC105245963",3265,263,3002
"Gm30159",34982,2691,32291
"LOC105245964",3786,750,3036
"Gm20740",65212,632,64580
"Gm4942",1608,1608,0
"Gm5473",740,740,0
"4930449C09Rik",18979,1447,17532
"LOC105245965",4691,810,3881
"Gsdmc",32769,2382,30387
"1700065I16Rik",2353,843,1510
"Gsdmc2",20869,3400,17469
"Gsdmcl1",3634,1133,2501
"Gsdmc3",20868,4562,16306
"Gsdmcl2",8367,1044,7323
"Gsdmc4",21060,2517,18543
"Gsdmcl-ps",10993,1930,9063
"Fam49b",131359,4282,127077
"Asap1",296080,7209,288871
"Gm20717",4778,3946,832
"LOC105245966",3221,2541,680
"Gm30563",53731,6207,47524
"Gm30632",38838,1486,37352
"Gm30691",2185,342,1843
"Adcy8",223262,5039,218223
"Gm30752",15289,1972,13317
"Gm5046",1788,1788,0
"Gm7814",1233,509,724
"LOC105245968",8223,263,7960
"Efr3a",86793,5298,81495
"LOC105245967",5904,4845,1059
"Oc90",36362,3183,33179
"Hhla1",54362,2262,52100
"Gm2991",747,747,0
"Kcnq3",294152,5720,288432
"Gm27242",32777,5262,27515
"Gm30929",6043,3259,2784
"LOC105245969",3291,771,2520
"Gm19077",873,873,0
"Lrrc6",121053,2084,118969
"Gm31006",6816,621,6195
"Tmem71",35025,3172,31853
"Phf20l1",69527,12703,56824
"Tg",179966,8454,171512
"Sla",51011,3156,47855
"Wisp1",31881,5096,26785
"Ndrg1",40324,2890,37434
"LOC105245970",42940,3254,39686
"Gm31286",12872,3145,9727
"Gm31342",3042,448,2594
"St3gal1",74036,6328,67708
"Gm31400",2177,1607,570
"1700012I11Rik",150326,1039,149287
"Zfat",175552,6735,168817
"Gm10240",549,549,0
"Mir30b",96,96,0
"Mir30d",82,82,0
"Gm32071",405,405,0
"Gm7859",859,859,0
"Gm18930",1765,1765,0
"Gm7125",1094,1094,0
"LOC105245971",5256,853,4403
"Khdrbs3",172759,2213,170546
"LOC105245972",4756,4663,93
"Gm31550",1934,1521,413
"4930504C09Rik",4178,1093,3085
"Gm19782",153972,4789,149183
"Gm5216",2087,2087,0
"Gm18282",585,585,0
"Gm18155",629,629,0
"Gm19199",581,581,0
"Gm5217",1378,1378,0
"Fam135b",289486,17970,271516
"Gm2999",1181,1181,0
"Col22a1",352505,6457,346048
"LOC105245973",3439,1255,2184
"Kcnk9",44927,6866,38061
"Trappc9",471624,7515,464109
"Peg13",4721,4721,0
"LOC105245974",2862,1843,1019
"Gm3150",480,480,0
"Gm31665",5923,5481,442
"Chrac1",3664,851,2813
"Ago2",83323,8031,75292
"Gm31725",5139,2223,2916
"Ptk2",218174,5728,212446
"Mir151",68,68,0
"LOC105245975",6758,3199,3559
"Gm7908",747,747,0
"Gm10362",595,595,0
"LOC102634312",260,260,0
"Dennd3",59683,5427,54256
"Slc45a4",68340,8525,59815
"Gpr20",12899,2234,10665
"Ptp4a3",35622,5282,30340
"Mroh5",52736,2242,50494
"Gm3244",483,483,0
"LOC102634429",9858,1661,8197
"Gm32355",3992,1741,2251
"Gm32405",5840,3463,2377
"LOC105245978",324634,9581,315053
"Gm7935",1530,1530,0
"Gm15387",1320,1320,0
"Gm32918",8592,6154,2438
"LOC105245977",4645,2931,1714
"LOC105245976",4756,809,3947
"Gm32839",8248,2915,5333
"Gm32168",70027,1729,68298
"Bai1",73270,7012,66258
"Mroh4",30843,4429,26414
"Arc",3490,3059,431
"Gm32994",39160,4751,34409
"Jrk",6911,5529,1382
"4933427E11Rik",1214,1214,0
"Psca",2227,856,1371
"Them6",3140,1488,1652
"Slurp1",1383,525,858
"Lypd2",2550,622,1928
"Gm33124",2368,256,2112
"2300005B03Rik",3849,464,3385
"Lynx1",5124,3952,1172
"Ly6d",1512,691,821
"D730001G18Rik",7952,1594,6358
"Gm33174",3497,1328,2169
"Ly6k",3095,773,2322
"Gml",5381,1614,3767
"Hemt1",27285,2404,24881
"Cyp11b1",6752,2398,4354
"Cyp11b2",5309,1625,3684
"LOC105245979",17847,695,17152
"2010109I03Rik",3369,1887,1482
"Gm6610",2291,1526,765
"LOC105243761",9389,4038,5351
"Ly6e",4855,2301,2554
"Gm28068",78297,9490,68807
"Ly6i",11038,1735,9303
"Gm8000",2140,862,1278
"LOC105245980",1644,931,713
"Ly6a",3155,1002,2153
"Ly6c1",4836,1694,3142
"Gm5960",12760,1226,11534
"Ly6c2",3851,909,2942
"I830127L07Rik",3903,973,2930
"Ly6g",3868,936,2932
"BC025446",6324,1565,4759
"Gm10238",3803,787,3016
"Ly6f",3865,928,2937
"Gm3454",3788,638,3150
"Gm28114",44308,1173,43135
"9030619P08Rik",4224,857,3367
"Gm20654",5628,4108,1520
"Gm34531",22347,4733,17614
"Gm34593",5724,4197,1527
"Gm34646",2621,1215,1406
"Ly6h",2505,1583,922
"Gpihbp1",1556,797,759
"Zfp41",11305,6570,4735
"LOC102638167",10132,5580,4552
"2810039B14Rik",2461,1539,922
"Top1mt",21794,1931,19863
"Rhpn1",10135,2378,7757
"Mafa",1080,1080,0
"Zc3h3",87538,3568,83970
"Gm34851",1666,952,714
"Gm9568",1629,1228,401
"Gsdmd",5267,2013,3254
"Mroh6",8228,5848,2380
"Naprt",3518,1890,1628
"Eef1d",14761,3063,11698
"Tigd5",4801,4801,0
"Pycrl",5098,1509,3589
"Tsta3",5153,1637,3516
"Zfp623",8451,2774,5677
"Eif2s3x-ps1",1620,1620,0
"Zfp707",6739,1942,4797
"Ccdc166",2414,2414,0
"Mapk15",5423,2395,3028
"Fam83h",13245,7846,5399
"K230010J24Rik",37124,1744,35380
"Scrib",22618,5639,16979
"Mir6952",61,61,0
"Puf60",10769,2084,8685
"Nrbp2",6006,3176,2830
"LOC105245981",6182,2996,3186
"Eppk1",18708,12322,6386
"BC024139",7040,2640,4400
"Gm35087",1663,584,1079
"LOC102638700",364,364,0
"Plec",60405,17515,42890
"Mir1942",63,63,0
"Parp10",10446,3395,7051
"Grina",3172,2089,1083
"Mir6953",68,68,0
"Gm10872",3053,971,2082
"Spatc1",24743,2280,22463
"Mir3079",90,90,0
"Smpd5",3028,2609,419
"Oplah",34499,4422,30077
"Exosc4",3274,1789,1485
"Gpaa1",3607,2289,1318
"Rps6-ps1",830,830,0
"Cyc1",2412,1194,1218
"Sharpin",4076,1757,2319
"Maf1",3085,1830,1255
"Gm35339",9405,5610,3795
"Hgh1",2552,2294,258
"Tssk5",3234,2141,1093
"Mroh1",72573,8484,64089
"Mir6954",60,60,0
"Bop1",24274,2476,21798
"Scx",3436,2973,463
"Hsf1",23584,2346,21238
"Dgat1",10007,2687,7320
"Scrt1",5927,4010,1917
"Gm32565",6103,550,5553
"Gm8140",2092,1001,1091
"Fbxl6",3024,1719,1305
"Slc52a2",3303,2815,488
"Gm35739",2426,1283,1143
"Adck5",19454,2035,17419
"Cpsf1",11806,4538,7268
"Slc39a4",4997,2753,2244
"Vps28",3940,885,3055
"Tonsl",13693,4207,9486
"Cyhr1",16814,13845,2969
"Kifc2",8360,3749,4611
"Foxh1",2489,2130,359
"Ppp1r16a",23300,2854,20446
"Gpt",2912,1750,1162
"Mfsd3",2698,2169,529
"Recql4",7024,4092,2932
"Lrrc14",4475,2713,1762
"Lrrc24",6898,1904,4994
"C030006K11Rik",2381,1821,560
"Arhgap39",94186,6849,87337
"LOC105245982",2659,730,1929
"Zfp251",19305,3514,15791
"Zfp7",13179,3058,10121
"LOC105245983",724,632,92
"Commd5",1357,998,359
"Rpl8",2248,862,1386
"Zfp647",15130,3046,12084
"Gm18283",884,884,0
"1110038F14Rik",2469,1403,1066
"Gm35933",10562,2460,8102
"Gm32734",1912,1427,485
"Mb",35182,1252,33930
"Apol6",12375,3791,8584
"Rbfox2",228064,12127,215937
"1700109K24Rik",11917,1090,10827
"LOC105245984",9790,1093,8697
"LOC102639762",7719,1317,6402
"LOC105245986",2667,368,2299
"LOC105245985",2131,1704,427
"Apol7a",10894,4009,6885
"Apol9a",7292,1939,5353
"Gm36194",5048,627,4421
"Apol7b",25252,2227,23025
"LOC102639912",1387,1387,0
"Gm8208",546,546,0
"Apol10a",14023,3033,10990
"Apol11a",9746,2276,7470
"Apol7c",8484,2079,6405
"1700025B11Rik",3654,553,3101
"Apol10b",14437,2738,11699
"Gm36245",3613,536,3077
"Gm8221",8431,8431,0
"Apol11b",9336,2057,7279
"Apol10c-ps",789,789,0
"Apol7e",23570,2431,21139
"Gm8233",552,552,0
"Gm18911",998,998,0
"Gm36329",5431,813,4618
"Apol9b",7311,1987,5324
"Apol8",11936,5157,6779
"Myh9",81591,7435,74156
"Txn2",13944,1282,12662
"Foxred2",16250,6486,9764
"Eif3d",12091,2398,9693
"Cacng2",125658,2887,122771
"LOC102640344",28856,9430,19426
"Ift27",14646,1014,13632
"Pvalb",15235,1161,14074
"Ncf4",18419,1623,16796
"Csf2rb2",23215,4740,18475
"Mir7676-1",62,62,0
"Csf2rb",25205,4927,20278
"Mir7676-2",62,62,0
"Tex33",17513,1241,16272
"Tst",6304,1096,5208
"Mpst",7304,1925,5379
"Gm36644",17717,3099,14618
"LOC105245987",9042,5514,3528
"Kctd17",10745,3305,7440
"Tmprss6",28982,3264,25718
"Il2rb",32372,4584,27788
"C1qtnf6",8846,3455,5391
"Sstr3",12356,7657,4699
"Gm6723",747,747,0
"Rac2",13615,3036,10579
"Gm36738",7261,449,6812
"Cyth4",24973,2905,22068
"Gm36791",4115,3328,787
"LOC105245988",2197,1881,316
"Gm36877",6863,5734,1129
"Elfn2",51543,8007,43536
"1700041B01Rik",5049,989,4060
"Mfng",17635,2059,15576
"Card10",27940,4761,23179
"Gm7318",721,721,0
"Cdc42ep1",8256,2542,5714
"Lgals2",4670,592,4078
"Gm26634",6070,1613,4457
"Gga1",17396,3034,14362
"Mir6955",74,74,0
"LOC102632079",5472,4069,1403
"Sh3bp1",12273,2503,9770
"Pdxp",5599,2001,3598
"Gm30368",6986,1942,5044
"LOC105245989",2739,2660,79
"Lgals1",3741,800,2941
"Nol12",6978,2623,4355
"Triobp",58146,8525,49621
"Gm10865",16087,712,15375
"Mir6956",62,62,0
"Gm17753",9858,1495,8363
"H1f0",2293,2293,0
"Gcat",11658,2977,8681
"Galr3",1674,1245,429
"Gm3924",6687,1092,5595
"Ankrd54",9865,2050,7815
"Eif3l",19178,1893,17285
"Micall1",28424,7421,21003
"1700088E04Rik",6597,1365,5232
"Polr2f",10401,520,9881
"Sox10",10327,2774,7553
"Gm10863",50336,680,49656
"Gm30587",5824,1788,4036
"Gm30527",3769,1471,2298
"Pick1",20301,2253,18048
"Slc16a8",3733,1791,1942
"Gm17209",1205,1205,0
"Baiap2l2",27338,4448,22890
"Gm30753",822,726,96
"Pla2g6",42303,4318,37985
"LOC105245991",874,794,80
"LOC105245990",6643,3329,3314
"Maff",12453,2599,9854
"Tmem184b",42620,7069,35551
"Mir1943",73,73,0
"Csnk1e",37728,6538,31190
"LOC105245992",6388,1605,4783
"Kcnj4",28170,3569,24601
"Kdelr3",11332,1737,9595
"Ddx17",19069,8402,10667
"Dmc1",43658,2265,41393
"Fam227a",49395,7244,42151
"Cby1",8497,1182,7315
"Gm30877",1214,476,738
"Tomm22",1995,1024,971
"Josd1",13623,3394,10229
"Gtpbp1",30584,3398,27186
"Sun2",18469,4029,14440
"Gm16576",14697,5404,9293
"LOC105245993",3170,3107,63
"Dnal4",13021,1545,11476
"Gm30977",19533,1614,17919
"Npcd",47983,4873,43110
"Nptxr",18359,4949,13410
"Cbx6",10436,5449,4987
"D730005E14Rik",3607,3607,0
"Apobec3",16498,3579,12919
"Cbx7",55346,4227,51119
"Pdgfb",18944,3169,15775
"Mir7213",57,57,0
"Gm31044",9355,5250,4105
"LOC105245994",12338,1521,10817
"LOC105245995",6537,2037,4500
"Rpl3",5626,1541,4085
"Snord83b",77,77,0
"Snord43",48,48,0
"Gm31134",2607,2068,539
"Syngr1",28168,5018,23150
"Gm31253",6567,1631,4936
"Tab1",28556,3005,25551
"Gm31196",11721,3296,8425
"Mgat3",41870,5772,36098
"Gm8375",886,886,0
"Mief1",19434,5452,13982
"Atf4",2362,1729,633
"Rps19bp1",3693,830,2863
"Cacna1i",111055,9875,101180
"Gm31319",4654,3557,1097
"LOC105245996",6646,6296,350
"Gm31369",7033,911,6122
"Enthd1",113437,2938,110499
"Gm19141",2022,2022,0
"Grap2",80626,6295,74331
"Mir6957",64,64,0
"Fam83f",28579,3272,25307
"A430088P11Rik",6586,4502,2084
"Tnrc6b",229774,17528,212246
"Mir5113",82,82,0
"Adsl",22458,3712,18746
"Gm6612",541,541,0
"Sgsm3",34526,3271,31255
"Gm31462",858,398,460
"Mkl1",178477,4672,173805
"LOC105245997",6207,6159,48
"4930483J18Rik",1905,1094,811
"LOC102633777",439,439,0
"Gm31608",12574,1759,10815
"Gm31750",860,147,713
"Mchr1",3466,2189,1277
"8430426J06Rik",9209,1225,7984
"Slc25a17",41845,1667,40178
"St13",34651,1622,33029
"Xpnpep3",57349,6150,51199
"Dnajb7",1186,1186,0
"Gm17025",6986,2995,3991
"Rbx1",10054,1655,8399
"Ep300",65864,8779,57085
"L3mbtl2",24427,3810,20617
"Gm18284",965,965,0
"Chadl",11211,3290,7921
"Rangap1",25672,3212,22460
"Zc3h7b",51422,5977,45445
"Gm17597",1824,1116,708
"Tef",24191,5304,18887
"LOC102634233",3157,2747,410
"Gm8444",3287,885,2402
"Tob2",10057,3994,6063
"Phf5a",7377,1648,5729
"Aco2",42675,2768,39907
"Polr3h",11218,2759,8459
"Gm32167",4658,1256,3402
"Csdc2",14183,2490,11693
"Pmm1",9825,1381,8444
"Cyp2d67-ps",849,298,551
"LOC102634709",552,552,0
"1700029P11Rik",1024,1024,0
"Xrcc6",52260,3618,48642
"Desi1",23699,3059,20640
"Nhp2l1",6254,1257,4997
"4930407I10Rik",7388,4673,2715
"Mei1",56759,4888,51871
"Ccdc134",14303,2165,12138
"Srebf2",58111,5547,52564
"Mir33",69,69,0
"Shisa8",5864,1804,4060
"Tnfrsf13c",3006,2319,687
"Cenpm",11006,1891,9115
"1500009C09Rik",8357,1904,6453
"Gm32310",20719,1487,19232
"Sept3",22124,5510,16614
"Wbp2nl",15575,1318,14257
"Naga",9309,1927,7382
"Fam109b",6764,3311,3453
"Smdt1",3017,585,2432
"Ndufa6",4153,560,3593
"Cyp2d22",9734,2772,6962
"Cyp2d11",4869,1590,3279
"Mir7684",60,60,0
"Cyp2d10",4364,1662,2702
"Gm19267",792,543,249
"Cyp2d9",4451,1651,2800
"Cyp2d32-ps",2495,2495,0
"Gm5806",2948,2948,0
"Cyp2d12",4454,1717,2737
"Cyp2d33-ps",3331,3331,0
"Cyp2d34-ps",3975,3975,0
"Cyp2d34",4943,1622,3321
"Cyp2d13",5296,1646,3650
"Cyp2d35-ps",4800,4800,0
"Cyp2d36-ps",11973,11973,0
"Cyp2d37-ps",1309,671,638
"Cyp2d38-ps",1696,1696,0
"Cyp2d39-ps",3413,3413,0
"Cyp2d40",4290,1102,3188
"Cyp2d41-ps",4265,1102,3163
"Cyp2d26",4346,1972,2374
"Tcf20",179421,8482,170939
"LOC105245998",2027,1982,45
"Tbrg3",7979,7979,0
"Gm20324",6737,1116,5621
"Mir3080",79,79,0
"AW121686",6904,3137,3767
"Nfam1",36662,4545,32117
"Gm32620",5154,1030,4124
"LOC105245999",6513,1291,5222
"Serhl",16485,1512,14973
"Rrp7a",6981,2353,4628
"Poldip3",23398,3288,20110
"Rnu12",150,150,0
"Cyb5r3",18714,2200,16514
"A4galt",25053,2175,22878
"LOC105246000",2136,1215,921
"Gm32886",503,338,165
"LOC102635529",865,463,402
"Gm32788",25828,5297,20531
"Arfgap3",50606,2719,47887
"1700001L05Rik",13451,6003,7448
"Pacsin2",89000,4194,84806
"LOC105246001",5722,1128,4594
"Gm5417",1108,1108,0
"Gm33221",2583,506,2077
"Ttll1",35149,2824,32325
"Bik",17844,2348,15496
"Mcat",8961,2017,6944
"Tspo",10631,856,9775
"Ttll12",20064,3770,16294
"Scube1",122467,8018,114449
"LOC105246002",7726,6956,770
"Gm33324",5163,2338,2825
"Mpped1",79016,9501,69515
"LOC105246003",19737,6403,13334
"LOC105246005",9064,1725,7339
"Efcab6",208314,5870,202444
"LOC105246004",2549,2058,491
"Rpl31-ps22",401,401,0
"Sult4a1",29658,2512,27146
"Pnpla5",15637,2397,13240
"Gm33432",5934,2178,3756
"Gm33530",972,741,231
"Pnpla3",21739,5195,16544
"Mir6392",108,108,0
"LOC102636551",737,737,0
"Samm50",22071,1673,20398
"Gm33665",5362,5205,157
"Parvb",83567,4028,79539
"Gm33723",2690,2104,586
"Parvg",19056,3711,15345
"Gm5214",579,579,0
"1810041L15Rik",103642,7621,96021
"Gm33830",18822,1216,17606
"Gm33966",1283,487,796
"Gm34027",11322,2889,8433
"Ldoc1l",4426,4426,0
"Gm34095",14626,2127,12499
"Gm34201",10018,697,9321
"Prr5",43239,4957,38282
"LOC105246006",6883,5884,999
"LOC105246007",5120,2000,3120
"Gm20556",5638,1237,4401
"Arhgap8",52806,2341,50465
"Phf21b",70757,4472,66285
"Gm4217",1219,1219,0
"4930513L16Rik",7268,1046,6222
"Nup50",19536,4749,14787
"5031439G07Rik",42252,5032,37220
"Mir1249",98,98,0
"LOC105243769",18169,3125,15044
"Gm6847",862,862,0
"Upk3a",5420,1106,4314
"Fam118a",79919,3850,76069
"Smc1b",67269,4040,63229
"Gm10923",524,524,0
"Ribc2",12510,4714,7796
"Gm19277",6879,1165,5714
"Fbln1",80351,3864,76487
"Gm34337",1250,274,976
"Atxn10",127456,2425,125031
"7530416G11Rik",30582,2671,27911
"Gm4825",438,438,0
"Wnt7b",46385,4415,41970
"Gm34394",14475,10179,4296
"AU022754",12567,2976,9591
"Mirlet7bhg",3752,1489,2263
"Mirlet7c-2",95,95,0
"Mirlet7b",85,85,0
"Gm34622",4502,3078,1424
"Ppara",78660,10573,68087
"Cdpf1",4726,1405,3321
"Pkdrej",7058,7058,0
"Ttc38",26519,3934,22585
"Gtse1",16867,2780,14087
"Trmu",18086,2095,15991
"Celsr1",135460,11716,123744
"Gm34764",5992,1877,4115
"LOC105246009",5054,506,4548
"Gramd4",79942,5179,74763
"LOC105246008",5942,4182,1760
"Cerk",47093,4740,42353
"Gm15569",1500,913,587
"Tbc1d22a",284083,3267,280816
"Gm34965",704,341,363
"Gm35118",12754,589,12165
"4930543I03Rik",62978,3592,59386
"Gm35284",2447,901,1546
"Gm32971",522,522,0
"A930027H12Rik",156490,1035,155455
"Gm35422",15647,4564,11083
"Gm35471",14040,900,13140
"Fam19a5",215066,3837,211229
"Mir6393",94,94,0
"Gm35599",141148,12201,128947
"Gm35711",15533,4425,11108
"Gm35652",5124,3834,1290
"LOC102642702",2492,347,2145
"Gm35772",3779,376,3403
"LOC105246010",2786,905,1881
"LOC105246011",94502,1118,93384
"B230214G05Rik",57778,2778,55000
"Gm35831",93192,1193,91999
"Zdhhc25",1368,1368,0
"Gm35997",6155,3078,3077
"Brd1",47193,8940,38253
"LOC105246012",6576,2936,3640
"Zbed4",32852,6084,26768
"Alg12",14076,2437,11639
"Creld2",7036,1364,5672
"Gm33049",8055,780,7275
"Pim3",3533,2419,1114
"LOC102642900",13808,2416,11392
"Ttll8",65864,7744,58120
"Mlc1",26804,2912,23892
"LOC105246013",1428,1260,168
"Gm8702",780,780,0
"Mov10l1",72262,4271,67991
"Panx2",13846,3587,10259
"1810021B22Rik",4657,654,4003
"Trabd",11029,2941,8088
"Selo",11234,2360,8874
"Tubgcp6",24112,7166,16946
"Hdac10",5398,2870,2528
"Mapk12",11010,2849,8161
"Mapk11",7143,2717,4426
"LOC105246014",6364,3477,2887
"Plxnb2",25595,7062,18533
"Mir7118",61,61,0
"Dennd6b",14262,4611,9651
"Mir6958",73,73,0
"Ppp6r2",75495,5473,70022
"Sbf1",27076,6325,20751
"LOC105246015",1496,1452,44
"Mir6959",75,75,0
"Adm2",1833,1119,714
"Miox",2535,1047,1488
"Lmf2",4656,2906,1750
"Ncaph2",17132,3343,13789
"Sco2",2182,1145,1037
"Tymp",5106,2034,3072
"Odf3b",2235,1321,914
"Klhdc7b",1818,1818,0
"Syce3",20330,553,19777
"ChkbCpt1b",13523,4527,8996
"Cpt1b",9458,2894,6564
"Chkb",3579,1922,1657
"LOC105246016",16865,3118,13747
"Mapk8ip2",8537,3539,4998
"Arsa",4949,3985,964
"C230037L18Rik",8599,872,7727
"LOC105246017",4079,2909,1170
"Shank3",60555,8180,52375
"LOC105246018",13856,2546,11310
"Gm36221",1039,332,707
"Acr",11343,6793,4550
"Rabl2",10021,2350,7671
"Gm18476",557,557,0
"LOC102640133",1386,988,398
"Syt10",68266,3340,64926
"Gm36330",30258,1692,28566
"Alg10b",6244,3727,2517
"Mir7648",53,53,0
"Gm36480",14735,1202,13533
"Gm18372",846,846,0
"Cpne8",193320,5158,188162
"Gm6746",706,706,0
"Gm3861",366,366,0
"Rpl31-ps8",495,495,0
"Tcea1-ps1",1402,1402,0
"Spn-ps",7081,809,6272
"Gm36618",3377,459,2918
"Kif21a",116677,6458,110219
"Gm36710",331,238,93
"Gm18814",1070,1070,0
"Gm7167",1199,1199,0
"Abcd2",46634,6237,40397
"CN725425",61989,2629,59360
"LOC105246019",1404,265,1139
"Slc2a13",305571,6541,299030
"Gm15383",1410,1410,0
"Gm15381",1144,1144,0
"4933438A12Rik",7092,1011,6081
"Lrrk2",143304,10402,132902
"Gm15382",516,516,0
"Muc19",96230,9103,87127
"Smgc",23108,2977,20131
"Gm18979",2768,2768,0
"Gm3888",1251,1251,0
"Cntn1",290826,6647,284179
"Gm36901",25365,10687,14678
"LOC105246020",23155,2418,20737
"Pdzrn4",375018,5056,369962
"4930588J15Rik",14170,6246,7924
"Gm18815",1483,1483,0
"Gm30085",75995,2617,73378
"Gm18685",693,693,0
"LOC102641118",44109,1605,42504
"Gm4335",1221,1221,0
"Gxylt1",35602,6886,28716
"Yaf2",53103,2339,50764
"LOC105246021",3657,3657,0
"Zcrb1",12224,930,11294
"LOC105246022",2479,2406,73
"Pphln1",93564,5303,88261
"Gm30181",893,893,0
"Prickle1",97156,9720,87436
"LOC105246023",15824,951,14873
"LOC105246025",38472,372,38100
"Gm30279",17617,511,17106
"Zfp42-ps1",1431,1431,0
"LOC105246024",15354,2153,13201
"Gm30339",35735,6366,29369
"9430014N10Rik",22256,1131,21125
"Gm30564",8285,2361,5924
"Gm30609",2554,584,1970
"Gm30665",26818,1299,25519
"LOC105246026",5584,699,4885
"D630010B17Rik",8405,1071,7334
"Adamts20",197114,11929,185185
"Pus7l",20874,2854,18020
"Irak4",24707,3229,21478
"Twf1",11937,3033,8904
"Gm30754",3966,1507,2459
"Tmem117",466913,2781,464132
"Gm31007",2191,1045,1146
"Gm30953",24692,1802,22890
"Gm30810",8491,7457,1034
"LOC100043315",51697,1006,50691
"Gm31075",27078,7504,19574
"Nell2",309319,4278,305041
"Gm31428",616,573,43
"Gm31370",8101,7782,319
"Gm31551",3866,224,3642
"Dbx2",31209,2271,28938
"Gm31690",14670,3112,11558
"Gm6961",83929,5553,78376
"Gm8843",1579,1579,0
"Gm8849",731,731,0
"A130051J06Rik",18087,3396,14691
"Ano6",184630,6447,178183
"LOC102634389",5615,737,4878
"LOC105246027",9974,7176,2798
"D030018L15Rik",27938,4306,23632
"LOC105246028",3073,3073,0
"LOC102634841",152665,2538,150127
"Gm4371",20671,1610,19061
"2610037D02Rik",7501,3631,3870
"4833422M21Rik",22815,1365,21450
"Gm8866",598,598,0
"E330033B04Rik",6712,6712,0
"Arid2",117942,9029,108913
"LOC105246029",1686,1651,35
"Scaf11",49146,7941,41205
"LOC105246049",11338,3046,8292
"LOC105246030",4293,803,3490
"Gm32406",11092,1284,9808
"Slc38a1",71496,8496,63000
"Gm32457",1796,680,1116
"Slc38a2",12339,4660,7679
"Gm8888",377,377,0
"Gm32564",14713,1508,13205
"Gm32677",5401,448,4953
"Rpl10a-ps3",717,717,0
"Slc38a4",61141,4380,56761
"Gm32840",67667,5954,61713
"Gm32789",2134,889,1245
"Gm32733",4990,1076,3914
"Gm32885",10162,1182,8980
"Gm33149",11812,1243,10569
"Gm33253",8318,3545,4773
"Gm33205",16358,3544,12814
"Amigo2",3214,3214,0
"Pced1b",138617,7304,131313
"Gm4383",623,623,0
"Gm33325",19285,954,18331
"LOC105246031",13012,2479,10533
"LOC105246032",6944,501,6443
"Rpap3",30726,2277,28449
"Endou",20391,3105,17286
"Gm33531",7671,4854,2817
"Rapgef3",23606,4966,18640
"LOC102636367",1011,528,483
"Slc48a1",8328,2526,5802
"Hdac7",51839,7545,44294
"Gm33636",11140,5463,5677
"Gm33690",25448,833,24615
"Vdr",53870,4354,49516
"Tmem106c",6090,1667,4423
"Col2a1",29123,5870,23253
"LOC105246033",7634,4271,3363
"Senp1",54826,7238,47588
"Pfkm",39859,3393,36466
"Asb8",30966,2383,28583
"Ccdc184",2329,2329,0
"Gm33909",14076,4296,9780
"Olfr288",9530,2083,7447
"Olfr287",16491,5424,11067
"Olfr286",7776,1451,6325
"H1fnt",1326,1326,0
"Gm33967",9900,395,9505
"Zfp641",10919,6464,4455
"Olfr285",960,960,0
"Olfr284",918,918,0
"Olfr283",930,930,0
"1700031M16Rik",17691,824,16867
"Gm21022",1210,1210,0
"Olfr282",928,928,0
"Gm6979",494,494,0
"Olfr281",936,936,0
"Olfr240-ps1",467,467,0
"Olfr280-ps1",290,290,0
"Lalba",2535,876,1659
"Olfr279",6005,1099,4906
"Olfr278-ps1",275,275,0
"Kansl2",17075,4283,12792
"Snora34",118,118,0
"Mir1291",117,117,0
"Snora2b",112,112,0
"Ccnt1",25287,3036,22251
"9330020H09Rik",3541,3428,113
"4930415O20Rik",18585,566,18019
"Adcy6",20163,7647,12516
"Cacnb3",17664,4140,13524
"Ddx23",17558,3034,14524
"Rnd1",8257,2203,6054
"Gm34152",5956,1619,4337
"Ccdc65",15110,1880,13230
"Fkbp11",3833,949,2884
"Arf3",25495,3738,21757
"Wnt10b",7500,3407,4093
"Wnt1",5764,2952,2812
"Ddn",4144,3740,404
"Prkag1",18712,1766,16946
"Kmt2d",39537,19830,19707
"Rhebl1",3738,1275,2463
"Dhh",16943,3209,13734
"Lmbr1l",14637,2794,11843
"LOC105246036",2491,499,1992
"Tuba1b",3134,1868,1266
"LOC105246035",9333,2057,7276
"Tuba1a",3655,1591,2064
"LOC105246034",25302,3581,21721
"4930578M01Rik",3317,907,2410
"Gm8973",339,339,0
"LOC105246037",9043,892,8151
"Tuba1c",8215,1977,6238
"LOC105246038",9922,1436,8486
"Prph",5404,2347,3057
"Gm34284",6532,478,6054
"Troap",8437,2266,6171
"Mir6960",61,61,0
"C1ql4",6609,3882,2727
"Dnajc22",5604,1731,3873
"Spats2",87290,3072,84218
"Kcnh3",18469,4316,14153
"Gm34504",437,402,35
"Mcrs1",9145,1916,7229
"1700120C14Rik",10254,388,9866
"Gm34447",874,430,444
"Fam186b",24874,3381,21493
"Gm34338",3675,523,3152
"Prpf40b",21932,4942,16990
"Fmnl3",53294,4542,48752
"Tmbim6",17103,2803,14300
"Nckap5l",35741,4880,30861
"LOC102637966",6914,4306,2608
"Gm34594",1230,1052,178
"Bcdin3d",4647,1271,3376
"Faim2",37874,4921,32953
"Gm5808",704,520,184
"Gm34765",24806,2715,22091
"Aqp2",5490,1416,4074
"Aqp5",3802,1551,2251
"Aqp6",6425,4407,2018
"LOC105246039",9390,1757,7633
"Racgap1",31161,3065,28096
"Gm34880",5243,1668,3575
"Asic1",30865,5606,25259
"Smarcd1",11709,3153,8556
"Gm34939",1149,575,574
"Gm17241",342,342,0
"Gm16537",6628,554,6074
"Gpd1",7416,2786,4630
"Cox14",2519,723,1796
"Cers5",36924,2010,34914
"Lima1",96989,4515,92474
"LOC102638590",1612,1612,0
"Gm17057",18099,3139,14960
"Gm18095",605,605,0
"Gm18890",799,799,0
"Gm9763",369,369,0
"LOC105246040",5336,444,4892
"Gm20564",2772,1186,1586
"1700030F18Rik",49086,10030,39056
"Gm21917",21040,759,20281
"Larp4",46294,7833,38461
"2310068J16Rik",1121,1121,0
"Dip2b",181157,9545,171612
"Atf1",33390,3170,30220
"Tmprss12",12217,1349,10868
"Gm33666",3002,567,2435
"Mettl7a1",24521,2544,21977
"Mettl7a3",12882,1759,11123
"Methig1",31236,1449,29787
"Mettl7a2",8620,1779,6841
"Higd1c",19371,506,18865
"Slc11a2",36312,6602,29710
"Gm5475",4958,2320,2638
"Letmd1",11088,3448,7640
"Csrnp2",15670,5637,10033
"Tfcp2",49267,3451,45816
"Pou6f1",26373,7432,18941
"C330013E15Rik",971,878,93
"Dazap2",5100,2095,3005
"Smagp",15602,1464,14138
"Bin2",28495,2396,26099
"Mir6961",67,67,0
"Cela1",13499,1106,12393
"Galnt6",40015,5892,34123
"I730030J21Rik",2233,961,1272
"Slc4a8",62272,12027,50245
"LOC105246041",8151,1570,6581
"Gm35569",6830,1946,4884
"Gm33745",7358,1543,5815
"Scn8a",177390,14757,162633
"Fignl2",28393,5440,22953
"LOC105246042",3059,2368,691
"Ankrd33",4653,2061,2592
"Acvrl1",16815,3788,13027
"Acvr1b",38477,3277,35200
"Mir6962",63,63,0
"A330009N23Rik",3996,1776,2220
"AU021063",909,583,326
"Grasp",8550,2686,5864
"Nr4a1",20583,4196,16387
"Atg101",6647,1897,4750
"6030408B16Rik",4215,1967,2248
"LOC105246043",1185,639,546
"Krt80",21811,3455,18356
"Gm35853",47150,4822,42328
"Mir1941",83,83,0
"LOC102639385",30010,6269,23741
"Krt7",15404,1586,13818
"Krt83",7315,1826,5489
"1700011A15Rik",6173,1086,5087
"Krt81",4705,1857,2848
"Krt86",6506,1960,4546
"5430421N21Rik",6383,1757,4626
"Gm6042",2498,282,2216
"Krt84",16297,2951,13346
"Krt82",9444,2100,7344
"4732456N10Rik",10595,2534,8061
"Krt75",10562,3268,7294
"Gm5476",1256,402,854
"Gm5477",1606,717,889
"Gm5414",4161,1659,2502
"Gm17851",1318,1318,0
"Gm5478",4362,2961,1401
"Krt6b",4267,2237,2030
"Krt6a",4378,2258,2120
"Krt5",5822,2190,3632
"Krt71",9149,2174,6975
"Krt74",9246,1589,7657
"Krt72",9899,1563,8336
"Krt73",9025,2154,6871
"Krt2",7481,2704,4777
"Gm35972",1411,239,1172
"Krt1",5361,2447,2914
"Krt77",10976,2107,8869
"Krt76",8570,2312,6258
"Krt4",6201,2133,4068
"Krt79",10993,2121,8872
"Krt78",50609,5491,45118
"Krt8",7632,1805,5827
"Gm36026",3309,1828,1481
"LOC105246044",6659,2164,4495
"Krt18",3811,1400,2411
"LOC105246045",2009,603,1406
"Eif4b",23401,3854,19547
"Tenc1",16035,5636,10399
"Spryd3",19720,2505,17215
"Igfbp6",5327,1289,4038
"Soat2",13023,2287,10736
"Csad",27235,3084,24151
"Zfp740",11966,4370,7596
"Itgb7",15965,2698,13267
"Rarg",22585,3563,19022
"Gm9918",3611,2244,1367
"Mfsd5",2289,1742,547
"Espl1",28105,7866,20239
"Pfdn5",5375,679,4696
"Myg1",6431,1480,4951
"Aaas",12513,1816,10697
"Gm36246",4319,462,3857
"Sp7",10428,3276,7152
"Sp1",30089,7973,22116
"Amhr2",9613,2208,7405
"Prr13",3637,1229,2408
"Gm36331",903,370,533
"Pcbp2",29838,4084,25754
"Map3k12",20407,6806,13601
"Tarbp2",5485,1982,3503
"Npff",1104,1002,102
"Atf7",88779,2855,85924
"LOC105246046",4999,489,4510
"Rpl39-ps",359,359,0
"Gm4544",3414,1525,1889
"Atp5g2",8271,738,7533
"Mir688",75,75,0
"Calcoco1",15402,2824,12578
"Gm36510",5631,994,4637
"Gm36560",76783,7344,69439
"Cistr-act",469,469,0
"Hoxc13",8020,2721,5299
"Gm36820",1667,1116,551
"Hoxc12",4133,3338,795
"Hotair",3885,2222,1663
"Hoxc11",2176,915,1261
"Hoxc10",5103,1914,3189
"Mir196a-2",85,85,0
"Hoxc9",7413,1719,5694
"Gm36878",764,417,347
"Gm29852",3625,3539,86
"Hoxc8",3716,2369,1347
"Gm29905",864,724,140
"Hoxc6",13657,10870,2787
"Hoxc5",3422,2730,692
"Mir615",92,92,0
"Hoxc4",18758,4732,14026
"Gm30528",36976,9423,27553
"Gm28876",14685,11703,2982
"D930007P13Rik",23759,1324,22435
"Smug1",15606,7108,8498
"Cbx5",48359,9095,39264
"Hnrnpa1",6302,2190,4112
"Nfe2",10192,2807,7385
"Copz1",27032,1972,25060
"LOC105246047",6658,4456,2202
"Mir148b",97,97,0
"Gpr84",3010,2357,653
"Zfp385a",26192,3195,22997
"Itga5",22463,4367,18096
"Mir6963",71,71,0
"Gtsf1",27991,1029,26962
"BC048502",11130,1041,10089
"Marcksl1-ps3",1320,1320,0
"Nckap1l",49077,4845,44232
"Pde1b",27023,3684,23339
"Ppp1r1a",7727,1334,6393
"LOC105246048",117445,1350,116095
"Glycam1",2323,669,1654
"Gm9108",1959,1959,0
"Mucl1",3576,783,2793
"Gm21178",1053,1053,0
"Spt1",3458,639,2819
"Gm35912",6078,1591,4487
"Vmn1r-ps137",919,919,0
"Gm4106",825,825,0
"Gm3711",581,581,0
"Gm3749",581,581,0
"Gm4111",825,825,0
"Vmn1r-ps138",918,918,0
"Gm35974",12592,2343,10249
"Gm4116",453,453,0
"Olfr161",942,942,0
"Olfr162-ps1",934,934,0
"Olfr163-ps1",207,207,0
"LOC105246057",3195,3195,0
"Mefv",10996,3367,7629
"Tdgf1-ps1",898,898,0
"Zfp263",6692,3983,2709
"Gm36195",3841,2199,1642
"LOC105246058",7909,2018,5891
"Olfr15",939,939,0
"Zfp174",24862,6205,18657
"Zfp597",23020,5906,17114
"Naa60",32281,2803,29478
"LOC105246059",2135,321,1814
"1700037C18Rik",2893,1321,1572
"Cluap1",33489,3698,29791
"Gm15539",530,530,0
"Nlrc3",35226,10768,24458
"LOC105246060",865,865,0
"Slx4",24725,9041,15684
"Gm15879",8364,1597,6767
"Dnase1",3239,1664,1575
"Trap1",37834,2297,35537
"Crebbp",132121,10301,121820
"4930455F16Rik",9205,936,8269
"Gm5766",1977,1977,0
"Gm36359",15285,2744,12541
"Adcy9",152351,7991,144360
"Gm36454",701,652,49
"Gm6142",502,502,0
"LOC105246061",2453,821,1632
"Srl",43416,5144,38272
"Tfap4",16112,6256,9856
"LOC105246062",2200,1486,714
"Glis2",30429,4771,25658
"Pam16",8481,552,7929
"Coro7",52837,3488,49349
"Vasn",11222,3189,8033
"Dnaja3",23626,2648,20978
"Nmral1",8040,1793,6247
"Hmox2",39889,1587,38302
"Cdip1",24827,4166,20661
"LOC105246063",2955,2906,49
"4930562C15Rik",32785,4759,28026
"Ubald1",5073,1386,3687
"Mgrn1",52197,4413,47784
"Gm16861",4422,1531,2891
"Nudt16l1",1911,1345,566
"Anks3",22913,2888,20025
"Gm36681",1355,837,518
"4930451G09Rik",14674,2831,11843
"Sept12",10995,2576,8419
"Smim22",1022,478,544
"Rogdi",5077,1671,3406
"Glyr1",36009,3751,32258
"Gm36765",2302,2263,39
"Ubn1",36222,6459,29763
"Ppl",46191,6277,39914
"Sec14l5",40371,6160,34211
"Nagpa",8761,2331,6430
"AU021092",10486,1377,9109
"Mir6364",86,86,0
"Alg1",11287,1769,9518
"Eef2kmt",11802,2140,9662
"LOC105246065",2057,1999,58
"LOC105246064",145156,3131,142025
"LOC105246066",1090,1030,60
"Rbfox1",1527688,15380,1512308
"Gm36902",4208,3300,908
"1700123O21Rik",22910,675,22235
"Gm36824",27467,9452,18015
"LOC105246067",2869,2279,590
"Gm29854",3705,2152,1553
"Gm29936",26107,5159,20948
"Tmem114",15861,1406,14455
"Gm30012",16001,3981,12020
"Mettl22",19453,1381,18072
"Abat",108140,4861,103279
"Gm18792",640,640,0
"Gm7541",910,910,0
"Tmem186",3971,2878,1093
"Pmm2",19846,1830,18016
"Carhsp1",13574,3094,10480
"Gm5767",12235,1652,10583
"Usp7",68346,5935,62411
"1810013L24Rik",28825,4074,24751
"Gm30310",31452,3895,27557
"Gm10247",421,421,0
"Gm30371",25470,4998,20472
"Gm30444",3752,1799,1953
"Gm30567",774,502,272
"Gm18722",2237,2237,0
"LOC105246068",10594,1832,8762
"Grin2a",422764,14985,407779
"Gm19143",676,676,0
"Gm30668",8780,1344,7436
"Gm7572",795,795,0
"Gm3890",259,259,0
"Rpl39l",4720,865,3855
"Atf7ip2",57030,7545,49485
"Emp2",32220,3440,28780
"Gm1600",7181,4490,2691
"Gm30724",3764,793,2971
"Tekt5",37514,1778,35736
"LOC105246069",7576,281,7295
"Nubp1",12551,2191,10360
"Tvp23a",26832,3804,23028
"LOC105246070",1518,1362,156
"Ciita",48592,8570,40022
"Dexi",12916,3484,9432
"Clec16a",199540,11428,188112
"LOC105242432",48857,2813,46044
"Gm15558",15917,4064,11853
"Socs1",1729,1340,389
"Tnp2",721,550,171
"Prm3",407,407,0
"Prm2",717,612,105
"Prm1",492,400,92
"Gm17913",566,566,0
"Rmi2",8177,3739,4438
"Gm21859",26350,2372,23978
"Litaf",33849,2416,31433
"Gm4262",6287,1984,4303
"Gm10832",4782,1018,3764
"Gm3919",852,852,0
"Gm18724",998,998,0
"Gm9861",10300,1995,8305
"Snn",8688,2931,5757
"Txndc11",59771,3126,56645
"Zc3h7a",39800,4148,35652
"LOC105246071",3174,2691,483
"LOC102633784",1001,1001,0
"Gm6305",1007,1007,0
"Rsl1d1",10256,1839,8417
"2610020C07Rik",22414,2156,20258
"Gspt1",38086,6826,31260
"Mir1945",78,78,0
"Tnfrsf17",6901,1453,5448
"Snx29",434676,11433,423243
"Gm18868",1794,1794,0
"Gm15897",1794,1794,0
"Gm32100",4826,1177,3649
"LOC105246072",21545,21545,0
"4833415N18Rik",1800,1000,800
"Cpped1",105792,5521,100271
"Gm9961",29231,540,28691
"Gm32278",5333,1157,4176
"Shisa9",286792,4844,281948
"Gm19571",563,413,150
"LOC100503786",1505,1505,0
"LOC105242421",120830,1331,119499
"4930414F18Rik",183700,4268,179432
"LOC102642616",7245,735,6510
"1700003L19Rik",37264,746,36518
"Gm6332",728,728,0
"Ercc4",42321,7038,35283
"Gm32596",5231,313,4918
"Mkl2",161513,14750,146763
"Gm32739",18196,9352,8844
"Gm15738",14181,2426,11755
"LOC105246073",3711,3566,145
"Gm32817",26366,5258,21108
"Mir193b",79,79,0
"Mir365-1",87,87,0
"Gm33155",5161,521,4640
"Mir6365",101,101,0
"2310015D24Rik",6289,2917,3372
"Parn",130237,3156,127081
"Gm33403",528,405,123
"Gm33329",1828,1828,0
"Gm33284",8011,2932,5079
"Bfar",31755,3003,28752
"3110001I22Rik",6366,1611,4755
"Pla2g10",15927,1603,14324
"Pla2g10os",9636,331,9305
"A930007A09Rik",4084,4084,0
"LOC101055727",1211,1211,0
"Rrn3",34143,3598,30545
"Ntan1",16617,1591,15026
"Pdxdc1",69985,4937,65048
"Gm19150",501,501,0
"Mpv17l",46459,3833,42626
"Gm15950",2041,2041,0
"Ifitm7",5389,1088,4301
"2900011O08Rik",114858,2355,112503
"Gm15806",898,898,0
"Gm15807",1108,1108,0
"LOC105246074",13144,1029,12115
"Gm15808",853,853,0
"Marf1",50109,7832,42277
"Mir484",67,67,0
"Nde1",29654,2510,27144
"Myh11",96882,6722,90160
"Fopnl",18686,2019,16667
"Abcc1",113359,5973,107386
"A630010A05Rik",58968,1622,57346
"Snai2",3527,2014,1513
"Gm33696",52332,4358,47974
"Efcab1",62805,9102,53703
"F830005K03Rik",3358,3358,0
"LOC105246075",12843,1104,11739
"Gm5404",2735,1827,908
"Gm6031",2865,2865,0
"Gm7085",903,903,0
"LOC105246076",38773,308,38465
"Ube2v2",43533,6047,37486
"Gm7748",604,604,0
"Mcm4",13504,3589,9915
"Prkdc",204809,13565,191244
"Mzt2",14924,1052,13872
"LOC105246077",14031,313,13718
"LOC102637234",478,478,0
"Cebpd",2260,2260,0
"Spidr",257628,3571,254057
"Gm10121",945,945,0
"Gm18334",510,510,0
"Rpl29-ps4",595,595,0
"D16Ertd727e",2446,2341,105
"Pkp2",59368,2891,56477
"Gm5481",1703,1703,0
"Yars2",6676,1587,5089
"Dnm1l",46819,4455,42364
"Gm7765",1189,1189,0
"Gm18869",1009,1009,0
"Fgd4",184198,10563,173635
"LOC105246078",739,739,0
"Olfr19",930,930,0
"4933404G15Rik",10435,1583,8852
"Gm34340",3478,2229,1249
"Spag6",76348,2466,73882
"Rpl31-ps12",484,484,0
"Gm5768",1952,1952,0
"Igll1",3315,870,2445
"Vpreb1",855,768,87
"Top3b",22293,4042,18251
"Ppm1f",30907,5166,25741
"Gm6438",463,463,0
"Mapk1",64072,5700,58372
"Ypel1",16599,3601,12998
"Ppil2",24709,2502,22207
"2610318N02Rik",11800,1613,10187
"Mir130b",82,82,0
"Mir301b",97,97,0
"Sdf2l1",2246,1108,1138
"Gm6440",421,421,0
"Ccdc116",8083,5945,2138
"Ydjc",1976,1408,568
"Ube2l3",49484,2615,46869
"Rimbp3",5848,5848,0
"Hic2",29844,6339,23505
"Tmem191c",2362,1408,954
"Pi4ka",125964,6828,119136
"Serpind1",12236,2222,10014
"Gm18793",685,685,0
"Snap29",24827,3432,21395
"Crkl",35456,5050,30406
"LOC105246079",4022,3255,767
"Aifm3",17870,3354,14516
"Lztr1",17793,3753,14040
"Thap7",3955,2215,1740
"Lrrc74b",16904,3955,12949
"P2rx6",10158,2443,7715
"Slc7a4",4875,4061,814
"Smpd4",25477,5034,20443
"Ccdc74a",4837,2007,2830
"Med15",71740,3618,68122
"Gm18335",657,657,0
"Rpl26-ps4",520,520,0
"Gm6048",429,429,0
"LOC102637743",1171,1171,0
"Klhl22",34293,3787,30506
"Scarf2",11013,3347,7666
"Zfp520-ps",688,688,0
"B830017H08Rik",1901,1119,782
"Car15",2911,1105,1806
"Dgcr2",53744,4759,48985
"Tssk1",1451,1451,0
"Tssk2",1388,1388,0
"Dgcr14",10656,2917,7739
"Gsc2",1506,725,781
"Slc25a1",3009,1678,1331
"LOC105246080",8180,3322,4858
"Vpreb2",1823,1210,613
"Dgcr6",18773,2109,16664
"Prodh",17558,2573,14985
"Rtn4r",24703,1874,22829
"Mir6366",82,82,0
"Gm34679",4949,1076,3873
"4933432I09Rik",4178,1536,2642
"LOC102638083",6121,2621,3500
"Zdhhc8",14389,4954,9435
"Ranbp1",8716,852,7864
"Trmt2a",5943,3737,2206
"Dgcr8",35305,8385,26920
"Mir1306",79,79,0
"Mir3618",88,88,0
"Tango2",47274,2483,44791
"Mir185",65,65,0
"Arvcf",58895,5042,53853
"Comt",19835,2400,17435
"Gm15764",8004,3752,4252
"Txnrd2",52657,1905,50752
"Gnb1l",68660,5205,63455
"Tbx1",8968,2117,6851
"Gm35369",5639,1909,3730
"4930588K23Rik",4233,2916,1317
"Gp1bb",2085,2085,0
"Sept5",8128,2127,6001
"Rps2-ps7",948,948,0
"LOC105246082",22335,1375,20960
"LOC105246081",2552,1653,899
"Cldn5",1416,1416,0
"Cdc45",31526,2415,29111
"Ufd1l",23461,2114,21347
"2510002D24Rik",3534,1232,2302
"Mrpl40",4620,1055,3565
"Hira",93560,5418,88142
"Gm18747",645,645,0
"Igl",233987,233987,0
"Gm10088",1377,1377,0
"Iglc1",320,320,0
"Iglj1",38,38,0
"Iglc3",317,317,0
"Iglj3p",38,38,0
"Iglj3",38,38,0
"Iglv1",444,351,93
"LOC105246083",16811,291,16520
"Gm18748",6839,6839,0
"Iglc4",314,314,0
"Iglj4",42,42,0
"Iglc2",317,317,0
"Iglj2",38,38,0
"Gm35545",22886,1588,21298
"Iglv3",472,369,103
"Iglv2",442,349,93
"Olfr164",948,948,0
"Olfr165",38268,1268,37000
"Olfr166",939,939,0
"Olfr167",939,939,0
"Olfr168",939,939,0
"Olfr169",942,942,0
"Olfr170",942,942,0
"Olfr171",945,945,0
"Lamp3",52985,3343,49642
"Gm17799",886,886,0
"B3gnt5",12567,5377,7190
"A930003A15Rik",7708,1126,6582
"Klhl6",36558,2405,34153
"Klhl24",31770,8262,23508
"Yeats2",91516,8100,83416
"Gm10241",994,994,0
"Map6d1",8050,3274,4776
"LOC105246084",866,765,101
"Parl",22576,1356,21220
"Cyp2ab1",17026,2906,14120
"Abcc5",95092,7944,87148
"LOC105246085",1747,390,1357
"Eif2b5",10518,2625,7893
"Dvl3",15611,3472,12139
"Ap2m1",9430,2937,6493
"Gm15760",3445,3445,0
"Abcf3",13048,3358,9690
"Gm20164",581,581,0
"Gm35685",2042,338,1704
"Vwa5b2",16060,5861,10199
"Mir1224",85,85,0
"Alg3",5296,1429,3867
"Ece2",34880,7346,27534
"Camk2n2",2064,1282,782
"Psmd2",11763,3053,8710
"Gm4462",1403,1403,0
"Eif4g1",20164,5506,14658
"Snord66",58,58,0
"Fam131a",9941,3085,6856
"Clcn2",14776,4319,10457
"Polr2h",4447,1287,3160
"Thpo",10058,2856,7202
"Chrd",10968,5214,5754
"Gm9536",2626,503,2123
"Rps10-ps2",572,572,0
"Gm6551",1472,1472,0
"Gm35913",1702,364,1338
"Gm18769",516,516,0
"Gm18770",515,515,0
"Gm6557",1405,1405,0
"Gm9697",1042,1042,0
"Gm18771",678,678,0
"Teddm3",1286,1286,0
"Ephb3",18515,5711,12804
"Gm16863",49374,2450,46924
"Mir7680",54,54,0
"Magef1",1779,1779,0
"Gm36224",4570,1989,2581
"Gm36150",6000,1383,4617
"Vps8",221564,5224,216340
"2510009E07Rik",45624,6196,39428
"Ehhadh",26550,3010,23540
"1300002E11Rik",14694,3960,10734
"Map3k13",108269,23145,85124
"Gm36455",5366,3593,1773
"LOC102640277",2908,2908,0
"LOC105246086",3740,3145,595
"Gm6467",724,724,0
"Tmem41a",13226,1359,11867
"Liph",41726,3861,37865
"Senp2",39838,4633,35205
"Gm4943",2954,1489,1465
"Igf2bp2",104291,4400,99891
"Gm5809",528,528,0
"Gm26980",1022,1022,0
"Gm36796",6327,6327,0
"Tra2b",20260,2482,17778
"Gm15776",500,500,0
"Etv5",58258,3891,54367
"Dgkg",190732,6055,184677
"9230117E06Rik",9149,5213,3936
"Gm30251",3923,3923,0
"Mir8095",129,129,0
"Gm9525",3533,3533,0
"Gm15651",18696,7230,11466
"LOC105246087",5737,770,4967
"Mir6362",107,107,0
"Gm8118",845,845,0
"Gm30416",20824,1706,19118
"Crygs",6208,793,5415
"Tbccd1",44487,4080,40407
"Dnajb11",21790,3236,18554
"Gm30505",19404,1769,17635
"Ahsg",7437,1514,5923
"Gm30611",13869,1988,11881
"Fetub",21387,1793,19594
"Hrg",10588,1737,8851
"Kng2",43250,2617,40633
"Gm6493",2857,2857,0
"Gm8128",505,505,0
"Gm8130",570,570,0
"Kng1",23859,2989,20870
"Gm8134",2129,1776,353
"Gm30693",6615,3157,3458
"Eif4a2",6665,3188,3477
"Snord2",68,68,0
"Snora81",164,164,0
"Rfc4",13783,1216,12567
"Adipoq",11433,1232,10201
"Gm6630",513,513,0
"LOC105246089",2050,974,1076
"Gm15746",1054,1054,0
"LOC105246088",3497,1221,2276
"BC106179",6875,3049,3826
"St6gal1",135623,5490,130133
"Gm30814",2510,2385,125
"Rtp1",5360,3189,2171
"Masp1",69289,6437,62852
"Gm31347",972,972,0
"Gm31077",44790,8782,36008
"Rtp4",12844,2117,10727
"Gm6640",1586,1586,0
"Gm31430",42685,620,42065
"Sst",1264,599,665
"Rtp2",5300,2476,2824
"Bcl6",23561,3285,20276
"Gm31527",10426,341,10085
"Gm31583",5075,2806,2269
"Gm32126",1411,503,908
"Gm31814",77110,3285,73825
"LOC102633938",25091,8072,17019
"LOC105246090",562,562,0
"Gm4521",937,937,0
"1110054M08Rik",1100,854,246
"Lpp",599229,16081,583148
"A730098P11Rik",5159,5159,0
"Mir28a",86,86,0
"A230028O05Rik",9420,2793,6627
"LOC105246091",26129,318,25811
"Gm32196",34417,2003,32414
"Tprg",136772,2380,134392
"Gm18896",1464,1464,0
"Gm20007",673,673,0
"Trp63",208341,6904,201437
"Gm27005",1120,1120,0
"Gm4524",9922,8206,1716
"P3h2",145462,2248,143214
"LOC105246092",87312,778,86534
"Cldn1",15195,3242,11953
"Cldn16",19631,1173,18458
"Tmem207",54127,1670,52457
"Il1rap",148441,11116,137325
"Gm20319",40821,546,40275
"Gmnc",34433,4749,29684
"Ostn",44227,1330,42897
"Gm32312",8698,2187,6511
"Gm15970",830,830,0
"Uts2b",16918,835,16083
"Ccdc50",63454,7871,55583
"Gm32356",7013,630,6383
"Gm18234",1077,1077,0
"Gm10823",76199,815,75384
"Fgf12",595461,8474,586987
"LOC105246094",5562,5360,202
"LOC105246093",3541,1692,1849
"Mir690",109,109,0
"Gm20018",6055,454,5601
"Mb21d2",103523,3527,99996
"Gm8253",524,524,0
"Hrasls",20837,3265,17572
"Atp13a5",146914,4630,142284
"Atp13a4",148827,5020,143807
"Gm18236",1244,1244,0
"Opa1",83817,7521,76296
"Gm32679",20631,1195,19436
"Gm32740",6974,2782,4192
"Gm1968",21198,982,20216
"Gm32796",9253,3023,6230
"4632428C04Rik",12764,2428,10336
"9030404E10Rik",17638,1209,16429
"Hes1",2440,1729,711
"Gm32998",2803,2564,239
"Gm20040",424,424,0
"LOC105246095",83896,3669,80227
"Gm6029",8513,492,8021
"Gm33330",3658,783,2875
"Cpn2",11237,4665,6572
"Lrrc15",13953,5308,8645
"Gp5",3097,2199,898
"Atp13a3",76434,7636,68798
"Tmem44",38980,5806,33174
"Lsg1",26221,2302,23919
"Fam43a",3075,3075,0
"Gm33502",5392,1538,3854
"LOC105246096",1679,337,1342
"Xxylt1",153204,3642,149562
"Gm15742",9943,6476,3467
"LOC105246097",3586,3152,434
"Acap2",109645,12633,97012
"Gm18237",914,914,0
"LOC105246098",6003,4754,1249
"LOC105246099",20736,13781,6955
"Ppp1r2",23737,4074,19663
"Apod",18617,2074,16543
"LOC102636590",1914,918,996
"LOC105246100",8947,1143,7804
"1700007E05Rik",4018,4018,0
"Bdh1",36605,3626,32979
"LOC105246101",2372,1210,1162
"Gm33939",16560,475,16085
"LOC105246102",1380,587,793
"Gm34032",51192,4942,46250
"Gm34256",3971,3114,857
"Gm536",21112,4823,16289
"Dlg1",209914,6480,203434
"Gm17899",860,860,0
"Mfi2",20520,4502,16018
"Gm34476",4341,2109,2232
"Gm15703",882,882,0
"Pigz",19976,6269,13707
"0610012G03Rik",1471,1471,0
"Ncbp2",9927,2037,7890
"Senp5",51071,8381,42690
"Gm15694",961,961,0
"Hmgb1-ps6",614,614,0
"Pak2",63053,5966,57087
"Pigx",15312,990,14322
"Cep19",8253,1701,6552
"Nrros",22805,3820,18985
"Bex6",7145,983,6162
"Fbxo45",16914,4046,12868
"Wdr53",9908,1574,8334
"Mir1946a",134,134,0
"Smco1",3171,1267,1904
"Rnf168",23982,4468,19514
"Gm8387",1045,1045,0
"Ubxn7",61567,11297,50270
"Tm4sf19",8568,2693,5875
"Gm20056",728,728,0
"Tctex1d2",9414,942,8472
"Pcyt1a",44145,5194,38951
"Slc51a",12302,1544,10758
"Zdhhc19",10974,1541,9433
"Gm34680",42130,3675,38455
"Gm5405",1160,1160,0
"Tfrc",23899,5178,18721
"Tnk2",39395,6588,32807
"Tnk2os",2975,1392,1583
"Gm34766",5590,1130,4460
"Gm9556",985,985,0
"Muc4",46506,11277,35229
"Gm34825",15519,337,15182
"LOC105246103",1884,680,1204
"Muc20",20017,4283,15734
"Gm933",5559,520,5039
"1700021K19Rik",55647,5510,50137
"Fyttd1",31383,4582,26801
"Lrch3",101938,9078,92860
"Gm6611",1500,1500,0
"Iqcg",42072,4842,37230
"Rpl35a",3737,598,3139
"Lmln",65825,6797,59028
"Mir1947",85,85,0
"LOC102641188",9622,1596,8026
"LOC105246104",1610,642,968
"Osbpl11",73550,4777,68773
"Snx4",48107,2442,45665
"1700007L15Rik",883,747,136
"Zfp148",123129,11437,111692
"Slc12a8",146803,4263,142540
"Heg1",87147,9181,77966
"Gm15658",2072,1568,504
"Muc13",25893,3028,22865
"Gm34967",907,907,0
"Itgb5",119674,3282,116392
"Umps",12519,3746,8773
"Kalrn",604219,28968,575251
"Gm4581",727,727,0
"LOC105246105",17898,3506,14392
"Ropn1",28769,1024,27745
"Gm35150",7661,3305,4356
"Ccdc14",34638,5244,29394
"Mylk",257238,8211,249027
"1700119H24Rik",3475,586,2889
"E130310I04Rik",15820,3755,12065
"LOC105246106",18424,818,17606
"Ptplb",86770,3945,82825
"Adcy5",148914,5060,143854
"Sec22a",52804,4350,48454
"Pdia5",93591,1838,91753
"Gm18105",1266,1266,0
"1600019K03Rik",6250,477,5773
"Sema5b",123108,5137,117971
"LOC102638850",343,343,0
"Dirc2",74454,4554,69900
"Hspbap1",58800,7185,51615
"Parp14",38656,9394,29262
"LOC105246127",1757,811,946
"Dtx3l",12513,5181,7332
"Parp9",34152,3923,30229
"Gm15564",14779,1183,13596
"LOC105246107",1467,1034,433
"Kpna1",53774,5260,48514
"Wdr5b",1785,1785,0
"Fam162a",27672,635,27037
"Ccdc58",20459,1225,19234
"LOC105246108",8414,1200,7214
"Csta1",11244,2731,8513
"Stfa2l1",5138,414,4724
"Gm5483",3900,414,3486
"Gm6815",3407,3407,0
"Gm10913",534,534,0
"Gm5416",7386,294,7092
"2010005H15Rik",35890,684,35206
"Stfa1",8224,418,7806
"Gm4758",7361,800,6561
"BC117090",12668,387,12281
"BC100530",8189,441,7748
"Gm7260",4707,374,4333
"Stfa2",16973,531,16442
"Stfa3",4856,412,4444
"Casr",71557,8578,62979
"Cd86",97122,3368,93754
"LOC105246109",2324,856,1468
"Ildr1",32827,3138,29689
"Gm8538",1789,1789,0
"Slc15a2",34994,5888,29106
"Eaf2",81943,2272,79671
"Iqcb1",44357,2408,41949
"Golgb1",57913,11166,46747
"4930565N06Rik",16671,2416,14255
"Hcls1",28232,2018,26214
"Fbxo40",27075,5645,21430
"Polq",83678,10729,72949
"Stxbp5l",277682,13208,264474
"Gm15665",820,820,0
"Gtf2e1",29980,3226,26754
"Rabl3",32528,2058,30470
"Hgd",51874,1708,50166
"Ndufb4",6767,454,6313
"Gm35833",4543,1581,2962
"Gm4600",702,702,0
"Fstl1",59462,3609,55853
"LOC105246110",25261,4650,20611
"Gm36028",14219,4359,9860
"Lrrc58",20458,8592,11866
"Gm15725",1792,1792,0
"Gpr156",91532,5284,86248
"Gm36225",11199,1362,9837
"4930542C21Rik",37204,954,36250
"BC031361",4197,4197,0
"Gsk3b",157080,8517,148563
"Nr1i2",46531,2731,43800
"Maats1",44500,3413,41087
"Cox17",5780,819,4961
"Popdc2",16053,2253,13800
"Pla1a",37075,2024,35051
"Gm36333",7415,605,6810
"Adprh",7291,1583,5708
"Cd80",42979,6014,36965
"Gm8590",1024,1024,0
"LOC105246111",2883,1722,1161
"Ck-ps3",1415,1389,26
"Timmdc1",24843,2245,22598
"Gm15953",1728,1728,0
"Poglut1",25199,3100,22099
"Tmem39a",33465,3186,30279
"Arhgap31",114693,7722,106971
"Gm36482",38390,5576,32814
"Gm15530",555,555,0
"B4galt4",26952,2621,24331
"LOC100534330",1581,1581,0
"Upk1b",27162,2024,25138
"4930435E12Rik",16569,1392,15177
"LOC102641625",46850,1668,45182
"Igsf11",134684,3871,130813
"Gm34258",6539,2159,4380
"Gm36585",5063,1898,3165
"Gm36742",1554,1101,453
"Gm36852",1702,496,1206
"LOC105246112",55441,568,54873
"Gm29855",51736,210,51526
"Gm36903",62050,1549,60501
"Gm8609",1220,1220,0
"Gm29907",279887,2347,277540
"Gm27887",53649,1548,52101
"Gm18235",1259,1259,0
"Lsamp",648892,10625,638267
"Gap43",92100,1310,90790
"Mir6540",108,108,0
"Gm29960",10757,408,10349
"4932412D23Rik",150061,4820,145241
"Zbtb20",746092,11192,734900
"Gm19522",27701,2530,25171
"BC002163",500,500,0
"Gm15712",1150,1150,0
"Gm15711",773,773,0
"Gm15713",9679,1546,8133
"Mir568",83,83,0
"Tigit",15324,963,14361
"Drd3",69832,2637,67195
"Qtrtd1",28274,3084,25190
"2610015P09Rik",74563,4931,69632
"Zdhhc23",14751,7348,7403
"Gramd1c",85023,5015,80008
"Mir3470b",126,126,0
"Atp6v1a",54299,4382,49917
"Naa50",23558,4531,19027
"Gm608",54230,12856,41374
"Sidt1",93152,4759,88393
"Spice1",41098,4410,36688
"Cfap44",87953,8461,79492
"LOC105246113",635,283,352
"Boc",73826,4428,69398
"Gm30064",6757,2454,4303
"Mir3081",84,84,0
"Rpl27a-ps3",437,437,0
"Gm30252",5962,678,5284
"Gm30311",5513,3672,1841
"LOC105246114",4711,1597,3114
"BC027231",12984,3584,9400
"Gtpbp8",7499,1318,6181
"Cd200r1",29242,1891,27351
"Gm5063",1557,1557,0
"Cd200r4",37812,4071,33741
"Gm19142",1391,1391,0
"Gm5964",2010,1591,419
"Cd200r2",48744,1750,46994
"Gm17928",678,678,0
"Cd200r3",114770,7591,107179
"Ccdc80",34518,4121,30397
"Slc35a5",19101,4433,14668
"Atg3",29710,2013,27697
"Gm6030",462,462,0
"LOC105246115",10750,771,9979
"Btla",29349,4044,25305
"Gm30636",24371,696,23675
"Gm30760",3955,748,3207
"Cd200",26948,2376,24572
"Gm5406",766,766,0
"Gm609",81000,2370,78630
"Gm16011",2662,2662,0
"Gm17783",23403,1509,21894
"Gm6903",1388,1388,0
"Slc9c1",75131,3988,71143
"Gcsam",12428,3364,9064
"BC016579",29396,5617,23779
"Tmprss7",42245,7709,34536
"Tagln3",13302,1163,12139
"Abhd10",13559,3218,10341
"Phldb2",207472,6596,200876
"Gm15638",13077,3557,9520
"Plcxd2",51153,7337,43816
"LOC105246116",4985,3325,1660
"Gm31198",2228,297,1931
"Cd96",84592,2181,82411
"Gm4737",1390,1390,0
"Pvrl3",103827,9236,94591
"Gm17900",990,990,0
"Gm35687",487,487,0
"Gm6912",1832,1832,0
"Gm18169",527,527,0
"Gm6914",1264,1264,0
"Gm7275",1868,1868,0
"Gm17804",1297,1297,0
"6430553K19Rik",27360,626,26734
"Gm7204",925,925,0
"Dppa4",10558,1581,8977
"Dppa2",9240,1941,7299
"Gm5485",12964,628,12336
"Morc1",199669,3050,196619
"LOC105246117",14226,1265,12961
"Trat1",78607,4955,73652
"Gm8670",1049,1049,0
"Retnlb",2037,696,1341
"Retnla",1910,598,1312
"Retnlg",1891,608,1283
"Dzip3",69926,7055,62871
"C330027C09Rik",25524,3980,21544
"Myh15",141619,6340,135279
"1700026J12Rik",45159,1275,43884
"Gm5407",2205,2205,0
"Gm18694",1226,1226,0
"Gm4802",438,438,0
"Gm6931",1228,1228,0
"Gm35938",5067,738,4329
"Gm31494",72334,680,71654
"Gm36029",6257,310,5947
"Ift57",65833,2540,63293
"Gm15518",16220,3736,12484
"Gm16619",48206,1892,46314
"Gm4633",43316,577,42739
"Cd47",57173,3243,53930
"Gm5486",43023,5487,37536
"Gm19723",3088,515,2573
"Gm6936",17016,1432,15584
"Gm4827",53195,807,52388
"Gm32101",6115,522,5593
"Gm8824",1204,1204,0
"LOC102639915",3582,510,3072
"Bbx",240618,10503,230115
"Gm32231",2750,544,2206
"LOC105246118",6668,4805,1863
"G730013B05Rik",33215,2871,30344
"Ccdc54",1296,1296,0
"4930542D17Rik",63664,1362,62302
"LOC105246119",1566,591,975
"Gm9575",1534,1534,0
"5330426P16Rik",6023,1815,4208
"Mir6363",114,114,0
"1700116B05Rik",700,428,272
"Gm7280",414,414,0
"Gm32431",2436,1280,1156
"Gm6767",1732,1732,0
"Gm29686",24475,1305,23170
"Cblb",176818,9581,167237
"Alcam",204260,5217,199043
"Gm32597",6751,4776,1975
"LOC105246120",6802,6057,745
"4930404A05Rik",16237,712,15525
"4930405D01Rik",71963,1077,70886
"Gm5487",2376,2376,0
"Gm8881",1397,1397,0
"Gm5769",582,582,0
"Zpld1",358351,4831,353520
"Mir5118",67,67,0
"LOC102635423",314,314,0
"Nfkbiz",27265,3878,23387
"Nxpe3",56821,7987,48834
"Gm19041",521,521,0
"Gm17809",2694,2694,0
"Cep97",34961,8512,26449
"Gm8900",648,648,0
"Gm6958",3754,3754,0
"Rpl24",5163,679,4484
"Zbtb11",36217,6630,29587
"2310061J03Rik",1350,1350,0
"Pcnp",14672,2797,11875
"Trmt10c",4055,1846,2209
"Gm32924",1251,895,356
"LOC105246121",1846,470,1376
"Senp7",117953,6340,111613
"Gm18723",843,843,0
"Impg2",69912,7497,62415
"Gm21050",1793,1793,0
"Abi3bp",212335,6116,206219
"Tfg",27202,2071,25131
"Gpr128",71413,3162,68251
"Gm15693",651,651,0
"Tmem45a",81298,3264,78034
"Gm8932",632,632,0
"Lnp1",14117,1061,13056
"Gm8938",1135,1135,0
"Tmem45a2",35126,3110,32016
"Tomm70a",32817,3778,29039
"Nit2",10668,1286,9382
"Tbc1d23",62675,3882,58793
"Tmem30c",35756,2754,33002
"LOC105246122",30456,884,29572
"Cmss1",304868,1652,303216
"4921517D16Rik",10185,4428,5757
"Filip1l",219528,4044,215484
"Gm20956",550,550,0
"Col8a1",130482,5110,125372
"Gm5674",676,676,0
"Rpl7a-ps4",856,856,0
"LOC105246123",1666,329,1337
"4930461C15Rik",4722,1871,2851
"Dcbld2",61320,6596,54724
"St3gal6",56121,6893,49228
"Gm33475",7214,2038,5176
"Gm20942",750,750,0
"Gm813",3293,702,2591
"E330017A01Rik",3142,677,2465
"LOC105246124",4667,1951,2716
"Cpox",10184,3186,6998
"Gpr15",1290,1290,0
"Cldnd1",6338,2209,4129
"Olfr172",1089,1089,0
"Olfr173",1164,1164,0
"Olfr175-ps1",2981,1029,1952
"Olfr177",2451,1038,1413
"Olfr178",960,960,0
"Olfr180",2801,1142,1659
"Olfr181",3088,1391,1697
"Olfr182-ps1",784,784,0
"Olfr183",5213,1196,4017
"Olfr184-ps1",814,814,0
"Olfr185-ps1",768,768,0
"Olfr186",930,930,0
"Olfr187",3970,1087,2883
"Olfr188-ps1",910,910,0
"Olfr189-ps1",483,483,0
"Olfr190",924,924,0
"Olfr191",930,930,0
"Olfr192",925,924,1
"Olfr193",930,930,0
"Olfr194",921,921,0
"Olfr195",18109,1005,17104
"Olfr196",930,930,0
"Olfr197",926,926,0
"Olfr198",921,921,0
"Olfr199",6230,969,5261
"Olfr200-ps1",537,537,0
"Olfr201",11826,961,10865
"Olfr202",924,924,0
"Olfr203",921,921,0
"Olfr204",918,918,0
"Olfr205",918,918,0
"Olfr206",921,921,0
"Olfr209",1017,1017,0
"Gm33611",1136,555,581
"Gabrr3",56718,3838,52880
"Orai2-ps",3207,3103,104
"1700022E09Rik",2367,385,1982
"Mina",20693,3244,17449
"Crybg3",110625,12187,98438
"Arl6",26085,1575,24510
"4930547E14Rik",36049,549,35500
"Epha6",953424,7968,945456
"Gm4660",517,517,0
"LOC102636664",7756,3909,3847
"LOC105246125",11554,1563,9991
"LOC102636734",2664,2663,1
"Gm17192",468,468,0
"Gm18772",1126,1126,0
"Gm33797",26834,347,26487
"Gm19000",668,668,0
"Gm9816",1856,1856,0
"Nsun3",54351,4074,50277
"Arl13b",53378,3550,49828
"Stx19",8047,1188,6859
"Pros1",75013,3374,71639
"Gm18870",1318,1318,0
"Gm33912",5995,572,5423
"LOC105246128",3771,1527,2244
"Epha3",318940,3978,314962
"LOC105246126",14771,5370,9401
"Csnka2ip",124557,2882,121675
"4930453N24Rik",9005,5501,3504
"Zfp654",71559,6508,65051
"Cggbp1",7601,4514,3087
"Gm33971",2572,903,1669
"Gm9061",1227,1227,0
"Gm16385",1815,1815,0
"Htr1f",183362,5626,177736
"Gm34033",685,205,480
"Gm9584",607,607,0
"Pou1f1",13618,1219,12399
"Chmp2b",23565,1838,21727
"Gm36457",1015,931,84
"LOC105246130",11605,1163,10442
"LOC105246131",17023,212,16811
"Gm5221",1139,1139,0
"Vgll3",51352,7485,43867
"Gm7366",634,634,0
"Gm18238",3258,3258,0
"Gm18019",555,555,0
"Cadm2",965780,10084,955696
"1700010K23Rik",7509,376,7133
"9330155M09Rik",2598,2598,0
"Gm15828",4250,4250,0
"Gm18495",553,553,0
"Gm18496",663,663,0
"4930428D20Rik",4315,614,3701
"Gm18897",943,943,0
"Speer2",6921,1168,5753
"LOC105246132",6339,539,5800
"Gm19082",1117,1117,0
"Gm36766",9437,1071,8366
"Gbe1",255772,2988,252784
"D16Ertd519e",8398,610,7788
"Gm19291",385,385,0
"Gm18663",1117,1117,0
"Gm29823",55685,759,54926
"4931420L22Rik",7954,774,7180
"Gm18918",948,948,0
"4930567J20Rik",17273,709,16564
"Gm18549",843,843,0
"Gm18550",990,990,0
"Robo1",1019939,10295,1009644
"8030451O07Rik",9148,6623,2525
"Gm29908",10922,5254,5668
"4930500H12Rik",338085,5010,333075
"Gm18825",1017,1017,0
"LOC105246133",27042,143,26899
"Gm18168",521,521,0
"Robo2",1555238,11094,1544144
"Gm18021",805,805,0
"Mir691",78,78,0
"LOC105246135",23165,2342,20823
"LOC105246134",6053,5980,73
"Gm30116",7102,1400,5702
"Lipi",45559,5197,40362
"Rbm11",9982,2862,7120
"LOC105246136",37653,220,37433
"Gm30162",41736,360,41376
"LOC105246137",1001,653,348
"Gm15553",269,269,0
"Hspa13",12088,4622,7466
"Samsn1",50473,1845,48628
"Gm15555",33904,798,33106
"4930578N18Rik",33474,511,32963
"LOC105246138",2926,1756,1170
"Gm30507",32928,2377,30551
"Nrip1",86793,14759,72034
"Gm30569",17363,8034,9329
"Gm9843",506,506,0
"Gm30615",16663,309,16354
"Gm30726",2060,638,1422
"Gm30790",47063,1724,45339
"LOC102632931",432,432,0
"Gm7501",568,568,0
"1700041M19Rik",6654,1129,5525
"Usp25",102995,4934,98061
"LOC105246139",11567,1226,10341
"Gm31258",5614,2113,3501
"Mir99ahg",229101,3151,225950
"LOC102633149",9146,3078,6068
"Gm31322",201284,29244,172040
"Mir99a",65,65,0
"Mirlet7c-1",94,94,0
"Mir125b-2",71,71,0
"Gm31431",54221,366,53855
"Gm5675",1026,1026,0
"Gm31495",34702,2434,32268
"Gm31613",16319,2545,13774
"LOC105246140",6796,1400,5396
"E330011O21Rik",4594,950,3644
"Cxadr",58326,7060,51266
"Btg3",17322,1428,15894
"D16Ertd472e",36353,6160,30193
"4930478L05Rik",4554,1880,2674
"4930570E03Rik",66075,2680,63395
"Chodl",20870,3964,16906
"Tmprss15",138090,4182,133908
"LOC105246142",1463,1463,0
"Gm18826",653,653,0
"Rps19-ps12",483,483,0
"1700066C05Rik",1163,399,764
"LOC105246143",5103,161,4942
"Gm19867",485,485,0
"Fkbp1a-ps3",1453,1453,0
"Ncam2",423594,6167,417427
"Gm5676",2019,2019,0
"Pgk1-ps1",713,713,0
"LOC105246144",22291,680,21611
"Gm7559",785,785,0
"Rpl21-ps5",555,555,0
"LOC105246145",24257,580,23677
"Gm7295",1386,1386,0
"4930553E22Rik",4363,539,3824
"Gm6032",1056,1056,0
"A730009L09Rik",8927,2058,6869
"Gm32073",1057,745,312
"Gm2477",2333,560,1773
"Gm2349",620,620,0
"4930529L06Rik",5359,297,5062
"Mir155",65,65,0
"Mrpl39",17723,1850,15873
"Gm32202",7473,1013,6460
"Jam2",52258,5217,47041
"Atp5j",7783,931,6852
"Gabpa",28859,5096,23763
"App",219517,4401,215116
"Gm10791",7241,1654,5587
"Gm32251",2835,551,2284
"LOC105246146",2152,901,1251
"LOC105246147",42382,243,42139
"Cyyr1",100549,7482,93067
"Gm2541",708,708,0
"Gm6278",772,772,0
"Adamts1",9289,4886,4403
"4930556C24Rik",7562,907,6655
"Adamts5",44218,9026,35192
"Gm32357",33006,504,32502
"Gm32461",38817,1898,36919
"Gm32624",60447,954,59493
"LOC102635349",48346,2224,46122
"Gm32865",3484,692,2792
"LOC105246148",5879,1427,4452
"N6amt1",14465,1791,12674
"Ltn1",55969,8039,47930
"Rwdd2b",7262,2104,5158
"Usp16",28808,3277,25531
"Cct8",12545,2391,10154
"B130034C11Rik",7966,1406,6560
"Rpl31-ps4",427,427,0
"Map3k7cl",42007,1961,40046
"LOC105246149",13855,2384,11471
"Bach1",34393,6639,27754
"Gm32925",38492,2490,36002
"2810407A14Rik",43457,3210,40247
"Grik1",394706,6135,388571
"LOC105246151",80116,3296,76820
"Gm33207",4078,3878,200
"LOC105246150",1544,1146,398
"Gm33255",29171,1715,27456
"Cldn17",1172,1172,0
"Cldn8",2358,2358,0
"Gm33372",4463,309,4154
"Krtap24-1",1571,1571,0
"2310079G19Rik",879,879,0
"Krtap26-1",973,973,0
"Krtap27-1",609,609,0
"Gm7667",718,718,0
"2310061N02Rik",792,792,0
"Krtap13-1",750,750,0
"Krtap13",885,885,0
"2310034C09Rik",943,943,0
"2310057N15Rik",1026,1026,0
"Gm5965",690,690,0
"Gm20741",781,781,0
"4930553J12Rik",849,849,0
"Krtap14",855,855,0
"Krtap15",836,836,0
"Krtap19-1",493,493,0
"Krtap19-2",605,605,0
"Krtap19-3",526,526,0
"Krtap19-4",304,304,0
"Krtap19-5",482,482,0
"Krtap19-9b",461,461,0
"Krtap16-3",570,570,0
"LOC105246181",249,249,0
"Krtap22-2",380,380,0
"Gm10229",570,570,0
"Krtap6-1",594,594,0
"Gm10228",550,550,0
"Krtap6-5",611,611,0
"1110025L11Rik",594,594,0
"LOC105246152",90579,921,89658
"LOC102636631",216,216,0
"Gm33726",165,165,0
"Gm33798",156,156,0
"Gm33888",3850,204,3646
"LOC102637070",180,180,0
"LOC102637192",165,165,0
"Gm9789",490,490,0
"LOC102637417",159,159,0
"1110057P08Rik",453,453,0
"Gm34396",186,186,0
"Krtap20-2",534,534,0
"Gm34478",295,295,0
"Gm34566",209,209,0
"Gm34650",251,251,0
"Gm34733",293,293,0
"Gm34826",224,224,0
"Gm34914",527,527,0
"Gm35004",176,176,0
"Gm35091",186,186,0
"Gm35174",298,298,0
"Gm35257",378,378,0
"Gm35342",159,159,0
"LOC105246153",1926,230,1696
"Gm35427",458,458,0
"Gm33084",246,195,51
"Krtap21-1",748,748,0
"Krtap6-2",789,789,0
"Krtap8-1",579,579,0
"Krtap7-1",621,621,0
"Krtap11-1",1008,1008,0
"Gm17844",574,574,0
"Gm35500",15032,777,14255
"Gm35573",41514,714,40800
"Tiam1",358373,10163,348210
"LOC105246154",3268,1033,2235
"Gm2805",1584,1584,0
"Gm10789",4591,4591,0
"Gm7307",344,344,0
"Gm35774",8966,943,8023
"Gm35714",6490,1950,4540
"Sod1",5583,648,4935
"Scaf4",55548,4446,51102
"Hunk",113759,6451,107308
"Gm35882",16422,2469,13953
"LOC105246155",8442,539,7903
"Gm35939",3620,2028,1592
"Gm36001",1974,1420,554
"Gm36063",40594,4607,35987
"Gm36116",1641,1546,95
"Gm36169",1924,902,1022
"Mis18a",8060,1300,6760
"Gm17518",4070,3807,263
"Mrap",11453,992,10461
"Urb1",58939,7417,51522
"Eva1c",78167,3505,74662
"Gm36363",16821,2147,14674
"LOC105246156",753,753,0
"1110004E09Rik",9039,1163,7876
"Synj1",76046,8560,67486
"LOC105246157",7142,2155,4987
"4930404I05Rik",5255,978,4277
"Paxbp1",30698,4181,26517
"4932438H23Rik",76326,5887,70439
"H3f3a-ps2",1030,1030,0
"LOC105246158",66095,4936,61159
"Gm9881",3897,3897,0
"Olig2",3128,2437,691
"Olig1",2171,2171,0
"Gm36587",14231,6707,7524
"Ifnar2",33375,3745,29630
"Il10rb",19600,2088,17512
"LOC105246159",7069,3928,3141
"A930006K02Rik",5020,778,4242
"Ifnar1",25437,7142,18295
"Gm7856",1739,1739,0
"Mir6367",102,102,0
"Gm7860",942,942,0
"Ifngr2",16914,2070,14844
"Tmem50b",23173,2222,20951
"LOC102642508",2318,799,1519
"Dnajc28",4743,3535,1208
"Gart",26087,3995,22092
"Son",31372,13931,17441
"Gm36712",1224,1224,0
"Donson",21904,3116,18788
"Gm10785",26858,1709,25149
"Cryzl1",39481,1792,37689
"Itsn1",191238,22297,168941
"Atp5o",6408,772,5636
"D430001F17Rik",34711,5487,29224
"Gm36797",4518,1602,2916
"Gm36905",6115,2073,4042
"Gm18020",581,581,0
"Slc5a3",29152,10913,18239
"Mrps6",53892,780,53112
"LOC105246160",6892,3505,3387
"LOC105246162",63989,2101,61888
"LOC105246161",1782,457,1325
"Gm29880",6843,2718,4125
"LOC105246163",3028,1234,1794
"Kcne2",5749,2350,3399
"Smim11",11739,500,11239
"1700048M11Rik",3751,483,3268
"4930563D23Rik",2679,2679,0
"Kcne1",13474,3407,10067
"Gm30163",9207,786,8421
"Gm29805",5613,1099,4514
"Rcan1",74219,2532,71687
"LOC105246164",7890,4852,3038
"2410124H12Rik",26961,1507,25454
"Clic6",43095,3743,39352
"Gm30224",11782,1060,10722
"Runx1",224609,7378,217231
"Gm30342",1469,1343,126
"Gm30281",5319,636,4683
"LOC105246165",2162,681,1481
"Gm30474",4215,3678,537
"Gm30530",9594,405,9189
"Gm30588",1113,328,785
"1810053B23Rik",15828,2583,13245
"Mir802",97,97,0
"1700029J03Rik",62058,789,61269
"Gm30695",44873,686,44187
"LOC105246166",6002,387,5615
"Setd4",21377,5627,15750
"Cbr1",2513,1081,1432
"Gm5678",2480,1064,1416
"Cbr3",7773,1167,6606
"LOC105246167",5599,2440,3159
"Dopey2",98682,8602,90080
"LOC102633000",5659,5320,339
"Gm30881",25531,2017,23514
"Morc3",43957,4279,39678
"Chaf1b",22221,2035,20186
"Cldn14",89807,1967,87840
"Gm31012",28074,940,27134
"LOC102633190",3157,1265,1892
"Gm31175",53473,3223,50250
"Sim2",42056,4212,37844
"Hlcs",184711,7709,177002
"LOC105246168",1459,1151,308
"Gm6363",1820,1820,0
"Ripply3",8514,1529,6985
"Gm31259",4900,1061,3839
"Pigp",12253,1748,10505
"Gm15310",606,606,0
"Ttc3",98484,9068,89416
"Gm31323",46241,4771,41470
"Dscr3",28906,2405,26501
"Dyrk1a",125569,6535,119034
"LOC105246169",2239,2239,0
"LOC105246170",2883,916,1967
"LOC105246173",2070,1888,182
"LOC105246171",9225,1521,7704
"Kcnj6",249014,6976,242038
"Gm31407",3302,1069,2233
"Gm31641",78919,3421,75498
"Gm31754",9927,4150,5777
"Kcnj15",42703,6045,36658
"Erg",227425,4017,223408
"Gm31845",4061,2119,1942
"Gm31901",6559,1392,5167
"Gm31989",8038,2051,5987
"Ets2",18643,3556,15087
"Gm6599",434,434,0
"Gm32130",38120,298,37822
"LOC105246175",7976,1659,6317
"1600002D24Rik",97955,2215,95740
"LOC105246174",11866,757,11109
"Psmg1",10969,985,9984
"Brwd1",90340,13089,77251
"Gm32203",1348,1308,40
"Hmgn1",6138,1200,4938
"Wrb",43894,3630,40264
"Lca5l",35589,5291,30298
"Sh3bgr",28468,1423,27045
"B3galt5",84059,6198,77861
"LOC105246176",2947,1817,1130
"Igsf5",105106,3883,101223
"Itgb2l",22071,5742,16329
"Gm32358",13383,2009,11374
"Pcp4",58184,637,57547
"Dscam",583284,12175,571109
"Gm32509",49742,8614,41128
"Gm32432",13347,13048,299
"LOC105246177",8439,8355,84
"Bace2",82285,3736,78549
"Mx1",15872,2697,13175
"Fam3b",33851,851,33000
"Gm9242",870,870,0
"Mx2",24821,2422,22399
"Tmprss2",94857,3231,91626
"LOC105246178",9962,6939,3023
"LOC105246179",6011,387,5624
"Ripk4",21823,3966,17857
"Prdm15",60961,7456,53505
"C2cd2",67443,6682,60761
"Mir6964",59,59,0
"LOC105246180",3401,3169,232
"Zbtb21",15195,6018,9177
"LOC100503295",2122,2122,0
"Vmn2r-ps112",321,321,0
"A630089N07Rik",19928,2131,17797
"Gm10232",717,717,0
"Gm5479",694,694,0
"Pisd-ps2",19866,1485,18381
"LOC105246189",5559,1962,3597
"Gm5679",1157,1157,0
"Gm4829",594,594,0
"Gm21926",659,659,0
"Scaf8",83888,4873,79015
"Gm6242",510,510,0
"Gm34035",29968,3257,26711
"Gm6475",5180,5180,0
"Tiam2",193098,8744,184354
"Gm7043",529,529,0
"Tfb1m",38567,1821,36746
"Cldn20",660,660,0
"1700102H20Rik",2040,563,1477
"Gm34155",14977,979,13998
"Nox3",61022,1792,59230
"Gm34208",8003,959,7044
"4930470H14Rik",38338,1734,36604
"4930548J01Rik",2657,731,1926
"LOC105246182",6519,1555,4964
"Gm34259",21142,628,20514
"4930517M08Rik",2499,979,1520
"Gm34371",2809,1181,1628
"Gm4828",734,734,0
"Gm34507",6521,2689,3832
"LOC105246183",23050,784,22266
"Gm34625",6655,805,5850
"Arid1b",354902,14075,340827
"Gm34970",6521,6364,157
"Gm15599",1332,1332,0
"Gm34854",25537,12236,13301
"Gm34798",8863,8816,47
"Tmem242",29397,971,28426
"Gm29050",1953,1813,140
"Ldhal6b",1445,1445,0
"Gm8363",2081,2081,0
"Zdhhc14",261946,4098,257848
"LOC105246184",10618,7990,2628
"LOC105246185",10410,527,9883
"3300005D01Rik",4586,1281,3305
"Gm10231",647,647,0
"Snx9",89332,2037,87295
"LOC105246186",2643,1213,1430
"Gm8376",562,562,0
"Synj2",104274,9672,94602
"Gm35525",6246,3288,2958
"Serac1",39192,5653,33539
"Gtf2h5",5661,1852,3809
"Tulp4",133811,11648,122163
"Gm5812",1132,1132,0
"Gm15590",552,552,0
"Gm36515",1562,1363,199
"Gm17881",1026,1026,0
"Ppp1r2-ps6",1471,1471,0
"Tmem181a",51450,4619,46831
"Dynlt1a",11131,4945,6186
"Ppp1r2-ps1",1471,1471,0
"Gm2792",19393,3218,16175
"Gm29719",58004,1731,56273
"Dynlt1b",6185,771,5414
"LOC105246187",2465,422,2043
"Tmem181b-ps",11993,4710,7283
"Ppp1r2-ps5",2131,2131,0
"Gm2808",28576,7558,21018
"Gm17880",1019,1019,0
"Gm29721",63407,1685,61722
"Dynlt1c",6113,693,5420
"Tmem181c-ps",10823,4045,6778
"Dynlt1f",9334,1164,8170
"Sytl3",79838,3637,76201
"Gm36309",12327,1399,10928
"Ezr",44650,3070,41580
"LOC105246188",4326,2026,2300
"LOC102640250",8742,1860,6882
"Mir692-1",109,109,0
"1700122H20Rik",5779,421,5358
"Rsph3b",43641,1614,42027
"Tagap1",6370,2445,3925
"Gm36413",600,519,81
"Rnaset2b",19334,1013,18321
"Gm1604b",62055,781,61274
"Rps6ka2",214341,5917,208424
"Gpr31a",962,962,0
"Tcp10a",21205,2470,18735
"Ttll2",13411,3042,10369
"Gm9992",33683,2405,31278
"Gm36458",5315,339,4976
"Gm6553",959,959,0
"Gm33086",2258,471,1787
"Gm33158",5928,301,5627
"Gm33208",9523,990,8533
"Fndc1",88775,7534,81241
"Gm7140",881,881,0
"D030054H15Rik",59315,5108,54207
"Tagap",8898,3080,5818
"E430024P14Rik",12974,462,12512
"Rsph3a",33943,1960,31983
"Gm1604A",125328,2235,123093
"LOC105246190",7871,1931,5940
"Rnaset2a",19236,1007,18229
"Gm33748",697,606,91
"Fgfr1op",30993,3194,27799
"Ccr6",21099,3852,17247
"Gm33799",15481,1782,13699
"Gm8465",1665,1453,212
"Mpc1",13855,1163,12692
"4930506C21Rik",17753,975,16778
"Sft2d1",16340,1070,15270
"Prr18",3708,3553,155
"T2",50714,2707,48007
"Gm16702",10424,2384,8040
"Gm5491",608,608,0
"Gm34036",3312,1861,1451
"T",20319,3857,16462
"Pde10a",461462,11760,449702
"LOC102637711",1599,1599,0
"Gm17087",1087,1087,0
"Gm15425",7336,7336,0
"Gm15426",668,668,0
"Gm34321",5012,4977,35
"Gm34261",1546,1388,158
"1700010I14Rik",20000,1976,18024
"Gm29711",15771,9343,6428
"6530411M01Rik",20304,1219,19085
"Gm8492",1202,1202,0
"Gm7947",1719,1584,135
"Gm17748",7520,665,6855
"Pabpc6",3208,3208,0
"Gm34684",29305,2268,27037
"4930452A19Rik",25115,590,24525
"Gm34799",32213,3159,29054
"LOC105246191",1827,718,1109
"Gm34972",4313,452,3861
"Qk",116506,13494,103012
"B930003M22Rik",1223,1223,0
"1700110C19Rik",4711,722,3989
"Gm35121",11217,7456,3761
"LOC105243791",3216,1083,2133
"Pacrg",437180,1570,435610
"A230009B12Rik",36842,3032,33810
"Gm16168",270776,10534,260242
"Gm16169",18910,2246,16664
"Park2",1222987,4186,1218801
"LOC102639315",3463,3463,0
"LOC105246194",14558,8019,6539
"LOC105246193",15758,11208,4550
"LOC105246192",23714,9485,14229
"Gm35603",14347,1283,13064
"D17Ertd648e",20120,565,19555
"Gm35547",4361,1783,2578
"Agpat4",100941,2132,98809
"Tdgf1-ps2",536,536,0
"Map3k4",91186,5451,85735
"4732491K20Rik",8398,3174,5224
"Gm6618",1127,1127,0
"LOC105246195",11193,770,10423
"Plg",40776,2755,38021
"Slc22a3",87733,3501,84232
"Gm3192",519,519,0
"C030013G03Rik",12735,1023,11712
"Slc22a2",44531,2646,41885
"Slc22a1",26965,1994,24971
"Igf2r",87301,8929,78372
"Gm35976",8977,248,8729
"Airn",118574,2188,116386
"LOC105246196",2823,2778,45
"Gm16574",757,757,0
"Gm7162",1028,1028,0
"Gm17592",344,344,0
"Mas1",29305,4972,24333
"Mrgprh",1809,1809,0
"Pnldc1",21502,4600,16902
"Mrpl18",5134,1053,4081
"Tcp1",8739,2499,6240
"Snora20",61,61,0
"Acat3",16438,1991,14447
"Gm20591",7506,7506,0
"Acat2",17684,2076,15608
"Gm15946",1285,1285,0
"Wtap",26011,6828,19183
"Sod2",10281,3824,6457
"Gm36117",6504,4885,1619
"Gpr31b",960,960,0
"Gm36226",6124,2592,3532
"Tcp10b",21118,2067,19051
"Gm11166",1813,1643,170
"LOC105246197",981,360,621
"Unc93a",35009,3388,31621
"Gm36277",11076,513,10563
"Gm36798",13124,5285,7839
"Gm36684",160624,2642,157982
"Gm10512",1170,1170,0
"Smok2a",9267,2447,6820
"Smok2b",6927,2305,4622
"Gm36589",7439,3072,4367
"Gpr31c",958,958,0
"Gm36537",4754,1211,3543
"Tcp10c",22652,2755,19897
"Gm19283",1555,1555,0
"Gm8597",73344,3849,69495
"Rnu6",107,107,0
"2700054A10Rik",67074,4348,62726
"Gm16050",2151,1724,427
"Smok4a",6979,2318,4661
"LOC105246216",9032,2929,6103
"LOC105246217",6191,3198,2993
"Tcte2",44959,1408,43551
"Mllt4",145258,7700,137558
"Gm7168",10956,4221,6735
"Gm33889",7356,1920,5436
"Gm7356",3170,1921,1249
"Gm34107",7058,2678,4380
"Gm7358",3212,1963,1249
"4930488N24Rik",7329,2729,4600
"Gm34426",1301,397,904
"Dact2",9109,2972,6137
"Gm34510",14379,2872,11507
"LOC105246218",13397,1914,11483
"Gm34772",7197,1795,5402
"Gm34567",28046,10643,17403
"Smoc2",125304,2884,122420
"4930474M22Rik",9836,613,9223
"Gm34831",1256,1256,0
"LOC102641363",38299,926,37373
"Gm34916",18975,445,18530
"Thbs2",28763,5922,22841
"Gm3222",1196,1196,0
"Wdr27",158320,8431,149889
"Gm34975",15535,1633,13902
"1600012H06Rik",2756,2756,0
"Phf10",16645,3057,13588
"LOC106740",1088,1088,0
"Gm3417",14624,787,13837
"9030025P20Rik",12714,3346,9368
"Gm3255",2825,791,2034
"Gm3448",14402,787,13615
"Gm3435",12610,3243,9367
"Tcte3",14406,791,13615
"Ermard",48483,10138,38345
"Gm35343",10136,2423,7713
"Gm35263",13528,1901,11627
"LOC105246219",5153,925,4228
"Gm35203",3207,1820,1387
"Gm35455",20070,1335,18735
"Gm35502",13225,1222,12003
"Gm5091",9199,1179,8020
"Gm35576",3131,748,2383
"Gm7423",549,462,87
"Gm10510",3649,723,2926
"Dll1",8760,3816,4944
"Fam120b",37425,5876,31549
"Gm35836",4476,2676,1800
"Gm35716",5368,5192,176
"Psmb1",22556,1036,21520
"Tbp",17540,1842,15698
"Pdcd2",5727,1120,4607
"Gm7177",1456,1456,0
"Prdm9",21308,6258,15050
"Gm18564",2550,2550,0
"LOC102639811",318,318,0
"Gm7450",1395,1395,0
"Gm3507",518,518,0
"4933401D09Rik",9315,1325,7990
"5830433I10Rik",848,848,0
"Chd1",67646,7918,59728
"Rgmb",26669,5057,21612
"Gm3292",516,516,0
"Eif3s6-ps3",1562,1562,0
"LOC105246220",30837,990,29847
"LOC105246221",256531,606,255925
"Gm4786",15564,930,14634
"Gm17939",777,777,0
"Gm3320",1413,1413,0
"Gm7477",1148,1148,0
"Gm5223",1709,1709,0
"Gm6705",700,700,0
"Gm7483",1068,1068,0
"BC002059",22644,2116,20528
"Gm36516",36179,2647,33532
"LOC105246222",4332,1291,3041
"Zfp960",25529,2680,22849
"Zfp97",25496,2763,22733
"Gm6712",27421,2623,24798
"LOC102640673",31649,2651,28998
"LOC100862203",25436,2300,23136
"LOC105246224",27007,1035,25972
"Oaz1-ps",963,963,0
"Gm36768",4926,547,4379
"Riok2",25035,3953,21082
"LOC105246223",2388,1495,893
"Lix1",56702,3861,52841
"LOC105246225",21904,1468,20436
"Gm5232",710,710,0
"Lnpep",96767,5181,91586
"Gm7513",1128,1128,0
"Gm3385",3757,1119,2638
"Vmn2r90",65031,2701,62330
"Spaca6",18190,12774,5416
"Mir99b",70,70,0
"Mirlet7e",93,93,0
"Mir125a",68,68,0
"Has1",17425,7318,10107
"Gm36907",16051,5215,10836
"Fpr1",7469,1323,6146
"Fpr2",6129,1296,4833
"Gm7531",878,878,0
"Gm9481",2442,2442,0
"Gm7535",1684,1684,0
"Gm5966",1223,1223,0
"Fpr3",1220,1220,0
"Fpr-rs5",980,980,0
"Fpr-rs4",972,972,0
"Vmn2r124",24737,2568,22169
"Vmn2r91",51587,2571,49016
"Vmn2r92",33249,2583,30666
"Gm29986",15612,720,14892
"Vmn2r94",33997,2515,31482
"Vmn2r93",28161,2574,25587
"Vmn2r95",28221,2538,25683
"Vmn2r-ps114",1216,1216,0
"Vmn2r96",24903,2712,22191
"Vmn2r-ps115",13349,2351,10998
"Vmn2r-ps116",162,162,0
"Vmn2r-ps117",16183,16183,0
"Vmn2r97",33750,2586,31164
"LOC105246226",14508,937,13571
"Vmn2r-ps118",1263,1263,0
"Vmn2r98",27819,2574,25245
"Vmn2r-ps119",35275,35275,0
"Gm6759",632,632,0
"Vmn2r-ps120",25325,2577,22748
"Gm7605",585,585,0
"Vmn2r99",32456,2571,29885
"Vmn2r-ps121",1251,1251,0
"Vmn2r100",27250,2553,24697
"Gm18710",543,543,0
"Vmn2r101",35087,2574,32513
"Vmn2r102",34350,2574,31776
"Vmn2r-ps122",915,915,0
"Vmn2r103",39174,2571,36603
"Vmn2r-ps123",35792,35792,0
"Vmn2r-ps124",866,866,0
"Vmn2r-ps125",918,918,0
"Vmn2r104",18781,2583,16198
"Gm3547",9324,487,8837
"Vmn2r-ps126",61464,1743,59721
"Fpr-rs7",1017,1017,0
"Vmn1r-ps139",869,869,0
"Fpr-rs6",1020,1020,0
"Vmn1r-ps140",879,879,0
"Vmn2r105",26643,2583,24060
"Vmn2r106",17884,2589,15295
"Vmn2r-ps127",6790,6790,0
"Vmn2r107",30348,2586,27762
"Gm7217",614,614,0
"Vmn1r-ps141",756,756,0
"Vmn1r224",897,897,0
"Vmn1r-ps142",847,847,0
"Vmn1r-ps143",697,697,0
"Vmn2r108",18864,2568,16296
"Vmn1r225",897,897,0
"Vmn2r109",24240,2577,21663
"Gm5145",1220,1220,0
"Vmn2r110",22431,2577,19854
"Fpr-rs3",1032,1032,0
"Gm5492",510,510,0
"Vmn1r226",897,897,0
"Vmn1r227",1027,1026,1
"Vmn1r228",1443,1443,0
"Vmn1r229",921,921,0
"Vmn1r230",951,951,0
"Vmn1r231",936,936,0
"Vmn1r232",1159,1159,0
"Vmn1r-ps144",937,937,0
"Ppp2r1a",20452,2256,18196
"Vmn1r-ps145",584,584,0
"Vmn1r233",960,960,0
"Zfp160",19917,3796,16121
"Gm6809",10563,10563,0
"Gm5681",18443,3045,15398
"Vmn1r-ps146",525,525,0
"Gm6811",1578,1578,0
"Gm7732",1572,1572,0
"Gm7736",1572,1572,0
"Gm7740",2267,570,1697
"Gm7742",1572,1572,0
"LOC105246227",2281,583,1698
"Vmn1r-ps147",513,513,0
"Vmn1r234",990,990,0
"Vmn1r-ps148",455,455,0
"Vmn1r235",2437,1781,656
"Vmn1r-ps149",183,183,0
"Vmn1r236",1121,1121,0
"Vmn1r237",870,870,0
"Vmn1r-ps150",734,734,0
"Gm18269",1711,1711,0
"Zfp677",15811,3210,12601
"Gm18519",1040,1040,0
"Zfp54",12414,4060,8354
"LOC105246228",18929,338,18591
"Zfp51",15240,2600,12640
"Zfp53",21490,3079,18411
"Zfp52",46307,6491,39816
"9330136K24Rik",5241,3177,2064
"Zfp948",22095,3249,18846
"LOC105246229",5198,295,4903
"Gm30531",2672,824,1848
"LOC105246230",1164,1164,0
"3110052M02Rik",14356,4367,9989
"Gm10509",2002,2002,0
"Zfp760",17896,4209,13687
"Zfp229",15246,4526,10720
"Gm18270",1437,1437,0
"Zfp820",29147,4125,25022
"Gm31758",41388,1751,39637
"2210404O09Rik",31020,4697,26323
"LOC102633973",1219,1219,0
"Zfp942",35505,3329,32176
"Zfp943",31808,2734,29074
"LOC102633746",3102,3102,0
"LOC102633627",2125,2125,0
"Gm9772",1484,1484,0
"Gm9620",3609,2685,924
"Gm7052",1557,1557,0
"Gm7818",1234,1234,0
"Zfp947",21661,2701,18960
"Gm9514",1342,1342,0
"Gm4944",28395,5193,23202
"Gm7072",29001,3508,25493
"Zfp944",23599,3043,20556
"Zfp758",32457,6838,25619
"Zfp946",32508,3087,29421
"Gm19012",944,944,0
"Gm30818",24579,1480,23099
"Vmn2r111",25333,2574,22759
"Vmn2r112",17986,2574,15412
"LOC100534296",2984,2984,0
"Gm20008",3072,3072,0
"Gm5224",2271,2204,67
"Gm16386",41518,4221,37297
"Zfp945",20591,7178,13413
"Gm32892",7041,711,6330
"Gm18214",1882,1882,0
"Vmn2r-ps128",16055,16055,0
"Vmn2r113",15631,2571,13060
"Vmn2r-ps129",1689,1689,0
"Gm18415",692,692,0
"Gm18396",565,565,0
"Vmn2r-ps130",912,912,0
"Gm18397",565,565,0
"Gm18416",553,553,0
"Vmn2r-ps131",2860,2860,0
"LOC102635705",337,337,0
"Vmn2r-ps132",630,630,0
"Zfp40",19360,4079,15281
"Vmn2r-ps133",35511,35511,0
"Vmn2r114",21380,2571,18809
"Vmn2r115",16152,2574,13578
"Vmn2r116",17062,2571,14491
"Vmn2r-ps134",5152,5152,0
"Vmn2r117",19923,2574,17349
"Olfr752-ps1",793,793,0
"Gm7898",998,998,0
"LOC105246231",1004,846,158
"Casp16",7667,3365,4302
"6330415G19Rik",14496,2219,12277
"Zfp213",7460,2674,4786
"Zfp13",23673,2656,21017
"Zscan10",11269,2812,8457
"Gm7912",1671,1671,0
"Mmp25",15812,3373,12439
"Gm7773",977,977,0
"Ccdc64b",8296,2908,5388
"Thoc6",5286,1502,3784
"Hcfc1r1",1917,1243,674
"Tnfrsf12a",2005,965,1040
"Cldn6",3099,1523,1576
"Cldn9",1443,1443,0
"1520401A03Rik",21644,4624,17020
"Pkmyt1",10400,2119,8281
"Paqr4",4713,2607,2106
"Kremen2",4631,2539,2092
"9530082P21Rik",4830,3162,1668
"Flywch1",18795,3701,15094
"Flywch2",9160,688,8472
"LOC105246232",14378,1655,12723
"Srrm2",33885,11743,22142
"Mir5125",79,79,0
"Tceb2",4370,508,3862
"Prss33",2789,1920,869
"Prss41",7607,2631,4976
"Prss32",6005,1460,4545
"Prss21",5241,1286,3955
"Dcpp1",1978,617,1361
"Gm7955",8399,908,7491
"Dcpp2",2066,611,1455
"LOC105242455",4659,852,3807
"LOC105246233",10389,1350,9039
"Dcpp3",2744,1370,1374
"Sbp",3612,839,2773
"Sbpl",2189,876,1313
"LOC105246234",10452,1313,9139
"Prss30",8446,2533,5913
"Prss22",7202,1652,5550
"LOC105246235",3030,2199,831
"Gm5225",505,505,0
"Prss27",10136,4147,5989
"Kctd5",25766,2457,23309
"Pdpk1",77243,7236,70007
"Gm33409",865,575,290
"Amdhd2",7901,1463,6438
"Atp6v0c",5564,1151,4413
"LOC105246236",6067,1999,4068
"Tbc1d24",30132,8053,22079
"Ntn3",5557,4911,646
"1600002H07Rik",5885,2500,3385
"Ccnf",28180,3215,24965
"Mir5134",78,78,0
"Mir6965",64,64,0
"Abca17",87640,6750,80890
"Abca3",58236,6657,51579
"D330041H03Rik",5033,1484,3549
"Rnps1",11224,2254,8970
"Eci1",12634,1091,11543
"Dnase1l2",3679,2869,810
"E4f1",11813,3004,8809
"4833447I15Rik",8972,1437,7535
"Pgp",1130,1038,92
"Mlst8",5565,3408,2157
"Bricd5",1586,997,589
"Caskin1",21058,7369,13689
"Traf7",19089,2735,16354
"Rab26os",494,295,199
"Rab26",4694,1434,3260
"Gm33508",12918,1033,11885
"Pkd1",46565,14252,32313
"Tsc2",36812,6431,30381
"Nthl1",6157,2084,4073
"Slc9a3r2",11060,2293,8767
"Npw",1096,606,490
"Zfp598",12324,3363,8961
"Syngr3",4858,1959,2899
"Gfer",3039,1848,1191
"Noxo1",4297,3030,1267
"Tbl3",7001,2515,4486
"Rnf151",2219,1189,1030
"Rps2",3807,1148,2659
"Snhg9",435,183,252
"Snora78",157,157,0
"Snora64",117,117,0
"Ndufb10",2322,635,1687
"Rpl3l",8321,1661,6660
"Msrb1",6137,886,5251
"Hs3st6",5741,1519,4222
"Meiob",35488,2232,33256
"Hagh",24372,1566,22806
"Fahd1",1407,1407,0
"LOC105246237",11539,1330,10209
"Igfals",4359,2384,1975
"Nubp2",3757,1490,2267
"Spsb3",5799,2635,3164
"Eme2",2936,1521,1415
"Mrps34",1155,899,256
"Nme3",1032,724,308
"Mapk8ip3",39472,5603,33869
"Hn1l",18154,2606,15548
"Cramp1l",54621,8256,46365
"Ift140",83416,7565,75851
"Tmem204",25852,2344,23508
"Telo2",16403,3821,12582
"Ptx4",4590,1663,2927
"Clcn7",28722,4242,24480
"Ccdc154",9746,3121,6625
"LOC102643076",11791,3229,8562
"BC003965",3102,3023,79
"Unkl",46100,5555,40545
"Gnptg",5854,1309,4545
"Tsr3",2630,1258,1372
"Baiap3",13706,5266,8440
"Mir3547",88,88,0
"Ube2i",13802,3378,10424
"Gm17801",1405,1405,0
"Prss34",1775,1273,502
"Prss28",3231,1190,2041
"Prss29",4031,1181,2850
"Gm5430",1119,1119,0
"Tpsab1",2318,1093,1225
"Tpsb2",1794,1155,639
"Tpsg1",5227,1538,3689
"Cacna1h",59497,8270,51227
"Gm33617",2528,876,1652
"Tekt4",42958,1830,41128
"Gm33565",2540,1334,1206
"Sstr5",24430,2955,21475
"Gm33727",4089,610,3479
"Gm33801",2581,753,1828
"Rpsa-ps6",651,651,0
"Sox8",4794,2999,1795
"2810468N07Rik",4233,1349,2884
"Lmf1",83653,2107,81546
"Gm5836",771,771,0
"Gng13",1931,533,1398
"Chtf18",8411,3134,5277
"Rpusd1",3762,1781,1981
"Mslnl",15028,5454,9574
"Msln",5825,2222,3603
"LOC105246238",5167,303,4864
"Narfl",9574,2589,6985
"Haghl",5827,1947,3880
"Mir6966",72,72,0
"Ccdc78",4895,2478,2417
"Fam173a",3948,2781,1167
"Metrn",2524,1382,1142
"LOC105246239",5492,1486,4006
"Fbxl16",12216,3539,8677
"Wdr24",5104,3099,2005
"Jmjd8",2801,2092,709
"Stub1",2726,1672,1054
"Mir3082",64,64,0
"Rhbdl1",3892,2784,1108
"Rhot2",6014,2808,3206
"Wdr90",16782,6068,10714
"Fam195a",5089,1094,3995
"0610011F06Rik",1664,811,853
"Wfikkn1",3231,2536,695
"Rab40c",37601,2466,35135
"Gm10012",372,372,0
"Pigq",16458,3433,13025
"Gm33941",1023,968,55
"Nhlrc4",2699,2141,558
"A930017K11Rik",6186,2636,3550
"Capn15",27428,5664,21764
"1700022N22Rik",2758,1047,1711
"Rab11fip3",80515,6467,74048
"Gm17814",1608,1608,0
"Decr2",10310,3479,6831
"Nme4",3794,1111,2683
"Gm8186",386,386,0
"Tmem8",10564,4258,6306
"Mrpl28",3111,1065,2046
"Axin1",64840,4155,60685
"Pdia2",3134,1766,1368
"Arhgdig",2168,1032,1136
"Rgs11",8363,2006,6357
"Itfg3",31551,2895,28656
"Gm3946",1018,1018,0
"Gm20026",696,696,0
"Luc7l",40147,6709,33438
"Gm16580",1045,1045,0
"Hba-ps4",783,783,0
"Neurl1b",31385,6409,24976
"LOC105246240",25825,2512,23313
"Gm34455",35669,4077,31592
"Dusp1",2882,1942,940
"Gm34606",497,256,241
"Gm8225",1008,931,77
"1700049J03Rik",9511,599,8912
"Ergic1",96173,3031,93142
"LOC105246241",2855,2204,651
"Atp6v0e",23279,1128,22151
"Crebrf",66275,11765,54510
"Bnip1",11443,1840,9603
"Nkx2-5",6331,1704,4627
"LOC105246242",7044,1131,5913
"Gm17382",27185,2854,24331
"Gm29819",459,459,0
"LOC105246243",4329,830,3499
"Kifc5b",15489,2627,12862
"Mir6967-1",58,58,0
"Phf1",4782,2447,2335
"Mir6968",68,68,0
"Cuta",1844,1101,743
"Syngap1",31027,12274,18753
"Mir3083",64,64,0
"Zbtb9",3025,2784,241
"Ggnbp1",18344,1784,16560
"Bak1",9028,2235,6793
"Itpr3",64964,9112,55852
"Mir7677",67,67,0
"LOC105246244",1812,823,989
"Uqcc2",11227,764,10463
"Ip6k3",23794,2305,21489
"Lemd2",14916,2699,12217
"Gm34736",2238,1164,1074
"9630028I04Rik",12998,2585,10413
"Mir7214",61,61,0
"Gm10505",20617,2121,18496
"Mir7216",76,76,0
"Mir7217",62,62,0
"Mir7218",59,59,0
"Gm35007",3630,3095,535
"Grm4",91293,6152,85141
"Gm33358",9050,1896,7154
"Gm16005",275,275,0
"Gm9703",446,446,0
"Hmga1",7099,2046,5053
"AI413582",2034,1027,1007
"Nudt3",44071,2554,41517
"Rps10",5061,820,4241
"Gm15420",1526,388,1138
"Pacsin1",55528,4458,51070
"Spdef",14838,2183,12655
"D17Wsu92e",69311,3812,65499
"Rps2-ps9",887,887,0
"Snrpc",11882,761,11121
"Uhrf1bp1",43534,8567,34967
"Taf11",8115,2212,5903
"Anks1",153474,8073,145401
"LOC105246129",3028,2345,683
"Gm35290",6296,4828,1468
"Tcp11",14026,2381,11645
"4930526A20Rik",1293,1293,0
"Scube3",32752,8646,24106
"Zfp523",30901,5154,25747
"Def6",20831,2277,18554
"Ppard",68716,3283,65433
"1810013A23Rik",1456,417,1039
"Fance",13045,2016,11029
"Rpl10a",2563,1063,1500
"Tead3",19135,3005,16130
"Tulp1",13697,2141,11556
"Fkbp5",87397,3884,83513
"Gm22146",10897,4667,6230
"LOC102639076",2850,1798,1052
"Armc12",11577,1272,10305
"LOC105246172",5086,1788,3298
"Clpsl2",3132,444,2688
"Clps",2501,494,2007
"Mir6969",61,61,0
"Lhfpl5",8223,2633,5590
"Srpk1",33047,3788,29259
"Slc26a8",53459,5328,48131
"Mapk14",57064,3788,53276
"Gm4356",479,479,0
"Mapk13",9388,1388,8000
"Brpf3",38233,8349,29884
"LOC105246245",15099,1770,13329
"Pnpla1",32344,5706,26638
"4930539E08Rik",18942,4657,14285
"1700030A11Rik",1507,888,619
"LOC105246246",12186,1007,11179
"Pxt1",8277,1015,7262
"Kctd20",17102,4293,12809
"Stk38",37122,4266,32856
"LOC105246247",18333,1595,16738
"Srsf3",10713,3041,7672
"LOC105246248",3237,2428,809
"Trp53cor1",21653,3121,18532
"Cdkn1a",9737,2026,7711
"Rab44",34853,4885,29968
"Rpl35a-ps3",429,429,0
"Gm18271",798,798,0
"Cpne5",81598,4761,76837
"LOC105246249",2852,2128,724
"Ppil1",13137,1215,11922
"BC004004",34100,2985,31115
"LOC102639688",4013,4013,0
"Gm10045",483,483,0
"Pi16",10108,2565,7543
"Mtch1",15852,2193,13659
"Fgd2",18628,3501,15127
"Gm36486",6798,787,6011
"Gm36199",31350,3174,28176
"Gm26885",20741,1277,19464
"LOC105246250",3820,369,3451
"Pim1",4421,1759,2662
"Tmem217",30547,1819,28728
"Tbc1d22b",57107,3591,53516
"Tbc1d22bos",17490,1349,16141
"Mir7667",63,63,0
"Rnf8",26829,2031,24798
"Gm20161",6508,2903,3605
"Cmtr1",42759,3754,39005
"Ccdc167",21041,5646,15395
"Mdga1",60474,8156,52318
"Gm16758",9723,5409,4314
"LOC105246251",2723,1712,1011
"Zfand3",204982,2894,202088
"LOC105246252",8336,8183,153
"Tuba-rs1",1305,1305,0
"Btbd9",362007,12536,349471
"Gm6402",1356,1356,0
"Glo1",19799,1940,17859
"LOC102631653",1120,1120,0
"1700097N02Rik",4465,845,3620
"Dnah8",248827,15309,233518
"LOC105246253",10806,3002,7804
"Glp1r",34644,1480,33164
"LOC105246254",5938,484,5454
"Umodl1",56071,5086,50985
"Abcg1",60291,5821,54470
"Tff3",4306,458,3848
"Tff2",3221,571,2650
"LOC102631757",10301,1698,8603
"Tff1",3671,491,3180
"Tmprss3",30479,5549,24930
"Ubash3a",45707,4061,41646
"Rsph1",22338,1164,21174
"Gm30090",2262,1679,583
"Gm30139",5166,1729,3437
"Slc37a1",55912,5151,50761
"Pde9a",90098,2219,87879
"Wdr4",25671,4347,21324
"Ndufv3",11212,1580,9632
"Pknox1",42973,4512,38461
"Cbs",24611,2749,21862
"Rps2-ps8",951,951,0
"U2af1",11684,985,10699
"Cryaa",7383,1347,6036
"Gm30187",6046,297,5749
"Gm30255",4603,710,3893
"Gm30316",19927,3721,16206
"LOC105246255",3431,680,2751
"LOC105246256",2569,1577,992
"Sik1",11543,4509,7034
"LOC105246257",2152,1245,907
"Gm30509",3986,1211,2775
"LOC105246258",1459,563,896
"2310015A16Rik",4571,1976,2595
"Gm30571",1237,1158,79
"Gm30675",1937,1715,222
"Hsf2bp",91581,4790,86791
"LOC105246259",7968,85,7883
"Rrp1b",26704,5553,21151
"Pdxk-ps",15341,2342,12999
"Gm30729",3020,454,2566
"LOC102641931",15314,1726,13588
"Notch3",45960,7943,38017
"LOC105246260",1266,477,789
"Ephx3",6081,2849,3232
"Brd4",88451,7850,80601
"Gm4432",936,936,0
"Akap8",17656,5349,12307
"Akap8l",29200,3988,25212
"Wiz",35393,8803,26590
"Rasal3",12952,3828,9124
"A530088E08Rik",1795,1795,0
"LOC105246261",2066,962,1104
"Pglyrp2",11725,3803,7922
"Cyp4f39",40626,2646,37980
"Cyp4f17",23291,2813,20478
"Cyp4f16",15254,2307,12947
"LOC105246262",655,180,475
"Gm8497",18236,1624,16612
"Cyp4f37",14866,2642,12224
"Cyp4f38-ps",10533,10533,0
"Cyp4f40",18016,2445,15571
"Cyp4f15",17752,2194,15558
"Gm6452",953,953,0
"Gm17948",638,638,0
"Zfp871",22794,11708,11086
"Gm17115",2046,1733,313
"Zfp811",14256,3926,10330
"Zfp799",14813,6354,8459
"Gm18272",986,986,0
"Gm7059",894,894,0
"LOC105246263",4853,494,4359
"Gm18273",1249,1249,0
"Zfp870",12383,5614,6769
"Cyp4f14",12279,2412,9867
"Cyp4f13",22728,1936,20792
"Cyp4f41-ps",14756,1114,13642
"Zfp472",13381,2337,11044
"Zfp952",12350,3149,9201
"Zfp763",16518,3385,13133
"4921501E09Rik",3916,3916,0
"Zfp563",21339,8615,12724
"LOC105246264",5166,3830,1336
"Morc2b",14912,7361,7551
"LOC105246265",4008,954,3054
"LOC102636566",5816,4079,1737
"Olfr55",948,948,0
"Olfr239",948,948,0
"Gm4461",1091,1091,0
"Zfp955a",15663,3779,11884
"Olfr63",951,951,0
"Zfp955b",15173,3263,11910
"Zfp422-rs1",2215,2215,0
"Zfp81",29672,7743,21929
"Zfp101",14464,3108,11356
"Actl9",1370,1370,0
"Gm4125",744,744,0
"Adamts10",29607,4210,25397
"Myo1f",52058,3833,48225
"Zfp414",2625,1209,1416
"Pram1",7651,2313,5338
"Hnrnpm",39226,2532,36694
"March2",32986,3966,29020
"Rab11b",18003,6155,11848
"Angptl4",6676,1903,4773
"Kank3",12398,3362,9036
"Rps28",1522,391,1131
"Ndufa7",13745,1201,12544
"Cd320",6684,2543,4141
"Kifc1",14970,2345,12625
"Mir6967-2",58,58,0
"BC033916",1541,807,734
"BC051226",997,840,157
"Daxx",6210,2938,3272
"Zbtb22",3431,2677,754
"Gm19412",1197,754,443
"Tapbp",9813,2750,7063
"Rgl2",8253,4552,3701
"Pfdn6",1435,719,716
"Wdr46",9062,2253,6809
"B3galt4",1577,1577,0
"Rps18",3643,524,3119
"Vps52",10711,2885,7826
"H2-K2",4133,1324,2809
"LOC105246266",1564,440,1124
"AA388235",3867,3867,0
"H2-K1",4331,2177,2154
"LOC105246267",2901,855,2046
"Gm31082",16594,764,15830
"Gm7326",822,822,0
"Ring1",3889,2034,1855
"Mir219a-1",110,110,0
"Mir219c",60,60,0
"H2-Ke6",2023,964,1059
"Slc39a7",3425,2393,1032
"Rxrb",6592,2768,3824
"Col11a2",28199,7744,20455
"BC051537",11467,1668,9799
"H2-Pa",1240,1240,0
"H2-Oa",2856,1049,1807
"Brd2",10589,5252,5337
"H2-DMa",16384,1946,14438
"Gm31142",4466,3816,650
"H2-DMb2",5680,786,4894
"H2-DMb1",7039,1284,5755
"Psmb9",5301,1061,4240
"Tap1",9670,2950,6720
"Psmb8",3260,1223,2037
"Tap2",12237,2636,9601
"H2-Ob",7014,2883,4131
"Gm20506",11530,3424,8106
"H2-Ab1",6192,1193,4999
"H2-Aa",5021,1069,3952
"LOC105245179",12649,541,12108
"H2-Eb1",10808,1669,9139
"H2-Eb2",15911,4065,11846
"H2-Ea-ps",5589,1179,4410
"Btnl2",14704,2596,12108
"Btnl1",9040,2256,6784
"Gm15320",17942,1082,16860
"LOC102633588",494,494,0
"BC051142",61956,2851,59105
"Btnl4",9019,2848,6171
"Btnl5-ps",10025,2593,7432
"LOC105246268",6449,2295,4154
"Btnl6",9418,1620,7798
"Btnl7-ps",17026,17026,0
"Gm31560",9689,1486,8203
"Notch4",24262,7018,17244
"Gpsm3",1949,1343,606
"Pbx2",4871,2801,2070
"Ager",3528,2139,1389
"Rnf5",2463,1101,1362
"Agpat1",9172,2556,6616
"Egfl8",3373,2130,1243
"Ppt2",21363,2346,19017
"Prrt1",3566,2834,732
"Fkbpl",6754,2358,4396
"Atf6b",7929,2597,5332
"Tnxb",135673,14587,121086
"Cyp21a2-ps",2849,1794,1055
"C4b",15856,5709,10147
"Stk19-ps1",2690,805,1885
"Skiv2l-ps1",1408,1408,0
"Tnxa",25069,25069,0
"Cyp21a1",3079,1923,1156
"C4a",14363,5361,9002
"Stk19",12988,1170,11818
"Dxo",2168,1618,550
"Skiv2l",10979,3963,7016
"Mir6971",63,63,0
"Mir6970",67,67,0
"Nelfe",5982,1610,4372
"Cfb",6141,2767,3374
"Mir6972",64,64,0
"C2",19499,2644,16855
"LOC105245222",2413,1083,1330
"Zbtb12",2309,1965,344
"Ehmt2",15588,4145,11443
"Slc44a4",16213,2421,13792
"Neu1",6045,3850,2195
"1110038B12Rik",2237,590,1647
"Snord52",59,59,0
"Gm8696",560,560,0
"Hspa1b",2810,2810,0
"Hspa1a",2798,2798,0
"Hspa1l",6526,2415,4111
"Lsm2",4038,1133,2905
"D17H6S56E-5",4064,3367,697
"Vars",15423,4224,11199
"Vwa7",10385,4555,5830
"Sapcd1",2613,1748,865
"Msh5",19897,4652,15245
"Clic1",8477,1159,7318
"Ddah2",3065,2010,1055
"G6b",4093,3213,880
"G6bos",1160,1160,0
"Ly6g6c",2724,960,1764
"Ly6g6d",9226,700,8526
"Ly6g6e",1986,1356,630
"Ly6g6f",5628,1638,3990
"Abhd16a",13755,2318,11437
"Ly6g5c",3654,450,3204
"Ly6g5b",1457,1056,401
"Csnk2b",5859,1386,4473
"Gpank1",3343,1929,1414
"LOC105245272",3706,870,2836
"D17H6S53E",2454,2126,328
"Apom",2756,715,2041
"Bag6",12723,5058,7665
"Prrc2a",16087,6993,9094
"Aif1",5097,1036,4061
"Ncr3-ps",4274,4274,0
"Lst1",3346,416,2930
"Ltb",1799,1095,704
"Mir6973a",78,78,0
"Tnf",2641,1653,988
"Lta",2461,1660,801
"Mir6974",83,83,0
"Gm32075",2525,1668,857
"Nfkbil1",16278,1563,14715
"Atp6v1g2",3602,1658,1944
"Ddx39b",11962,1758,10204
"Mir6975",61,61,0
"Mir8094",117,117,0
"H2-D1",4404,1736,2668
"Gm18733",1078,1078,0
"Gm18734",2112,2112,0
"H2-Q1",7184,2561,4623
"Gm8741",1201,1201,0
"H2-Q2",4645,2233,2412
"H2-Q3",1014,1014,0
"H2-Q4",5120,2010,3110
"LOC105246269",539,289,250
"H2-Q5",1532,1181,351
"Gm8750",4855,3463,1392
"Gm32252",1597,990,607
"H2-Q6",5255,2414,2841
"H2-Q7",4627,1716,2911
"Gm8752",2930,2930,0
"H2-Q10",4497,1555,2942
"Gm32362",5099,470,4629
"Pou5f1",4746,2026,2720
"Tcf19",4095,1778,2317
"Cchcr1",13988,4194,9794
"Psors1c2",2441,1586,855
"Cdsn",14099,2776,11323
"2300002M23Rik",1461,1248,213
"LOC105246270",6981,346,6635
"Gm9573",8715,5231,3484
"Dpcr1",7941,2717,5224
"Sfta2",862,506,356
"Vars2",12006,4479,7527
"Gtf2h4",6023,1733,4290
"Ddr1",23063,6023,17040
"LOC105246271",4632,973,3659
"4833427F10Rik",8238,1475,6763
"Gm32409",3393,1034,2359
"Ier3",1199,1090,109
"Flot1",9468,1782,7686
"Tubb5",4382,2645,1737
"Gm32463",2387,791,1596
"Mdc1",18181,7646,10535
"Nrm",4083,1464,2619
"Ppp1r18",10102,4343,5759
"Dhx16",12907,3421,9486
"2310061I04Rik",4702,2063,2639
"Atat1",12499,3290,9209
"LOC102635200",816,707,109
"Mrps18b",6012,1527,4485
"Ppp1r10",36485,5467,31018
"Mir1894",81,81,0
"Gm9840",548,548,0
"Gm8801",6164,1867,4297
"Abcf1",12985,3287,9698
"Mir877",85,85,0
"Gm32655",2732,424,2308
"Prr3",7287,2946,4341
"Gnl1",9508,2744,6764
"A930015D03Rik",43671,799,42872
"H2-T24",16851,2782,14069
"H2-T23",3086,1994,1092
"H2-T22",5610,3074,2536
"Gm6034",15685,1633,14052
"LOC676837",591,184,407
"Gm11127",2556,1344,1212
"Gm20950",524,524,0
"Gm8810",1054,760,294
"H2-Bl",4061,1164,2897
"C920025E04Rik",2700,1588,1112
"H2-T10",5574,2897,2677
"LOC100416360",619,619,0
"Gm7030",1817,899,918
"Gm9574",1950,1950,0
"Gm8909",26844,3820,23024
"2410017I17Rik",17357,1511,15846
"Gm17782",554,426,128
"Gm6659",2200,2200,0
"Gm6623",2588,2588,0
"H2-T3",4581,2178,2403
"Gm4246",437,435,2
"Gm8835",2991,632,2359
"Gm5682",15768,15768,0
"LOC102636255",503,503,0
"Gm18604",547,547,0
"Gm4252",361,361,0
"LOC102636156",1031,1031,0
"Rpp21",2174,500,1674
"Trim39",13133,3841,9292
"H2-M10.2",2141,990,1151
"Gm33257",32696,6581,26115
"H2-M10.1",3291,1387,1904
"H2-M10.3",3414,1592,1822
"Gm318",1666,1666,0
"Gm33537",53112,2229,50883
"Gm9612",944,944,0
"Gm5227",691,691,0
"Gm4830",2235,1472,763
"H2-M10.4",3413,1405,2008
"Gm18809",33469,33469,0
"H2-M11",2178,1008,1170
"H2-M9",3311,1353,1958
"Rpl9-ps5",593,593,0
"H2-M1",3168,1273,1895
"Gm8877",5722,1035,4687
"Gm8878",1446,1446,0
"H2-M10.5",3326,1384,1942
"H2-M10.6",3392,1559,1833
"Trim26",22275,3257,19018
"Trim15",7396,3216,4180
"Trim10",8260,2245,6015
"Gm4276",526,526,0
"Trim40",15146,2607,12539
"Trim31",12088,2248,9840
"1700031A10Rik",9641,656,8985
"Rnf39",4936,1446,3490
"Gm33595",3655,1732,1923
"Ppp1r11",3438,1679,1759
"Znrd1",4172,787,3385
"Znrd1as",7034,1761,5273
"LOC105246272",817,458,359
"H2-M6-ps",2190,2190,0
"2410137M14Rik",3537,865,2672
"H2-M4-ps",282,282,0
"H2-M5",2650,1170,1480
"Zfp57",9567,3811,5756
"Mog",12659,2246,10413
"Gm33802",14293,1217,13076
"Gabbr1",28340,4486,23854
"Olfr90",1046,1046,0
"LOC105246273",11725,3561,8164
"Olfr91",939,939,0
"Olfr92",939,939,0
"Gm19807",651,651,0
"Olfr93",939,939,0
"Vhl-ps1",397,397,0
"Olfr753-ps1",936,936,0
"Gm7031",1479,1479,0
"Ubd",2210,937,1273
"Olfr94",1161,1161,0
"Olfr95",939,939,0
"Olfr96",942,942,0
"Olfr97",933,933,0
"Olfr754-ps1",792,792,0
"Olfr98",930,930,0
"H2-M3",4252,1425,2827
"Olfr755-ps1",760,760,0
"Olfr99",918,918,0
"Olfr756-ps1",914,914,0
"Olfr101",927,927,0
"Olfr102",1027,1027,0
"Olfr103",3390,1073,2317
"Olfr104-ps",980,980,0
"Olfr757-ps1",561,561,0
"Olfr105-ps",957,957,0
"Olfr758-ps1",866,866,0
"Olfr106-ps",935,935,0
"Olfr107",1033,1033,0
"Olfr759-ps1",919,919,0
"Gm18808",680,680,0
"Olfr108",1038,1038,0
"Olfr760-ps1",652,652,0
"Olfr109",945,945,0
"H2-M2",2774,1623,1151
"Olfr110",7207,1106,6101
"Olfr111",31169,4047,27122
"Olfr112",6557,3736,2821
"Olfr113",939,939,0
"Olfr114",939,939,0
"Gm18213",880,880,0
"Olfr115",995,995,0
"Olfr116",966,966,0
"Olfr117",954,954,0
"Olfr118",966,966,0
"Olfr119",5036,1116,3920
"Gm7335",1707,1707,0
"Olfr120",993,993,0
"Olfr1558-ps1",990,990,0
"Olfr121",4139,1237,2902
"Olfr122",3979,1030,2949
"Gm18268",904,904,0
"Olfr123",930,930,0
"Olfr124",1122,1122,0
"Olfr125",1118,1118,0
"Gm9577",2587,2587,0
"Olfr126",960,960,0
"Gm18737",1202,1202,0
"Gm18520",713,713,0
"Olfr127",972,972,0
"Gm33942",16690,234,16456
"Olfr128",3546,1210,2336
"Gm5967",731,731,0
"Olfr761",972,972,0
"Gm18522",664,664,0
"Gm20541",17501,2317,15184
"Gm4325",500,500,0
"Olfr129",5275,1327,3948
"Olfr130",954,954,0
"Gm18833",844,844,0
"Olfr131",945,945,0
"Olfr132",942,942,0
"Olfr133",4136,1207,2929
"Olfr134",939,939,0
"Olfr135",939,939,0
"Olfr138",939,939,0
"Olfr137",939,939,0
"Olfr762-ps1",1373,1373,0
"Olfr136",1713,1002,711
"Esp36",3712,1117,2595
"Gm6726",1216,1216,0
"Esp34",6430,1413,5017
"Esp31",6207,1311,4896
"Esp24",3533,433,3100
"Esp23",3347,646,2701
"Gm18784",2099,2099,0
"Esp18",4634,1257,3377
"Esp16",4706,1243,3463
"Esp15",4711,1169,3542
"Rn18s-rs5",1849,1849,0
"LOC101056014",50685,1373,49312
"Esp38",4768,375,4393
"Gm7148",2839,2839,0
"Pgk2",1592,1592,0
"Crisp3",20482,1387,19095
"Crisp1",25489,1455,24034
"Gm34266",2856,730,2126
"C330004N01Rik",39606,699,38907
"Esp8",10681,901,9780
"Gm29748",368,368,0
"Esp6Esp5",18043,1229,16814
"Esp6",4121,663,3458
"Esp5",4839,1113,3726
"Esp4",4025,553,3472
"Esp3",4986,1316,3670
"Esp1",4663,1049,3614
"Crisp2",29413,1483,27930
"Rhag",29656,2419,27237
"Gm20574",18910,18910,0
"9130008F23Rik",5077,2159,2918
"Glyatl3",16093,3223,12870
"Cenpq",11497,1442,10055
"LOC105246274",853,853,0
"Mut",27305,3675,23630
"Ldha-ps3",1702,1483,219
"Gm6771",1233,1233,0
"LOC102637637",218,218,0
"Ptchd4",191933,9325,182608
"Opn5",63692,2548,61144
"Gpr115",35398,3064,32334
"Gpr111",55118,6272,48846
"LOC102637749",1231,1231,0
"Cd2ap",127615,6330,121285
"Tnfrsf21",72634,3626,69008
"Gm34627",7467,656,6811
"E130008D07Rik",12251,5078,7173
"Gpr110",55601,5045,50556
"Gpr116",99229,9095,90134
"Mep1a",29821,3056,26765
"Ankrd66",36557,2708,33849
"Pla2g7",44121,2389,41732
"1700071M16Rik",3170,2504,666
"Tdrd6",16017,8114,7903
"Slc25a27",28985,12226,16759
"Cyp39a1",84060,3106,80954
"LOC105246275",31600,2407,29193
"Gm34773",12843,1011,11832
"Rcan2",238236,4243,233993
"Gm34857",18593,6787,11806
"Enpp5",7772,2591,5181
"Enpp4",9618,4797,4821
"Gm34917",18197,9861,8336
"Clic5",145491,6847,138644
"Runx2",318846,13320,305526
"LOC105246276",1689,1244,445
"Runx2os2",12709,9823,2886
"Supt3",342124,4108,338016
"4930564C03Rik",1182,1182,0
"Gm35097",14381,1652,12729
"Gm4766",1285,1285,0
"LOC105246277",10751,1020,9731
"Gm35204",1110,544,566
"Cdc5l",41821,3104,38717
"LOC105246278",58430,8005,50425
"Spats1",29318,2033,27285
"Gm9104",560,560,0
"Aars2",14038,3529,10509
"Tcte1",19246,3074,16172
"Tmem151b",7738,5638,2100
"Nfkbie",7503,2471,5032
"Slc35b2",3793,2330,1463
"Hsp90ab1",5484,2507,2977
"Gm35399",1476,1376,100
"LOC105246279",1632,1376,256
"Slc29a1",14409,2503,11906
"Gm7325",1244,1133,111
"Capn11",29900,3681,26219
"Tmem63b",26083,3533,22550
"Mrpl14",12802,785,12017
"Gm35456",26045,4785,21260
"BE949265",4399,3981,418
"1600014C23Rik",2079,591,1488
"F630040K05Rik",51852,7011,44841
"Gm35692",22691,2218,20473
"4930542M03Rik",1334,346,988
"LOC105246280",3317,3014,303
"LOC105246281",11087,1966,9121
"Gm36122",6773,1349,5424
"Vegfa",15385,4174,11211
"Gm36200",16941,1336,15605
"LOC102238520",384,384,0
"Mrps18a",17905,864,17041
"Rsph9",22200,2656,19544
"Mad2l1bp",6167,1272,4895
"Gtpbp2",9788,3453,6335
"Polh",31329,3276,28053
"Xpo5",39445,3709,35736
"Mir693",89,89,0
"Polr1c",4126,1305,2821
"Yipf3",4479,2087,2392
"LOC105246282",1593,748,845
"Lrrc73",3872,2104,1768
"Tjap1",25215,3765,21450
"Dlk2",6024,2684,3340
"LOC105246284",1073,990,83
"Abcc10",24803,5913,18890
"LOC105246283",1290,1243,47
"BC040756",5497,4433,1064
"Zfp318",37418,14481,22937
"Gm9706",1143,1143,0
"Crip3",3586,2535,1051
"Slc22a7",6293,2007,4286
"Gm36541",636,337,299
"Gm5093",977,977,0
"Ttbk1",45228,10579,34649
"Dnph1",2830,1106,1724
"Cul9",45780,8075,37705
"Srf",10033,4826,5207
"Mir6976",63,63,0
"Ptk7",65599,4730,60869
"Klc4",15544,2964,12580
"Mrpl2",3962,1116,2846
"Cul7",14027,5529,8498
"Rrp36",7010,1538,5472
"Klhdc3",6381,2177,4204
"Mea1",3989,1351,2638
"Ppp2r5d",22030,2947,19083
"Pex6",14079,3200,10879
"Gnmt",3533,1063,2470
"Cnpy3",16581,2037,14544
"Ptcra",8050,1283,6767
"2310039H08Rik",773,773,0
"Rpl7l1",8750,2606,6144
"Gltscr1l",92288,7854,84434
"Gm36623",3864,3771,93
"Tbcc",1843,1843,0
"Prph2",14442,2632,11810
"Ubr2",82485,7991,74494
"LOC105246356",6524,516,6008
"Gm4945",612,612,0
"LOC105246285",5117,1873,3244
"Trerf1",218517,4544,213973
"Gm36715",5212,1956,3256
"Mrps10",12532,4154,8378
"Guca1b",8274,2667,5607
"Guca1a",18957,935,18022
"Gm5814",1535,1535,0
"1700001C19Rik",24642,2198,22444
"AI661453",34000,5032,28968
"Taf8",18908,5916,12992
"Ccnd3",94952,2959,91993
"LOC105246286",4464,1844,2620
"Bysl",12162,3854,8308
"Med20",12823,2040,10783
"Kpna2-ps",1857,1857,0
"Usp49",53378,5581,47797
"Tomm6",1742,1007,735
"Frs3",16991,2855,14136
"Tomm6os",3483,2953,530
"Prickle4",6485,1413,5072
"Frs3os",2028,980,1048
"Pgc",7637,1384,6253
"Tfeb",55380,3440,51940
"Mdfi",19364,2509,16855
"Foxp4",57513,4193,53320
"LOC102642815",21701,1124,20577
"Mif-ps8",479,479,0
"Gm29938",27167,3532,23635
"LOC105246287",5034,596,4438
"1700122O11Rik",1549,771,778
"Gm20596",153,153,0
"A730006G06Rik",25590,1829,23761
"Gm30068",18669,1015,17654
"1700067P10Rik",1603,1108,495
"9830107B12Rik",47558,4449,43109
"A530064D06Rik",15362,1900,13462
"Trem1",14558,3801,10757
"Gm18679",1239,1239,0
"LOC105246288",3700,591,3109
"Trem3",11120,1063,10057
"Treml4",11417,2098,9319
"Treml2",13148,5051,8097
"B430306N03Rik",11244,4404,6840
"LOC105246289",2354,2261,93
"Trem2",5876,1146,4730
"Treml1",7261,1250,6011
"Nfya",23017,3792,19225
"Oard1",7286,1686,5600
"Apobec2",13498,1218,12280
"Gm30283",2043,1728,315
"Tspo2",7225,3719,3506
"Unc5cl",85871,4794,81077
"Gm30419",1169,614,555
"Lrfn2",166025,4060,161965
"1700008K24Rik",1270,947,323
"Gm9586",1049,1049,0
"Gm30475",4301,830,3471
"Gm30532",25028,3555,21473
"Gm17830",8482,1829,6653
"Gm18067",731,731,0
"LOC105246290",1198,258,940
"Mocs1",27072,2724,24348
"LOC105246291",1412,487,925
"Daam2",108470,8643,99827
"Kif6",294744,12464,282280
"Gm16555",3785,1018,2767
"Gm19465",4728,1270,3458
"Rftn1",197240,3842,193398
"LOC105246292",12438,4975,7463
"Gm9191",1675,1675,0
"Gm18735",729,729,0
"LOC105246293",2394,1324,1070
"AY702103",2203,2203,0
"Gm4669",288,288,0
"Dazl",14228,3486,10742
"Gm30958",14849,3431,11418
"Gm31015",3080,1566,1514
"Plcl2",179862,4864,174998
"Gm7334",1368,1368,0
"Tbc1d5",447075,8078,438997
"LOC105246294",2155,1249,906
"Gm31083",19754,8703,11051
"C330011F03Rik",23061,2350,20711
"Gm31143",488,335,153
"LOC105246295",8430,563,7867
"Satb1",97311,12036,85275
"LOC102633357",23077,8523,14554
"Gm20098",82531,3293,79238
"Gm19197",603,603,0
"Gm19585",13687,514,13173
"LOC105246296",21879,370,21509
"Kcnh8",381632,9433,372199
"Gm9210",2338,1803,535
"LOC102633553",190,190,0
"LOC105246297",6647,695,5952
"Gm29770",603,603,0
"Gm9214",2190,2190,0
"Efhb",65287,3587,61700
"Tpt1-ps7",846,846,0
"Rab5a",28445,2364,26081
"Pp2d1",31992,2476,29516
"Kat2b",105869,4816,101053
"Sgol1",15061,4172,10889
"Gm31532",12331,1829,10502
"Gm18680",650,650,0
"4932415M13Rik",17335,3063,14272
"Ck-ps1",1113,1113,0
"LOC102637912",18425,4171,14254
"Sult1c2",16322,1465,14857
"Mrps36-ps1",630,630,0
"Gm4458",356,356,0
"Gm9221",20866,2561,18305
"Gm6949",1393,1393,0
"Gm19674",1393,1393,0
"Gm324",9425,4236,5189
"Sult1c1",29017,1513,27504
"Gm5684",990,990,0
"Slc5a7",25452,5398,20054
"LOC100534365",1054,1054,0
"1700025K24Rik",17492,740,16752
"Trp53-ps",1640,1640,0
"Gm4946",809,809,0
"Gm32055",10167,628,9539
"Gm32104",21874,1320,20554
"Gm4471",999,999,0
"St6gal2",70224,8945,61279
"Vmn2r118",32332,2562,29770
"Pot1b",61458,4859,56599
"Gm18648",1411,1411,0
"Emr4",103679,3491,100188
"Gm18365",787,787,0
"Gm18417",848,848,0
"Zfp119a",14800,4420,10380
"Zfp959",7839,3607,4232
"LOC105246299",26532,1364,25168
"Rpl21-ps6",537,537,0
"Zfp119b",17806,4655,13151
"LOC105246298",4205,444,3761
"Ebi3",4400,1171,3229
"Gm16712",4631,1980,2651
"Ccdc94",9099,1647,7452
"Shd",8234,3455,4779
"Fsd1",10422,1799,8623
"Stap2",8570,1675,6895
"Mpnd",7634,1817,5817
"Sh3gl1",19889,2298,17591
"Chaf1a",27611,3308,24303
"Ubxn6",6741,1841,4900
"Hdgfrp2",20998,2625,18373
"Plin4",9361,7037,2324
"Plin5",6010,2101,3909
"Lrg1",2269,1353,916
"Sema6b",17259,4586,12673
"Tnfaip8l1",11465,2365,9100
"Mydgf",7380,913,6467
"Dpp9",32216,4659,27557
"Gm32572",534,534,0
"A230051N06Rik",1089,748,341
"Mir7b",111,111,0
"Fem1a",6816,6816,0
"Ticam1",7306,2830,4476
"Plin3",11550,2159,9391
"Arrdc5",6176,1056,5120
"Uhrf1",20150,3651,16499
"Kdm4b",77737,5632,72105
"Gm32715",13253,8621,4632
"Ptprs",64055,7121,56934
"Mir6977",64,64,0
"Gm33032",3452,2188,1264
"Gm9258",926,926,0
"Gm32822",5619,4261,1358
"Gm33089",3873,3063,810
"Gm33211",1407,612,795
"Gm33258",3998,2624,1374
"Znrf4",1236,1236,0
"Gm20219",2974,1269,1705
"Safb2",23702,3607,20095
"Safb",21535,3411,18124
"2410015M20Rik",2320,755,1565
"Rpl36",852,633,219
"Lonp1",12607,2967,9640
"Catsperd",37565,4877,32688
"Gm33461",4568,492,4076
"Ranbp3",38545,3485,35060
"Ccpn-ps",958,958,0
"Vmac",3768,2502,1266
"Ndufa11",6487,2661,3826
"Fut4-ps1",5065,2495,2570
"Nrtn",6208,1104,5104
"Dus3l",5377,2515,2862
"Prr22",1859,1350,509
"Rfx2",55158,3399,51759
"LOC105246300",4279,4087,192
"Acsbg2",31402,2880,28522
"1700061G19Rik",14404,3675,10729
"Mllt1",42877,3708,39169
"Acer1",28637,2429,26208
"Gm33509",1723,553,1170
"Clpp",6108,1207,4901
"Alkbh7",2002,939,1063
"Pspn",562,474,88
"Gtf2f1",7993,1826,6167
"Gm17949",7001,7001,0
"Khsrp",10459,3999,6460
"Slc25a41",10633,2882,7751
"Slc25a23",16170,3418,12752
"Crb3",3825,1562,2263
"Dennd1c",12460,2768,9692
"Tubb4a",7717,2228,5489
"Gm11110",13920,1026,12894
"Tnfsf9",2481,1338,1143
"Cd70",3781,842,2939
"Gm33566",21534,1225,20309
"Tnfsf14",4708,1869,2839
"C3",24169,5207,18962
"Mir6978",57,57,0
"Trip10",30491,2799,27692
"Gpr108",13528,2736,10792
"Vav1",50158,4223,45935
"Emr1",124879,3280,121599
"Gm18069",560,560,0
"LOC102636666",1626,1626,0
"Vmn2r120",36532,2571,33961
"Gm18139",1276,1276,0
"Gm17920",857,857,0
"Cntnap5c",641353,4912,636441
"Rpl7a-ps5",858,858,0
"Gm6149",940,940,0
"Gm5815",1227,1227,0
"Gm9284",616,616,0
"Pdzph1",112568,4174,108394
"Gm33751",8650,1147,7503
"Nudt12os",28724,1169,27555
"Nudt12",13261,5831,7430
"Gm4512",512,512,0
"Gm18521",850,850,0
"Gm33890",14968,368,14600
"Gm18070",748,748,0
"Gm5496",1044,1044,0
"Gm6174",1113,1113,0
"Gm34038",18430,3326,15104
"Gm4518",879,879,0
"Efna5",278361,9747,268614
"LOC105246302",6125,6067,58
"LOC105246301",19981,3014,16967
"Gm34179",552,358,194
"Gm34230",13367,2318,11049
"Gm34324",4692,2638,2054
"Fbxl17",458094,20995,437099
"LOC105246303",16786,16751,35
"4930405O22Rik",7528,956,6572
"Gm17228",526,526,0
"Gm18418",595,595,0
"Gm5497",549,549,0
"Gm7253",524,524,0
"Gm9300",655,655,0
"Fer",316570,13128,303442
"1110058D11Rik",1428,1284,144
"Rpl36-ps6",278,278,0
"LOC102638442",4911,778,4133
"Gm34858",11858,11188,670
"Pja2",50878,4706,46172
"Mir6420",102,102,0
"AU016765",41502,906,40596
"Gm35098",1789,961,828
"Man2a1",153462,6078,147384
"Dreh",821,727,94
"4930583I09Rik",3585,666,2919
"Gm4701",40604,810,39794
"Gm35228",21029,884,20145
"Gm18419",980,980,0
"Tmem232",285104,3093,282011
"Gm18992",555,555,0
"Gm9288",1578,650,928
"Gm18736",570,570,0
"Gm18138",525,525,0
"Gm35400",4045,3032,1013
"Vapa",33885,2163,31722
"Txndc2",6046,2272,3774
"Gm35477",1518,1231,287
"Rab31",121027,3476,117551
"Ppp4r1",59529,6089,53440
"Ralbp1",37341,4811,32530
"Gm35550",11684,2194,9490
"Twsg1",28123,4047,24076
"Ankrd12",111344,11112,100232
"Ndufv2",22765,1637,21128
"Wash",8958,3156,5802
"Ddx11",28674,4559,24115
"Gm20742",12306,9287,3019
"Gm17891",789,789,0
"Gm35810",32872,3830,29042
"Gm35942",601,380,221
"Mtcl1",112829,7569,105260
"Gm4705",451,451,0
"Rab12",25423,8368,17055
"LOC105246304",8699,4020,4679
"Themis3",39371,1798,37573
"Ptprm",687694,6699,680995
"LOC102639882",6064,3060,3004
"Gm18961",661,661,0
"Mir5709",89,89,0
"Gm36152",1085,296,789
"Gm36201",69733,2997,66736
"Lrrc30",1759,1759,0
"Lama1",125513,9654,115859
"Arhgap28",161403,11974,149429
"Gm36252",4822,648,4174
"Gm36312",9443,717,8726
"L3mbtl4",510833,11893,498940
"Gm15974",587,587,0
"Gm17921",1417,1417,0
"LOC102642041",7321,641,6680
"Tmem200c",6003,3213,2790
"Gm36392",26799,3401,23398
"Gm36437",6563,485,6078
"Epb4.1l3",214322,9059,205263
"2410021H03Rik",1845,762,1083
"A930029G22Rik",83758,3022,80736
"Gm36542",2517,1640,877
"Zbtb14",7364,3765,3599
"C030034I22Rik",2747,2747,0
"A330050F15Rik",51643,3819,47824
"LOC105246305",1861,605,1256
"Gm9319",561,561,0
"Gm9598",780,780,0
"Gm36594",2702,638,2064
"Gm4561",505,505,0
"Dlgap1",852336,9756,842580
"Stmn1-rs2",973,973,0
"Gm6399",641,641,0
"LOC105246307",41730,3799,37931
"LOC105246306",16698,3869,12829
"LOC105246308",3575,2413,1162
"Tgif1",9328,3659,5669
"Gm36856",1014,595,419
"Mir1195",98,98,0
"Gm9320",505,505,0
"Gm26510",48382,1205,47177
"Gm16519",583,583,0
"LOC102638599",884,884,0
"LOC105246309",3942,2965,977
"Myl12b",16554,939,15615
"Myl12a",8741,1902,6839
"Myom1",107855,7345,100510
"Lpin2",66291,7772,58519
"Emilin2",59468,4588,54880
"4930471L23Rik",24291,511,23780
"Gm4566",8604,532,8072
"Smchd1",130855,7052,123803
"LOC100534390",1722,1549,173
"LOC105246310",767,724,43
"Gm18738",555,555,0
"Ndc80",30758,2201,28557
"Spdya",62599,3825,58774
"Mettl4-ps1",15222,15222,0
"Trmt61b",41735,2945,38790
"Gm18140",634,634,0
"Gm30091",4914,1658,3256
"Wdr43",43132,3740,39392
"Snord92",83,83,0
"Snord53",68,68,0
"Fam179a",56513,4460,52053
"BC027072",9331,5006,4325
"Clip4",94542,5486,89056
"Gm30140",4091,2942,1149
"Alk",736423,7037,729386
"LOC105246311",6905,631,6274
"Gm19183",886,886,0
"Gm26963",1085,1009,76
"Ypel5",14571,3931,10640
"LOC105246312",4113,2435,1678
"Gm30256",24898,1493,23405
"Gm30375",3450,2436,1014
"Lbh",23642,3068,20574
"Gm30420",1327,663,664
"LOC105246313",4540,2129,2411
"Gm30476",1817,664,1153
"LOC105246314",13156,2007,11149
"Lclat1",135384,4821,130563
"Gm9311",1092,1092,0
"E330032C10Rik",9786,4779,5007
"LOC105246315",1190,472,718
"Capn13",92851,2698,90153
"Galnt14",217255,11098,206157
"Ehd3",27253,3658,23595
"Gm4948",1122,1122,0
"Xdh",66302,4614,61688
"Gm18068",644,644,0
"Gm30983",24029,346,23683
"Srd5a2",30211,854,29357
"Gm31084",18038,1041,16997
"Gm31235",7003,1512,5491
"Memo1",97147,4520,92627
"Gm9316",2538,2480,58
"Dpy30",24471,1108,23363
"Gm31328",211,211,0
"Gm9349",395,395,0
"Gm9351",587,587,0
"Spast",53662,6834,46828
"Slc30a6",28622,2171,26451
"Nlrc4",33428,4783,28645
"Gm4708",510,510,0
"Gm6476",751,751,0
"Yipf4",10785,2133,8652
"Gm31645",8478,1717,6761
"Birc6",175141,17052,158089
"Ttc27",145835,2917,142918
"LOC105246316",6109,5628,481
"Gm31759",11689,2415,9274
"Gm31818",7466,668,6798
"Ltbp1",387439,8250,379189
"Gm6276",685,685,0
"Rasgrp3",93184,5128,88056
"LOC105246317",4451,4325,126
"Fam98a",14861,2817,12044
"Gm9360",1589,1589,0
"Gm4710",28017,1178,26839
"Gm16391",751,751,0
"Gm18366",502,502,0
"Gm6496",402,402,0
"Rpsa-ps8",1006,1006,0
"Gm4711",722,722,0
"Gm32076",38039,3760,34279
"Gm20787",570,570,0
"Gm5229",358,358,0
"Gm32282",835,593,242
"Crim1",176408,6058,170350
"LOC105246318",6990,6834,156
"Fez2",48941,4745,44196
"Gm32336",4303,1878,2425
"Gm32464",8905,589,8316
"LOC102634924",199,199,0
"Gm10093",1977,1977,0
"Vit",119359,3554,115805
"Gm32573",66560,3187,63373
"Strn",87284,8961,78323
"Gm18649",506,506,0
"Heatr5b",82476,6437,76039
"Gpatch11",12793,4341,8452
"Gm6548",2041,2041,0
"Eif2ak2",30023,4586,25437
"LOC105246320",11504,4239,7265
"Sult6b1",23055,2215,20840
"LOC105246319",686,599,87
"Cebpzos",4550,1874,2676
"Cebpz",18068,4077,13991
"Ndufaf7",10947,2332,8615
"Prkd3",71412,6133,65279
"LOC105246321",10840,6144,4696
"Qpct",38363,1949,36414
"Gm32868",7924,831,7093
"Gm5230",865,865,0
"Cdc42ep3",21128,2147,18981
"LOC102639145",3619,3328,291
"Gm32954",13796,2581,11215
"4930429F11Rik",2262,1616,646
"Gm10494",4438,2582,1856
"LOC105246322",45519,343,45176
"Gm7283",378,378,0
"Rmdn2",106470,14424,92046
"Gm33006",15948,1272,14676
"Cyp1b1",18784,6017,12767
"LOC105246323",4846,2262,2584
"Gm33055",7668,406,7262
"Atl2",47772,4319,43453
"LOC105246324",81632,1390,80242
"Gm6552",1261,1261,0
"Hnrnpll",33027,3360,29667
"Gpx4-ps",732,732,0
"LOC102635879",1243,1149,94
"LOC105246325",20574,679,19895
"Galm",57575,2377,55198
"Srsf7",7239,3232,4007
"Gemin6",20794,1198,19596
"Ttc39d",2023,2023,0
"Dhx57",52173,6588,45585
"Morn2",15480,1206,14274
"Arhgef33",120150,12427,107723
"Gm10190",1686,1686,0
"Sos1",86702,8919,77783
"Gm18141",566,566,0
"Gm18650",770,770,0
"Cdkl4",54290,4320,49970
"Gm33373",11073,1255,9818
"F420015M19Rik",4101,4101,0
"Map4k3",147693,4369,143324
"Gm9959",1341,1341,0
"Gm33538",1471,906,565
"Gm33596",2204,406,1798
"C230072F16Rik",38413,4439,33974
"Tmem178",57185,1696,55489
"Thumpd2",38801,4102,34699
"Gm33891",6162,538,5624
"Gm33944",32662,1804,30858
"Gm34070",17393,308,17085
"LOC105246326",4845,1594,3251
"Slc8a1",365283,19282,346001
"LOC105246327",26161,25998,163
"Gm34131",38325,4136,34189
"Rpl31-ps25",41903,41903,0
"Gm4599",890,890,0
"Gm9390",692,692,0
"Rpsa-ps7",1024,1024,0
"Gm6594",1184,1184,0
"Gm34211",4263,508,3755
"Gm34265",183047,2231,180816
"LOC105246328",32025,763,31262
"Gm4601",6653,1185,5468
"Gm19689",44634,1543,43091
"LOC105246329",6365,3127,3238
"LOC105246330",3738,1034,2704
"Gm34686",1880,1559,321
"Pkdcc",9787,2454,7333
"Rpl21-ps7",574,574,0
"LOC105246331",4412,1807,2605
"Eml4",129431,5699,123732
"LOC105246332",16838,7898,8940
"Cox7a2l",12417,1149,11268
"LOC105246334",2750,2292,458
"LOC105246333",3225,1013,2212
"Gm34801",12191,5604,6587
"LOC105246335",3257,2042,1215
"Kcng3",46583,4318,42265
"Mta3",117553,9087,108466
"LOC105246336",1103,363,740
"Haao",16623,2571,14052
"Gm19260",342,342,0
"C430042M11Rik",3243,2141,1102
"Gm35125",10185,2081,8104
"1810073O08Rik",15885,3852,12033
"LOC105246338",2562,1857,705
"LOC105246337",6713,2028,4685
"Gm35229",3467,2182,1285
"Gm35457",6490,2793,3697
"8430430B14Rik",17358,3556,13802
"Gm35551",63960,2916,61044
"4933433H22Rik",11216,1789,9427
"Gm19696",22517,4261,18256
"LOC105246339",22987,7892,15095
"Zfp36l2",4024,3537,487
"Gm36279",31038,6815,24223
"Thada",276207,17993,258214
"LOC105246340",828,789,39
"Gm36202",4891,4801,90
"LOC105246341",27389,2958,24431
"Plekhh2",110248,7738,102510
"4930500A05Rik",105449,8392,97057
"Dync2li1",29073,1334,27739
"Abcg5",24690,2263,22427
"Abcg8",24032,3765,20267
"Lrpprc",85540,4625,80915
"Gm9400",967,967,0
"Gm29806",410,357,53
"1110020A21Rik",40529,1220,39309
"Ppm1b",67252,5227,62025
"Slc3a1",35895,2305,33590
"Prepl",27966,5005,22961
"Camkmt",367998,8950,359048
"LOC105246342",6021,5963,58
"Gm36826",1974,275,1699
"Rpl31-ps16",408,408,0
"Gm5231",1078,1078,0
"Six3os1",16465,7127,9338
"Six3",5358,3680,1678
"Six2",25520,2310,23210
"CJ186046Rik",38683,14053,24630
"LOC105246343",11118,347,10771
"LOC105246344",11031,450,10581
"Gm29418",3419,1082,2337
"LOC105246345",24453,5765,18688
"Gm30117",66427,2060,64367
"Srbd1",160552,18621,141931
"Prkce",490949,7135,483814
"LOC105246346",4718,4507,211
"2010106C02Rik",2012,657,1355
"Gm30284",19739,2581,17158
"Gm18832",741,741,0
"Epas1",79547,5352,74195
"Tmem247",5135,870,4265
"Atp6v1e2",3779,1005,2774
"LOC105246357",13136,783,12353
"Rhoq",36959,4122,32837
"Pigf",28214,1033,27181
"Cript",10248,1171,9077
"Gm30421",9916,5557,4359
"Gm5499",1971,1857,114
"Gm30510",15593,1600,13993
"Socs5",30241,5718,24523
"C330024C12Rik",2727,1396,1331
"LOC105246347",957,324,633
"Mcfd2",11505,2450,9055
"4833418N02Rik",7929,1530,6399
"Ttc7",99689,7499,92190
"LOC105246348",2783,2400,383
"LOC102632541",15362,4988,10374
"1700011E24Rik",38512,3594,34918
"Calm2",13535,1216,12319
"Gm30794",4377,1737,2640
"Gm30938",11215,2661,8554
"Gm30984",15661,1480,14181
"Epcam",15149,2061,13088
"Msh2",51157,3056,48101
"Kcnk12",52174,1952,50222
"LOC105246349",10264,1481,8783
"Rpl36-ps4",366,366,0
"Gm9405",11412,696,10716
"Msh6",15843,4263,11580
"Fbxo11",74427,4276,70151
"Gm4832",65062,3446,61616
"LOC105246350",5833,844,4989
"Gm31499",8593,3512,5081
"Gm31615",151558,6380,145178
"LOC105246351",81040,1133,79907
"1700116H05Rik",11507,2842,8665
"Foxn2",49822,6484,43338
"LOC105246352",4301,259,4042
"Ppp1r21",58244,3135,55109
"Ston1",48090,3343,44747
"LOC102639584",1683,1653,30
"Gm31704",11337,2953,8384
"LOC102634168",9981,1192,8789
"Gm31903",1034,607,427
"Gtf2a1l",49656,1696,47960
"Lhcgr",75572,5117,70455
"Gm9407",506,506,0
"Marcksl1-ps2",604,604,0
"Fshr",215724,2428,213296
"4933400B14Rik",7107,978,6129
"Gm4719",5753,801,4952
"Gm10184",1973,1973,0
"LOC105246353",17881,1107,16774
"Nrxn1",1059457,10786,1048671
"Gm32337",14232,12811,1421
"LOC102634745",822,822,0
"Gm20491",1400,1400,0
"4930480K15Rik",5934,2199,3735
"LOC102634481",12954,12858,96
"Gm9410",1251,1251,0
"Gm9411",1079,1079,0
"Gm6741",1342,1342,0
"Gm15403",6982,6982,0
"LOC105246354",13810,378,13432
"Gm19145",570,570,0
"Gm6751",1103,1103,0
"Gm21018",1188,1188,0
"Gm32465",7873,528,7345
"Adcyap1",7638,5504,2134
"Gm9665",542,542,0
"Gm6764",1570,1570,0
"Gm35943",20185,501,19684
"Gm32512",12261,419,11842
"Gm9416",651,651,0
"LOC105246355",4829,4294,535
"Mettl4",27469,7858,19611
"2700099C18Rik",25030,1275,23755
"Gm1976",74858,1912,72946
"Amd-ps7",3065,2471,594
"LOC102635273",5003,3922,1081
"Gm20939",13404,3079,10325
"Vmn1r-ps151",902,902,0
"Vmn1r-ps152",699,699,0
"Vmn1r238",921,921,0
"Crem",74002,8566,65436
"Gm6225",30448,1700,28748
"Cul2",53726,4581,49145
"Gm6235",850,850,0
"G430049J08Rik",2674,2674,0
"Bambi",8448,5040,3408
"Rpl7a-ps6",856,856,0
"Gm7378",1193,1193,0
"Gm6248",412,412,0
"Lyzl1",16405,850,15555
"Gm10557",1301,1301,0
"LOC105246358",6659,682,5977
"Gm7400",1442,1442,0
"Map3k8",22157,3149,19008
"4833419F23Rik",15399,881,14518
"Mtpap",23209,4125,19084
"Gm7411",996,996,0
"LOC105246359",20988,4897,16091
"9430020K01Rik",92080,6956,85124
"Gm5047",816,816,0
"Gm10556",38474,3906,34568
"Gm34269",6357,202,6155
"LOC105246360",42495,1478,41017
"Svil",199058,10789,188269
"Gm34326",6050,1652,4398
"Gm34541",2790,1663,1127
"Gm26682",11055,3338,7717
"LOC105242451",6789,5317,1472
"Zfp438",124936,3679,121257
"Gm34630",13069,1469,11600
"LOC105246362",5743,1596,4147
"Gm10125",100937,1509,99428
"LOC105246361",4515,4419,96
"Zeb1",183609,8038,175571
"Gm34690",9878,9828,50
"Gm34740",4086,2117,1969
"Gm34804",10163,1427,8736
"LOC105246364",11629,1743,9886
"LOC105246363",9761,4169,5592
"Arhgap12",111651,5049,106602
"Gm19240",1278,1278,0
"Kif5b",40520,6030,34490
"LOC105246365",91831,1789,90042
"Rpl27-ps3",492,492,0
"LOC102637200",309,309,0
"Epc1",80158,4651,75507
"Mir1893",83,83,0
"Gm7464",667,667,0
"4921524L21Rik",36803,3060,33743
"Gm7466",887,887,0
"Rab18",26593,3841,22752
"Mkx",69814,3201,66613
"Gm10350",2257,2257,0
"Armc4",212896,3995,208901
"Gm18581",1003,1003,0
"Gm34979",4719,4434,285
"Mpp7",278933,8558,270375
"Gm18948",595,595,0
"Fabp5l2",649,649,0
"Gm18763",9336,9336,0
"Gm2336",1117,1117,0
"Wac",60570,6078,54492
"Gm7502",829,829,0
"Gm4833",886,886,0
"Gm35031",12141,2128,10013
"Gm20147",679,679,0
"Gm5500",2593,2593,0
"Gm35180",44096,875,43221
"Gm35232",248,248,0
"LOC101055995",2955,2955,0
"Gm7523",1302,1302,0
"Gm18526",548,548,0
"Gjd4",152519,4137,148382
"Fzd8",3346,3346,0
"Ccny",137847,5946,131901
"Gm35458",6104,845,5259
"Gm7527",889,889,0
"Gm7532",1509,1509,0
"Gm7274",2785,2785,0
"Cetn1",1051,1051,0
"Gm4834",3674,3674,0
"Colec12",170348,3595,166753
"Gm17430",2361,2361,0
"Gm7497",1222,1222,0
"Gm2424",1304,1304,0
"Gm5501",834,834,0
"Thoc1",37305,4030,33275
"Usp14",36535,4448,32087
"Rock1",117392,6231,111161
"Gm2531",557,557,0
"Gm7156",825,825,0
"Gm19052",936,936,0
"Gm5686",1602,1433,169
"Greb1l",237979,10011,227968
"Gm10349",694,694,0
"Esco1",44179,4878,39301
"Snrpd1",10435,837,9598
"Gm35749",1279,1183,96
"Abhd3",62361,3885,58476
"4930563E18Rik",4973,1553,3420
"Mib1",92954,6553,86401
"LOC105246366",9216,3902,5314
"Mir133a-1",68,68,0
"Mir1b",122,122,0
"Mir1a-2",72,72,0
"Gm18764",756,756,0
"Gm35814",105464,576,104888
"Gm7575",3196,3196,0
"9130001E16Rik",4985,2679,2306
"1010001N08Rik",10531,999,9532
"Gata6",33162,4059,29103
"Gm35918",2244,1709,535
"Gm7581",790,790,0
"Rbbp8",109932,5348,104584
"Gm18713",512,512,0
"LOC105246367",3877,935,2942
"Gm6277",18290,1422,16868
"Cables1",106354,3343,103011
"Mir1901",78,78,0
"LOC105246368",1094,454,640
"Tmem241",141408,9935,131473
"LOC105246369",880,259,621
"Riok3",28518,3661,24857
"3110002H16Rik",29807,2435,27372
"Gm19293",1769,1428,341
"Npc1",46693,5209,41484
"Ankrd29",53364,3256,50108
"Gm16072",2400,2400,0
"Lama3",249291,12019,237272
"Gm36232",15704,2897,12807
"LOC105246370",4710,1759,2951
"LOC105246371",11770,9022,2748
"Ttc39c",93520,2385,91135
"Mir1948",85,85,0
"Cabyr",13845,2782,11063
"Gm7599",798,798,0
"Osbpl1a",186564,5692,180872
"LOC105246372",10026,7347,2679
"Gm5687",709,709,0
"Gm36490",6833,1713,5120
"Impact",30008,6156,23852
"Hrh4",16720,2884,13836
"Gm5240",887,887,0
"Gm36563",4777,821,3956
"Gm18083",741,741,0
"LOC105246373",22273,3207,19066
"Gm36689",8573,819,7754
"Gm36747",16185,1604,14581
"Gm36802",17607,2560,15047
"LOC105246374",54641,526,54115
"Gm36910",32785,5095,27690
"Zfp521",285775,8241,277534
"Gm29858",2612,2401,211
"Gm29911",9085,2375,6710
"8430422H06Rik",46237,1274,44963
"Gm29992",22637,1169,21468
"Gm5160",696,696,0
"Gm6457",1388,1388,0
"Ss18",57374,3180,54194
"LOC105246375",2421,993,1428
"Psma8",56167,1970,54197
"Taf4b",177224,5589,171635
"Gm21055",1853,1853,0
"4930543D07Rik",6722,2650,4072
"Gm9474",2931,2931,0
"Kctd1",182762,6982,175780
"4933424G05Rik",58993,1745,57248
"Gm6304",723,723,0
"Gm30119",5016,4436,580
"Gm2629",1165,1165,0
"LOC105246376",18960,429,18531
"A830021F12Rik",101810,2298,99512
"Gm30230",25178,2316,22862
"Aqp4",21584,6005,15579
"Gm7650",894,894,0
"Chst9",308643,2343,306300
"Gm30452",14498,728,13770
"Gm10036",594,594,0
"Gm4835",1908,1700,208
"Gm30512",11213,2901,8312
"LOC105246377",2745,1524,1221
"Gm30620",71807,4562,67245
"Gm6078",614,614,0
"Gm7665",502,502,0
"Gm30765",24770,202,24568
"Cdh2",220173,9767,210406
"Gm15328",6377,2977,3400
"Gm7670",757,757,0
"Gm18399",820,820,0
"1700001G01Rik",102052,1562,100490
"LOC105246378",7727,931,6796
"4921533I20Rik",1000,1000,0
"Gm30960",2384,295,2089
"Gm18928",1219,1219,0
"Gm31018",54963,1068,53895
"4930545E07Rik",12245,862,11383
"Gm31086",20289,331,19958
"LOC100862097",102805,1129,101676
"Gm7718",6405,6405,0
"Gm7720",471,471,0
"Dsc3",41484,5480,36004
"Dsc2",28920,4628,24292
"Dsc1",31303,5007,26296
"Dsg1c",36584,2980,33604
"Gm31237",25220,632,24588
"Dsg1a",32481,5627,26854
"Dsg1b",35346,5843,29503
"Dsg4",35647,3478,32169
"Gm5688",11415,11415,0
"Dsg3",31007,4108,26899
"Tpi-rs10",1331,1331,0
"Dsg2",46411,5729,40682
"Gm16090",66922,3287,63635
"Ttr",9077,1221,7856
"Gm10269",446,446,0
"B4galt6",61806,5808,55998
"Gm31437",3472,1927,1545
"Trappc8",79164,5839,73325
"Rnf125",42731,5516,37215
"Rnf138",26979,3232,23747
"Mep1b",27856,2286,25570
"Gm6378",504,504,0
"Garem",172798,4783,168015
"Gm7758",566,566,0
"LOC105246379",9305,1175,8130
"Gm31646",169112,4036,165076
"Gm4837",1593,1593,0
"Klhl14",122556,4734,117822
"4930426D05Rik",4543,2165,2378
"Ccdc178",360552,3568,356984
"Gm5968",864,864,0
"LOC105246380",5858,5774,84
"Asxl3",186151,23825,162326
"Nol4",348524,5549,342975
"Gm31761",21149,3711,17438
"Gm7788",223,223,0
"Dtna",349700,10019,339681
"Gm15972",1859,418,1441
"Mapre2",141529,4342,137187
"Mir6360",126,126,0
"LOC102641432",11864,4575,7289
"Zscan30",54809,7262,47547
"Rpl19-ps7",705,705,0
"Zfp397",10010,5835,4175
"Zfp35",15738,3033,12705
"Zfp191",12503,8006,4497
"Gm18084",626,626,0
"Gm18085",834,834,0
"LOC105246381",3699,1205,2494
"Ino80c",17059,2360,14699
"Galnt1",81473,4234,77239
"Gm7701",1827,1827,0
"LOC102641609",26188,8860,17328
"LOC328919",5265,3156,2109
"Gm32547",41434,5395,36039
"Mir187",61,61,0
"Gm32436",1826,1665,161
"2700062C07Rik",6897,1032,5865
"Rprd1a",45265,5021,40244
"Slc39a6",23937,3882,20055
"Elp2",34908,3247,31661
"Mocos",48402,5801,42601
"Fhod3",425052,6428,418624
"Tpgs2",41785,7394,34391
"AW554918",298318,14785,283533
"LOC105246383",3238,1675,1563
"Celf4",276543,5981,270562
"Gm32825",3025,1072,1953
"Gm32896",25142,3530,21612
"Gm33228",395290,16911,378379
"Gm7847",848,848,0
"LOC105246385",61514,2975,58539
"Gm33437",113217,1931,111286
"Gm33621",40140,1064,39076
"Gm18089",630,630,0
"Gm7874",360,360,0
"Gm7729",1882,1729,153
"Gm33674",20254,568,19686
"Gm33805",3745,1111,2634
"Gm33860",124383,1154,123229
"Gm5064",1720,1720,0
"Gm6643",2656,2656,0
"Gm34658",17238,728,16510
"4930474G06Rik",438013,2663,435350
"Gm20096",639,639,0
"BC051408",14987,1761,13226
"Gm33948",24800,749,24051
"Gm34743",1211,679,532
"4930578E11Rik",99701,2140,97561
"4930527G23Rik",23908,581,23327
"Gm34136",9840,329,9511
"Gm34182",6111,896,5215
"Gm7917",709,709,0
"LOC105246386",14753,456,14297
"Gm34327",40003,3820,36183
"Pik3c3",76033,3983,72050
"Gm7926",465,465,0
"Gm7930",1624,485,1139
"Rpl29-ps5",632,632,0
"Gm7936",531,531,0
"Gm34572",11826,1651,10175
"LOC105246495",538,538,0
"Gm20952",1430,1430,0
"Rit2",342815,1802,341013
"Gm18651",1203,1203,0
"Gm7941",1199,749,450
"LOC105246387",5762,898,4864
"Gm18886",682,682,0
"Syt4",9608,3901,5707
"Gm5241",1064,1064,0
"LOC102642358",15081,1561,13520
"Slc25a46",29735,4439,25296
"Sap130",88742,4602,84140
"Ammecr1l",24609,6405,18204
"LOC105246388",6697,3694,3003
"Polr2d",7543,1015,6528
"Wdr33",104931,8151,96780
"Gm6665",549,549,0
"LOC105246389",9321,9214,107
"Sft2d3",2810,2810,0
"Lims2",36344,2480,33864
"Gpr17",6638,5193,1445
"Myo7b",77698,6591,71107
"Gm34742",2692,1277,1415
"Gm35010",1382,395,987
"Iws1",37007,10533,26474
"LOC105246390",2228,2186,42
"Proc",16445,2012,14433
"Gm5969",1102,1102,0
"LOC102642443",7469,2343,5126
"Gm34806",8355,2012,6343
"Map3k2",73663,10791,62872
"Ercc3",29847,2706,27141
"A830052D11Rik",19228,1130,18098
"Bin1",58524,2619,55905
"Gm35060",4981,2656,2325
"Gm20136",1210,1210,0
"Gypc",33998,4465,29533
"Gm35480",6346,2430,3916
"4930455D15Rik",173646,1616,172030
"Tslp",4417,1333,3084
"Wdr36",29196,3551,25645
"Mir6361",101,101,0
"2310026I22Rik",19670,2655,17015
"Camk4",260811,12882,247929
"Stard4",14740,5434,9306
"LOC105246391",22108,1281,20827
"Gm5503",927,927,0
"Nrep",27011,2465,24546
"Gm10549",10548,2712,7836
"LOC105246392",26556,316,26240
"2410004N09Rik",1098,433,665
"Epb4.1l4a",211352,7135,204217
"Gm6052",503,503,0
"Gm35718",22224,918,21306
"Gm5238",462,462,0
"LOC105246395",10800,1211,9589
"LOC105246394",5805,2789,3016
"Gm10548",13998,2629,11369
"Apc",101884,13552,88332
"LOC105246393",3259,3165,94
"Srp19",5479,900,4579
"Reep5",28531,2898,25633
"LOC102642675",7308,2092,5216
"Pkd2l2",33638,3870,29768
"Gm17942",772,772,0
"Fam13b",82476,8705,73771
"Wnt8a",6903,2626,4277
"Nme5",16517,963,15554
"4933408B17Rik",18016,3023,14993
"Brd8",26249,6755,19494
"LOC105246396",1655,1393,262
"Kif20a",8654,3905,4749
"Cdc23",20800,4499,16301
"Gfra3",30485,1992,28493
"Cdc25c",19138,2554,16584
"Gm3550",646,646,0
"2010110K18Rik",5252,886,4366
"Fam53c",14931,4829,10102
"Kdm3b",63128,8594,54534
"Reep2",6875,1926,4949
"LOC105246397",1866,1773,93
"Egr1",3750,3072,678
"Etf1",29219,3705,25514
"Hspa9",16938,3043,13895
"Gm6724",1180,1180,0
"Gm36037",96841,853,95988
"LOC105246398",1940,859,1081
"Ctnna1",135864,4183,131681
"Lrrtm2",6022,5673,349
"Gm36091",2116,1999,117
"Sil1",232657,2484,230173
"Gm36204",6320,4605,1715
"LOC105246399",14815,416,14399
"Gm5239",471,471,0
"LOC105246400",1889,573,1316
"Snhg4",4907,1151,3756
"Mir1949",70,70,0
"Snora74a",198,198,0
"Matr3",29888,4472,25416
"Paip2",18584,2315,16269
"Slc23a1",26300,6808,19492
"Mzb1",2103,906,1197
"Prob1",4849,4849,0
"Spata24",5498,1003,4495
"Dnajc18",37319,5449,31870
"Ecscr",9640,1430,8210
"1700066B19Rik",4144,2767,1377
"Tmem173",6877,2302,4575
"LOC102638785",858,858,0
"Ube2d2a",35614,3055,32559
"Cxxc5",32770,4560,28210
"LOC105246401",5476,4291,1185
"Gm36315",2091,1983,108
"Gm36416",984,813,171
"Gm36461",6215,3532,2683
"Psd2",50835,5836,44999
"Nrg2",182290,9520,172770
"LOC105246402",15340,6537,8803
"4930471G03Rik",3752,669,3083
"LOC105246403",3040,470,2570
"Pura",11171,5370,5801
"Igip",1378,1378,0
"LOC105246404",6899,5372,1527
"LOC105246405",4325,2370,1955
"Cystm1",44747,595,44152
"Pfdn1",50817,1077,49740
"Hbegf",10879,2375,8504
"LOC105246406",3200,2035,1165
"Slc4a9",28210,3667,24543
"Ankhd1",98306,8231,90075
"Gm6542",1037,1037,0
"Eif4ebp3",2265,1151,1114
"Sra1",3125,1087,2038
"Apbb3",8213,2092,6121
"Slc35a4",4648,2931,1717
"E230025N22Rik",13014,4144,8870
"LOC105246407",9943,380,9563
"Cd14",1752,1661,91
"Tmco6",7383,1905,5478
"Ndufa2",2256,602,1654
"Ik",12984,1996,10988
"Wdr55",3970,2008,1962
"Dnd1",2544,1469,1075
"LOC105246408",1036,905,131
"Hars",16678,1989,14689
"Hars2",9331,3372,5959
"Zmat2",5738,2257,3481
"Vaultrc5",345,345,0
"Gm6756",1903,1903,0
"Pcdha1",257373,5248,252125
"Pcdha2",248457,5365,243092
"Pcdha3",241451,5230,236221
"Pcdha4-g",889226,4622,884604
"Pcdha4",234969,5322,229647
"Pcdha5",227218,5206,222012
"Pcdha6-g",874243,4626,869617
"Pcdha6",219902,5242,214660
"Pcdha7-g",868072,4596,863476
"Pcdha7",213734,5215,208519
"Gm36858",10779,3651,7128
"Pcdha8",195191,5242,189949
"Pcdha9",189778,5341,184437
"Pcdha10",182338,5242,177096
"Pcdha11",176800,5254,171546
"Gm18150",576,576,0
"Pcdha12",167428,5254,162174
"Gm19035",959,959,0
"Pcdhac1",97522,5296,92226
"Pcdhac2",43689,5422,38267
"Pcdhb1",2457,2457,0
"Pcdhb2",2775,2775,0
"Pcdhb3",3787,3787,0
"Gm18529",998,998,0
"Pcdhb4",3719,3719,0
"Pcdhb5",3533,3533,0
"Pcdhb6",2319,2319,0
"Pcdhb7",3506,3506,0
"Pcdhb8",2340,2340,0
"Pcdhb9",3055,3055,0
"Pcdhb10",2841,2841,0
"Pcdhb11",3615,3615,0
"Gm20162",2105,2105,0
"Pcdhb12",3034,3034,0
"Pcdhb13",3693,3693,0
"Pcdhb14",3438,3438,0
"Pcdhb15",2795,2795,0
"Pcdhb16",5271,5271,0
"Pcdhb17",3270,3270,0
"Pcdhb18",5039,5039,0
"Pcdhb19",4714,4714,0
"Pcdhb20",3397,3397,0
"Pcdhb21",2712,2712,0
"Pcdhb22",3067,3067,0
"Slc25a2",1346,1346,0
"Taf7",3714,3302,412
"LOC101055737",605,605,0
"LOC105246409",1791,933,858
"Pcdhga1",179926,4537,175389
"Pcdhga2",172766,4537,168229
"Pcdhga3",167539,4692,162847
"Pcdhgb1",161413,4498,156915
"Pcdhga4",156471,4534,151937
"Pcdhgb2",152014,4629,147385
"Pcdhga5",147370,4540,142830
"Pcdhga6",134642,4540,130102
"Pcdhga7",127040,4660,122380
"Pcdhgb4",121317,4480,116837
"Pcdhga8",116168,4730,111438
"Pcdhgb5",110717,4522,106195
"Pcdhga9",104928,4717,100211
"Pcdhgb6",99780,4684,95096
"Pcdhga10",94683,4534,90149
"Pcdhgb7",90092,4531,85561
"Pcdhga11",86101,4714,81387
"Pcdhgb8",80073,4618,75455
"Pcdhga12",76294,5080,71214
"Pcdhgc3",35464,4687,30777
"Pcdhgc4",26795,5024,21771
"Pcdhgc5",22328,4708,17620
"Gm29994",3148,999,2149
"Diap1",92017,6826,85191
"Mir6979",56,56,0
"Hdac3",18030,2043,15987
"Rell2",4096,2249,1847
"Fchsd1",12381,4321,8060
"Arap3",26911,5998,20913
"Mir6981",115,115,0
"Mir6980",59,59,0
"Gm30093",82168,5436,76732
"LOC105246410",20628,4063,16565
"Gm30188",25807,2534,23273
"Gm30142",1492,1294,198
"Gm30259",5376,5281,95
"LOC102641610",4938,1693,3245
"Pcdh1",26135,10546,15589
"2010320O07Rik",17052,2114,14938
"1700086O06Rik",12161,1931,10230
"0610009O20Rik",12381,2404,9977
"Pcdh12",17310,5587,11723
"Rnf14",21218,3801,17417
"Gnpda1",11457,2300,9157
"LOC105246412",1482,774,708
"Gm4949",1095,1095,0
"LOC105246413",6630,799,5831
"Gm35435",5957,776,5181
"Ndfip1",46279,1800,44479
"LOC105246414",6680,5285,1395
"Gm19100",598,598,0
"Spry4",15004,4590,10414
"LOC102632739",257,257,0
"Gm8302",916,916,0
"LOC102632661",1805,477,1328
"Fgf1",90799,5128,85671
"Gm5820",78819,2187,76632
"LOC105246416",18122,7877,10245
"Arhgap26",383318,8571,374747
"LOC105246415",2720,1578,1142
"Gm30572",5458,4171,1287
"Gm15337",13250,6664,6586
"Nr3c1",108872,8193,100679
"Gm30909",16735,982,15753
"Gm30961",19913,1059,18854
"Pabpc2",2586,2586,0
"LOC105246417",66210,568,65642
"LOC105246418",22980,1250,21730
"Yipf5",14535,2329,12206
"Gm31087",4044,202,3842
"2900055J20Rik",742,742,0
"Kctd16",272824,1365,271459
"LOC105246419",2990,1252,1738
"Gm31205",56581,586,55995
"Rps19-ps13",493,493,0
"LOC105246420",31714,200,31514
"Gm31352",41060,1014,40046
"Gm18530",1037,1037,0
"Prelid2",75499,724,74775
"LOC105246421",3500,146,3354
"Gm18371",2417,2417,0
"Grxcr2",12849,1120,11729
"Sh3rf2",106953,4872,102081
"Gm5689",366,366,0
"Plac8l1",18035,763,17272
"Gm18086",1598,1598,0
"Gm5504",626,626,0
"Lars",59841,3924,55917
"Rps19-ps4",496,496,0
"Gm4013",818,416,402
"Rbm27",66190,6431,59759
"Pou4f3",1497,1146,351
"Gm31438",35424,1432,33992
"Gm16415",559,559,0
"Gm31501",7291,3049,4242
"Gm3631",576,576,0
"Tcerg1",64720,5074,59646
"Gpr151",1633,1633,0
"C030004G16Rik",7122,3107,4015
"Ppp2r2b",414251,6246,408005
"LOC105246423",11106,9489,1617
"4933407I08Rik",61367,2130,59237
"LOC105246422",8144,362,7782
"4930572J10Rik",12685,746,11939
"Gm8181",3303,3253,50
"Stk32a",109785,3765,106020
"Gm31647",3938,468,3470
"Dpysl3",117308,6079,111229
"LOC105246424",21584,319,21265
"Gm3650",3773,1284,2489
"Eif3j2",2419,2419,0
"Jakmip2",160678,8616,152062
"Spink3",9169,422,8747
"Scgb3a2",3119,888,2231
"Gm94",15683,748,14935
"LOC105246425",25773,307,25466
"Spink5",62943,5165,57778
"Spink14",4340,566,3774
"Gm8390",607,607,0
"Spink6",12218,587,11631
"Spink12",4021,891,3130
"Gm10267",3483,345,3138
"Spinkl",10350,636,9714
"Spink11",6133,746,5387
"LOC105246426",6171,3735,2436
"Npy6r",7574,2567,5007
"LOC105246427",11802,393,11409
"Myot",21688,2249,19439
"Dcp2",44470,8643,35827
"Mcc",387123,9577,377546
"A930012L18Rik",14607,2364,12243
"Ythdc2",61977,7220,54757
"Gm31706",96328,2509,93819
"Gm6663",1708,1708,0
"Gm4839",616,616,0
"Kcnn2",417124,3909,413215
"LOC102634097",819,819,0
"Gm18652",530,530,0
"Gm31907",80029,3547,76482
"Gm32139",433,326,107
"A330093E20Rik",361774,2407,359367
"LOC105246428",16967,1429,15538
"Trim36",47308,4851,42457
"Pggt1b",45616,7519,38097
"Ccdc112",29805,2946,26859
"Gm32288",126619,6240,120379
"Gm4840",1644,1644,0
"Gm4107",69748,1064,68684
"Gm32339",8265,2012,6253
"Mospd4",883,883,0
"LOC102634956",5460,5460,0
"Fem1c",21366,2866,18500
"Ticam2",16303,3264,13039
"Gm18606",514,514,0
"Tmed7",11608,3452,8156
"Eif1a",12568,3281,9287
"LOC105246429",3737,3409,328
"Gm3734",10925,1185,9740
"Cdo1",15338,1779,13559
"Atg12",9423,2752,6671
"Ap3s1",48951,2801,46150
"4833403I15Rik",57208,5019,52189
"Gm8295",741,741,0
"Arl14epl",12411,2250,10161
"Gm3744",535,535,0
"Commd10",129211,2018,127193
"Hspe1-rs1",536,536,0
"Gm8468",790,790,0
"Sema6a",126234,7610,118624
"Gm6883",949,949,0
"9130209A04Rik",18201,676,17525
"Gm5095",180902,1523,179379
"Gm32660",31073,762,30311
"Gm5236",633,633,0
"LOC105246430",11808,678,11130
"Gm4146",28446,2156,26290
"G630055G22Rik",185140,1332,183808
"Eno1b",3045,1758,1287
"Gm5237",1731,1255,476
"LOC105246431",65671,1195,64476
"Gm5839",1224,1224,0
"Gm18993",695,695,0
"Gm32870",89068,943,88125
"Gm18837",849,849,0
"1700044K03Rik",1152,377,775
"Gm32958",11673,968,10705
"Dtwd2",59523,5579,53944
"Gm16283",5692,613,5079
"1700065O20Rik",14625,702,13923
"Dmxl1",132481,12392,120089
"Tnfaip8",113803,4121,109682
"Gm33335",12759,1281,11478
"LOC102635912",10152,7288,2864
"Hsd17b4",68070,2685,65385
"Cd63-ps",872,872,0
"Gm33376",1379,980,399
"Gm8529",932,932,0
"Fam170a",4652,1439,3213
"Hdhd1a",1044,1044,0
"Gm3815",728,728,0
"Prr16",187232,2715,184517
"LOC105246432",10629,996,9633
"Gm4950",738,738,0
"LOC105246433",18000,76,17924
"Ftmt",1461,1461,0
"Srfbp1",25067,1498,23569
"Lox",13808,4934,8874
"LOC105246434",48608,492,48116
"Gm18151",700,700,0
"Zfp474",23934,2469,21465
"1700034E13Rik",17550,564,16986
"Gykl1",1915,1915,0
"LOC105246435",20347,406,19941
"Sncaip",148125,4603,143522
"Gm8572",786,786,0
"Snx2",44574,2103,42471
"Gm1859",18494,18494,0
"Snx24",146324,5334,140990
"Gm18887",1381,1381,0
"Gm33438",2679,2679,0
"Ppic",11667,1286,10381
"LOC105246436",12292,1023,11269
"Prdm6",112275,7819,104456
"Gm19466",57268,2306,54962
"Cep120",63881,5610,58271
"Gm33623",1004,928,76
"LOC105246437",7024,225,6799
"LOC105246438",5606,191,5415
"Csnk1g3",93603,4521,89082
"Gm5507",1225,1225,0
"Gm8594",607,607,0
"LOC105246439",10551,2039,8512
"LOC105246440",2026,930,1096
"Gm33675",2107,723,1384
"Redrum",31000,2228,28772
"Gm20567",106,106,0
"LOC105246441",13659,623,13036
"9330117O12Rik",28127,1840,26287
"Gm5821",606,606,0
"Gm33732",37638,1227,36411
"Zfp608",104554,11589,92965
"LOC105246443",21011,10489,10522
"Gm4221",153509,15526,137983
"LOC105246442",15635,2910,12725
"Gm34011",4900,1039,3861
"Gm34233",41594,234,41360
"Gm34295",53995,903,53092
"LOC105246444",8627,332,8295
"LOC105246445",7071,1944,5127
"Gm34345",5002,1099,3903
"Gm8614",1172,1172,0
"Gm6942",1610,1610,0
"LOC105246446",49065,467,48598
"Gm6944",1227,1227,0
"LOC105246447",1659,289,1370
"Gm18527",523,523,0
"Gramd3",116308,3053,113255
"Gm8629",660,660,0
"LOC102637792",14850,412,14438
"Gm8642",1140,1140,0
"Aldh7a1",48218,4213,44005
"Mir1258",60,60,0
"Phax",25144,2048,23096
"Tex43",7171,1303,5868
"LOC105246449",747,619,128
"LOC105246448",1867,1794,73
"Lmnb1",45612,2843,42769
"March3",163937,4273,159664
"LOC105246452",14662,13579,1083
"LOC105246451",8879,8714,165
"LOC105246450",4881,4842,39
"Gm18087",730,730,0
"Gm34632",41361,5256,36105
"Gm10536",4259,4259,0
"C330018D20Rik",19582,2900,16682
"Gm18739",552,552,0
"LOC102238526",360,360,0
"Megf10",164378,7514,156864
"Gm18322",805,805,0
"Gm18929",2691,2691,0
"Prrc1",38224,5371,32853
"Gm19500",8495,1371,7124
"Gm34982",10014,4568,5446
"Ctxn3",10479,2189,8290
"1700066O22Rik",29331,961,28370
"1700011I03Rik",197270,5096,192174
"4930511M06Rik",7037,3432,3605
"Gm18740",804,804,0
"2210409D07Rik",6507,458,6049
"Gm19519",5830,2961,2869
"Gm35751",25494,984,24510
"Slc12a2",68309,6749,61560
"Fbn2",201304,10480,190824
"LOC105246454",5164,809,4355
"LOC105246453",6526,2697,3829
"Slc27a6",56630,2598,54032
"Isoc1",20089,2563,17526
"Adamts19",217540,10908,206632
"Gm18088",936,936,0
"A730017C20Rik",14774,2203,12571
"Gm35100",92601,3574,89027
"Chsy3",235997,3882,232115
"Gm19051",714,714,0
"Mir6355",106,106,0
"Gm8697",357,357,0
"LOC105242425",18345,687,17658
"Gm35234",9385,362,9023
"LOC105246455",11740,512,11228
"Gm18217",511,511,0
"LOC105246456",115812,191,115621
"Gm18218",783,783,0
"Gm4951",36451,3632,32819
"Gm5970",1231,1231,0
"F830016B08Rik",45832,5486,40346
"Gm4841",4967,2838,2129
"Gm8714",1230,1230,0
"Iigp1",19003,3449,15554
"Gm6960",1032,1032,0
"Smim3",44757,2417,42340
"Dctn4",32604,3797,28807
"Gm35403",14821,182,14639
"Rbm22",11944,2079,9865
"Myoz3",18000,3397,14603
"Synpo",66194,8359,57835
"G630071F17Rik",8215,3083,5132
"Ndst1",64399,8745,55654
"Rps14",3951,597,3354
"LOC105246457",2768,2768,0
"Cd74",8804,1415,7389
"Mir5107",88,88,0
"Tcof1",35248,4681,30567
"LOC105246458",6960,420,6540
"LOC105246459",5926,356,5570
"Arsi",7265,3931,3334
"Camk2a",62573,5414,57159
"Mir7220",60,60,0
"Mir6982",68,68,0
"Slc6a7",18824,8575,10249
"Cdx1",17338,1750,15588
"Pdgfrb",39919,6105,33814
"Csf1r",34332,4401,29931
"Mir6983",64,64,0
"Hmgxb3",45774,5249,40525
"Slc26a2",14743,3863,10880
"Pde6a",69671,6770,62901
"Rps2-ps10",949,949,0
"Ppargc1b",110018,11474,98544
"Mir378a",66,66,0
"LOC105246460",2299,2004,295
"Gm8755",1199,736,463
"A530050N04Rik",14383,1808,12575
"Arhgef37",43420,4763,38657
"Csnk1a1",35151,7729,27422
"LOC105246461",1143,728,415
"Gm35607",14117,2695,11422
"Gm20748",7833,601,7232
"Mir143hg",19661,1357,18304
"Mir145a",70,70,0
"Mir143",63,63,0
"Il17b",4915,1500,3415
"LOC102641163",1210,427,783
"Pcyox1l",11472,2732,8740
"Grpel2",13938,4076,9862
"Gm17883",989,989,0
"1500015A07Rik",1865,1865,0
"Afap1l1",56401,3403,52998
"LOC105246462",3063,797,2266
"Gm35919",5010,577,4433
"Ablim3",112466,4785,107681
"Gm35720",5022,731,4291
"Sh3tc2",62795,6142,56653
"Gm35778",3336,1161,2175
"Gm35887",38895,1196,37699
"LOC105246464",53171,460,52711
"LOC105246463",2017,985,1032
"Gm36003",4267,2534,1733
"Adrb2",2269,2269,0
"Gm9949",4378,1060,3318
"Gm36124",19903,2697,17206
"Htr4",175867,8559,167308
"Gm36316",35046,3246,31800
"Gm18653",637,637,0
"Fbxo38",44800,9031,35769
"Spink10",114023,5816,108207
"Gm36368",28744,6885,21859
"Spink7",3852,258,3594
"Spink13",135490,2525,132965
"LOC105246465",1457,750,707
"Gm19159",784,784,0
"Gm36598",21837,2028,19809
"2700046A07Rik",4674,2133,2541
"LOC105246466",17438,797,16641
"Apcdd1",30869,2799,28070
"Napg",21610,3774,17836
"Piezo2",377095,10947,366148
"Gm36651",18190,4042,14148
"LOC105246467",3632,454,3178
"Gm6789",1771,1771,0
"Txnl1",29559,2558,27001
"LOC105246469",14677,547,14130
"LOC105246468",3722,861,2861
"Wdr7",281066,7151,273915
"Gm19076",697,697,0
"Gm6974",656,656,0
"St8sia3os",119457,664,118793
"Prdx1-ps",578,578,0
"St8sia3",21786,6280,15506
"Rps15-ps3",492,492,0
"Onecut2",58125,13391,44734
"Gm36804",681,681,0
"Amd-ps3",1890,1890,0
"Fech",32554,2938,29616
"Nars",16911,2650,14261
"Atp8b1",132882,7666,125216
"Gm6978",872,872,0
"Gm29860",2963,232,2731
"A330084C13Rik",4017,3431,586
"Nedd4l",330071,10392,319679
"LOC105246471",4001,1197,2804
"LOC105246470",9101,8026,1075
"Gm29966",3786,2801,985
"Mir122",66,66,0
"Alpk2",128360,7250,121110
"LOC105246472",18067,837,17230
"Malt1",47920,6381,41539
"LOC105246473",12032,1876,10156
"Gm30018",9611,2658,6953
"LOC105246474",5021,973,4048
"LOC105246475",35248,202,35046
"Zfp532",109214,10485,98729
"Gm18281",5594,5594,0
"Oacyl",54255,4552,49703
"Sec11c",17162,1038,16124
"Gm30094",31416,687,30729
"Grp",13852,1393,12459
"Rax",4451,1669,2782
"Cplx4",14457,1756,12701
"Lman1",21897,3714,18183
"Ccbe1",234984,6167,228817
"LOC105246476",32156,2890,29266
"Mir694",70,70,0
"Gm15958",7350,1715,5635
"Gm20294",523,441,82
"Pmaip1",6955,2654,4301
"Gm9926",7560,4892,2668
"Gm36092",325,325,0
"LOC105246477",23234,268,22966
"Gm22219",7092,862,6230
"Gm30190",1502,240,1262
"Mc4r",2783,2783,0
"Gm19784",25200,1379,23821
"Gnal",138495,6065,132430
"Chmp1b",2529,2529,0
"Mppe1",20783,3876,16907
"Impa2",29619,1386,28233
"LOC105246478",4297,2628,1669
"Gm30321",8337,5312,3025
"B430212C06Rik",22895,2623,20272
"Cidea",24231,1164,23067
"Tubb6",12019,1744,10275
"Afg3l2",44377,4377,40000
"Slmo1",15747,3187,12560
"Spire1",122694,5745,116949
"Cep76",23940,4134,19806
"Psmg2",12586,1324,11262
"Ptpn2",59248,8551,50697
"Gm26910",2183,1735,448
"Seh1l",20690,4199,16491
"4930549G23Rik",23911,580,23331
"Cep192",85070,8472,76598
"Gm8887",1299,1299,0
"Ldlrad4",328306,10085,318221
"LOC105246479",11267,8668,2599
"Gm18149",544,544,0
"Fam210a",40150,9816,30334
"Mir7219",54,54,0
"Rnmt",24515,6629,17886
"Mc5r",5187,4119,1068
"Gm29677",167578,4437,163141
"Mc2r",22422,1860,20562
"LOC105246480",25416,1488,23928
"Gm30700",39834,843,38991
"LOC433198",8488,4078,4410
"Gm30821",118298,1520,116778
"LOC105246481",4584,448,4136
"Mir6356",102,102,0
"LOC105246482",5649,1595,4054
"4930546C10Rik",62042,2322,59720
"Gm31088",71224,914,70310
"Mir145b",75,75,0
"Gm31147",5361,1377,3984
"LOC105246483",17844,790,17054
"Gm31294",7964,2701,5263
"LOC105246484",10422,127,10295
"Gm4842",486,486,0
"Tcf4",343478,13080,330398
"Gm31439",17984,1762,16222
"Gm31502",20881,420,20461
"Gm31564",2153,898,1255
"Gm36175",8742,627,8115
"Ccdc68",44627,2005,42622
"Gm18528",991,991,0
"Rab27b",162503,7553,154950
"LOC105246485",79716,689,79027
"Dynap",4156,1227,2929
"Gm36255",9785,978,8807
"Gm31620",8077,737,7340
"LOC105246486",8840,169,8671
"4930503L19Rik",20295,3522,16773
"Stard6",32801,5869,26932
"Poli",21655,3612,18043
"Mir6357",104,104,0
"Gm31671",8421,445,7976
"Mbd2",57862,2496,55366
"Gm8934",991,991,0
"LOC105246487",1721,326,1395
"Gm18963",602,602,0
"Gm21046",1056,1056,0
"Dcc",1097619,10506,1087113
"Gm6995",679,679,0
"Gm31819",38658,4452,34206
"Gm31908",12201,2301,9900
"Gm31960",4135,534,3601
"Gm32022",9108,294,8814
"Mex3c",19994,7972,12022
"Gm32488",16349,5264,11085
"Smad4",64744,3370,61374
"LOC105246496",4279,2230,2049
"Gm32548",6266,861,5405
"Gm17943",670,670,0
"Elac1",19721,6863,12858
"Me2",50523,7724,42799
"LOC105246497",1034,1034,0
"Gm32661",34251,1983,32268
"Mro",29508,5184,24324
"Mapk4",137074,6086,130988
"D730045A05Rik",2182,1269,913
"Gm9925",3412,2147,1265
"Gm32801",13749,1291,12458
"Ska1",12520,2669,9851
"Cxxc1",5404,2673,2731
"Gm5690",695,695,0
"Mbd1",15120,6123,8997
"Cfap53",76885,2440,74445
"Gm14328",692,692,0
"LOC105246488",1638,555,1083
"Gm8986",443,443,0
"Gm8987",706,604,102
"Myo5b",330321,8348,321973
"1700120E14Rik",35447,1932,33515
"Gm33090",3256,2032,1224
"Gm33034",6271,4799,1472
"LOC105246489",1112,333,779
"Scarna17",62,62,0
"Acaa2",26996,1500,25496
"Rpl37a-ps2",347,347,0
"Gm18786",958,958,0
"Lipg",21942,4114,17828
"9030625G05Rik",8784,1047,7737
"Rpl17",4404,1039,3365
"Snord58b",55,55,0
"BC031181",4661,1674,2987
"Dym",268268,5090,263178
"LOC105246490",2251,1104,1147
"LOC102636158",5421,5421,0
"Gm8807",946,946,0
"2010010A06Rik",8670,1204,7466
"Gm20544",8564,4322,4242
"Smad7",28571,4442,24129
"LOC105246491",4134,3837,297
"Ctif",266492,6393,260099
"Gm10532",8162,2301,5861
"Gm20570",472,472,0
"1700034B16Rik",1271,721,550
"Gm33703",3284,2870,414
"Zbtb7c",328387,5247,323140
"LOC105246492",7517,4737,2780
"1700003O11Rik",2765,1880,885
"2900057B20Rik",6915,1016,5899
"Mir6358",101,101,0
"Gm9028",2445,433,2012
"LOC105246493",2575,1729,846
"Smad2",70498,9682,60816
"Gm33894",733,669,64
"LOC105246494",1809,244,1565
"Gm31875",1560,952,608
"Gm31933",21082,4510,16572
"Gm7273",543,543,0
"Skor2",54299,4149,50150
"Gm32058",7036,404,6632
"Ier3ip1",11588,1394,10194
"Hdhd2",28057,3887,24170
"Gm32107",1814,1780,34
"Katnal2",71079,3593,67486
"Gm32174",4563,3117,1446
"LOC105246498",842,756,86
"LOC102634716",975,888,87
"Pias2",90503,5619,84884
"Gm7276",1817,1817,0
"St8sia5",69604,2166,67438
"Loxhd1",160984,7909,153075
"Gm18090",1687,1687,0
"Rnf165",110269,8632,101637
"LOC105246499",6915,6881,34
"LOC105246500",5630,3299,2331
"8030462N17Rik",83002,7202,75800
"4930465K10Rik",1262,1262,0
"LOC105246501",3288,1313,1975
"Haus1",16281,1580,14701
"Atp5a1",9102,2432,6670
"F830208F22Rik",4921,4327,594
"Pstpip2",88330,2262,86068
"Epg5",98916,12055,86861
"Siglec15",14937,2794,12143
"Slc14a1",42029,3995,38034
"Gm36338",23100,3819,19281
"Slc14a2",450807,5210,445597
"Gm36418",40347,1822,38525
"Gm6133",629,629,0
"4931439C15Rik",3680,3070,610
"Setbp1",359014,9955,349059
"LOC105246504",11382,5945,5437
"LOC105246503",29497,8782,20715
"LOC105246502",2304,2304,0
"Gm18978",863,863,0
"Gm2116",1485,1485,0
"Gm20593",1347,1347,0
"Gm19062",2226,2226,0
"LOC105246522",917,816,101
"Gm5509",1230,1230,0
"Gm18910",923,923,0
"Gm5823",720,720,0
"AA684185",389,389,0
"Gm36627",246,246,0
"Gm36718",999,999,0
"Gm6172",10022,10022,0
"Pard6g",72769,3548,69221
"Adnp2",25749,5745,20004
"LOC105246505",3581,345,3236
"Gm7447",763,763,0
"LOC105246506",5942,2709,3233
"Rbfa",8356,1339,7017
"Txnl4a",19058,5624,13434
"Hsbp1l1",20533,2427,18106
"Pqlc1",37484,5096,32388
"Kcng2",70562,4393,66169
"Gm29913",4213,1019,3194
"Gm29967",16985,1851,15134
"Ctdp1",62654,4790,57864
"Gm30020",28035,1073,26962
"LOC105246507",2485,1711,774
"Gm2176",2655,1734,921
"LOC105246508",5105,1617,3488
"LOC105246509",34113,1753,32360
"Nfatc1",106867,7433,99434
"Atp9b",199937,5514,194423
"LOC105246510",2548,2513,35
"Sall3",20220,7119,13101
"LOC102641244",4394,4394,0
"Gm7503",732,732,0
"Gm30192",65455,680,64775
"Gm30288",22673,809,21864
"LOC105246511",6336,1017,5319
"Gm30454",5601,479,5122
"Gm30513",3108,1549,1559
"Gm30593",26533,1048,25485
"Mir5127",71,71,0
"Gm17383",1562,1562,0
"Galr1",14282,2871,11411
"Gm30642",2518,702,1816
"Mbp",110515,6784,103731
"Rpl21-ps8",547,547,0
"Zfp236",100035,13046,86989
"LOC105246512",15898,1088,14810
"Mir5112",60,60,0
"2210420H20Rik",4535,627,3908
"LOC105246513",3521,1326,2195
"4930445N18Rik",3266,886,2380
"Gm30889",3652,1098,2554
"Zfp516",95178,15994,79184
"4930592I03Rik",2156,987,1169
"LOC105246514",20840,3938,16902
"1700095A13Rik",4566,1232,3334
"LOC105246515",818,538,280
"Gm31089",54592,600,53992
"Gm31148",1992,527,1465
"Gm31206",4295,1727,2568
"4921531P14Rik",33093,522,32571
"LOC105246516",4663,2140,2523
"Gm31265",21918,1764,20154
"Gm31503",10204,2960,7244
"LOC105246517",8397,1283,7114
"Gm31565",2852,2075,777
"Gm7569",982,982,0
"Gm31621",3683,1256,2427
"Gm31707",15738,402,15336
"Gm31792",23161,7794,15367
"Tshz1",74936,5814,69122
"Zadh2",9880,4251,5629
"Gm31854",4490,3100,1390
"Zfp407",384154,17150,367004
"Gm31909",8962,8930,32
"Cndp1",39730,2943,36787
"Gm7289",919,919,0
"Cndp2",18238,2423,15815
"Gm2390",1134,1134,0
"Fam69c",22745,5597,17148
"LOC102641800",10761,2910,7851
"Gm17266",41629,2869,38760
"Cyb5a",28450,749,27701
"LOC105246519",11791,10732,1059
"Fbxo15",46925,3000,43925
"Timm21",4445,2709,1736
"Gm32291",1571,627,944
"Gm7612",1138,977,161
"Gm5824",1450,1450,0
"LOC101055696",770,770,0
"Neto1",111770,11081,100689
"Cbln2",7233,3266,3967
"Gm5691",916,916,0
"Gm5971",1000,1000,0
"Gm5234",1724,1724,0
"Gm5826",728,728,0
"Gm5096",1868,1868,0
"Gm32437",6215,300,5915
"Gm32489",15545,517,15028
"Gm7662",611,611,0
"LOC105246520",3420,1948,1472
"Gm6409",587,587,0
"Socs6",29182,6138,23044
"Rttn",159279,8354,150925
"Mir6359",81,81,0
"Cd226",95279,5487,89792
"Dok6",468002,996,467006
"Gm18279",65535,65535,0
"LOC105246521",49714,339,49375
"Gm6173",1256,1256,0
"Eif3s6-ps2",1459,1459,0
"Gm7674",1000,1000,0
"Gm18280",60931,60931,0
"Tmx3",33114,4611,28503
"LOC102642605",1172,1172,0
"LOC102635282",9932,4543,5389
"LOC102640308",10957,3733,7224
"LOC105246849",10716,903,9813
"1700030N03Rik",43905,395,43510
"Gm7798",1411,1411,0
"Gm2106",1550,1550,0
"Ighmbp2",23935,5562,18373
"Mrpl21",9918,2048,7870
"Mir6984",64,64,0
"Cpt1a",63410,5188,58222
"Gm36532",5360,2356,3004
"Mtl5",18967,3909,15058
"Gal",4541,699,3842
"Ppp6r3",120822,5277,115545
"LOC105246835",1164,1109,55
"Gm19205",898,898,0
"Lrp5",101740,5172,96568
"LOC105246836",1535,1486,49
"Gm36672",5793,1110,4683
"Gm36608",18540,620,17920
"1810055G02Rik",9585,2275,7310
"Gm36787",31832,2308,29524
"Gm36871",1860,1166,694
"Gm2141",616,616,0
"Suv420h1",54149,12682,41467
"Gm19209",824,824,0
"Chka",42785,7659,35126
"Tcirg1",11084,3329,7755
"Ndufs8",3912,1027,2885
"Aldh3b1",17327,1934,15393
"LOC105246837",1831,1148,683
"Gm29846",1112,953,159
"Gm29898",1354,723,631
"Unc93b1",14155,2266,11889
"1700055N04Rik",13687,2187,11500
"Aldh3b2",9338,2161,7177
"Acy3",3438,1286,2152
"Tbx10",6761,1801,4960
"Nudt8",1523,786,737
"Doc2g",3621,1397,2224
"Ndufv1",5257,1608,3649
"Gstp1",2502,744,1758
"Gstp2",1934,752,1182
"BC021614",2119,998,1121
"LOC105246838",4195,968,3227
"Rnu3b-ps1",215,215,0
"Cabp2",5872,2105,3767
"Cdk2ap2",2177,1647,530
"Pitpnm1",13968,4937,9031
"Aip",13481,2555,10926
"Tmem134",6348,1517,4831
"Cabp4",8658,2144,6514
"Gpr152",5943,3928,2015
"Coro1b",5424,1895,3529
"Ptprcap",2065,846,1219
"Rps6kb2",6592,2196,4396
"Carns1",11156,4534,6622
"LOC102631780",4389,3547,842
"Tbc1d10c",6839,1925,4914
"Ppp1ca",3246,1363,1883
"Rad9a",6444,2084,4360
"Gm30082",1535,1056,479
"LOC102631992",47891,1642,46249
"Clcf1",8224,818,7406
"Pold4",1736,913,823
"Ssh3",8609,3919,4690
"Mir6985",61,61,0
"Ankrd13d",13303,2496,10807
"Adrbk1",20224,3451,16773
"Kdm2a",82137,8009,74128
"9430078G10Rik",2071,1233,838
"Rhod",13976,1496,12480
"A930001C03Rik",9003,1193,7810
"Syt12",31236,3277,27959
"2010003K11Rik",1796,1167,629
"Pcx",111281,4385,106896
"Lrfn4",3884,2919,965
"Rce1",3067,1446,1621
"Mir6986",58,58,0
"Gm960",73036,3451,69585
"Sptbn2",41138,8825,32313
"LOC105246839",7196,751,6445
"Rbm4b",10795,7402,3393
"LOC105246840",6738,3961,2777
"Gm19103",626,626,0
"Rbm14-rbm4",27342,2843,24499
"Rbm4",9717,2718,6999
"Gm30496",5153,4980,173
"Rbm14",11069,3168,7901
"Ccs",13962,1068,12894
"Ccdc87",3163,3163,0
"Ctsf",5784,1975,3809
"Actn3",16694,2887,13807
"Zdhhc24",6730,2562,4168
"Bbs1",19750,5787,13963
"Dpp3",21059,2788,18271
"Peli3",13411,4110,9301
"Mrpl11",4844,3060,1784
"Npas4",17573,7483,10090
"LOC105246841",2647,1324,1323
"Slc29a2",8566,3240,5326
"Gm30581",916,736,180
"B4gat1",2309,2035,274
"Brms1",8682,1857,6825
"Rin1",7063,5008,2055
"Cd248",2563,2563,0
"Gm30627",1291,748,543
"Tmem151a",6141,3945,2196
"Yif1a",4342,1493,2849
"Cnih2",5654,1369,4285
"Rab1b",7790,1835,5955
"Klc2",10825,3216,7609
"Gm30840",13977,869,13108
"Gm5242",1233,1233,0
"Pacs1",139618,4540,135078
"Sf3b2",21536,3234,18302
"Gal3st3",10409,2422,7987
"LOC105246843",1125,339,786
"Gm7074",921,921,0
"Catsper1",8680,2328,6352
"Cst6",4870,3951,919
"Banf1",2244,1226,1018
"Eif1ad",4699,2469,2230
"Sart1",11898,5824,6074
"D330050I16Rik",1734,1734,0
"Tsga10ip",12488,1796,10692
"4930481A15Rik",16033,2165,13868
"LOC102633050",441,441,0
"Drap1",2176,1020,1156
"AI837181",2174,1546,628
"Gm25432",872,872,0
"Gm31070",287,287,0
"Fosl1",8241,1705,6536
"Ccdc85b",4401,4401,0
"Fibp",4452,1246,3206
"Ctsw",5148,3158,1990
"Efemp2",7895,2332,5563
"Mus81",5574,2176,3398
"Cfl1",3577,1184,2393
"Snx32",15421,2183,13238
"1700020D05Rik",1021,1021,0
"Gm31166",39592,3019,36573
"Ovol1",11439,3723,7716
"Ap5b1",11013,3259,7754
"LOC105246844",3897,897,3000
"Rnaseh2c",1087,646,441
"Kat5",7219,2701,4518
"Rela",10691,2917,7774
"Sipa1",12763,4140,8623
"Pcnxl3",24274,7303,16971
"Mir6987",73,73,0
"Map3k11",14126,4131,9995
"LOC105243849",1925,827,1098
"Kcnk7",2930,1818,1112
"Ehbp1l1",19063,6620,12443
"Fam89b",1580,1212,368
"Sssca1",1427,701,726
"Ltbp3",17629,5480,12149
"Scyl1",12988,2675,10313
"Malat1",6982,6982,0
"LOC105246845",4393,4298,95
"Neat1",3177,3177,0
"Frmd8os",5796,3399,2397
"Frmd8",24297,3242,21055
"Slc25a45",7964,2557,5407
"Tigd3",4029,3177,852
"Dpf2",16356,3356,13000
"LOC105246846",1864,400,1464
"Cdc42ep2",7261,1491,5770
"Pola2",23670,4171,19499
"Slc22a20",16320,2307,14013
"Gm31719",8079,2403,5676
"Capn1",27281,3191,24090
"Gm10814",5840,1966,3874
"Gm19505",869,869,0
"Gm8034",456,456,0
"Syvn1",8689,5202,3487
"Mir6988",59,59,0
"Mrpl49",4122,1722,2400
"Fau",1637,815,822
"Znhit2",1262,1262,0
"Tm7sf2",5030,1479,3551
"Vps51",9346,2631,6715
"Zfpl1",7574,1585,5989
"BC048609",2922,2711,211
"Cdca5",6677,1906,4771
"Gm550",4513,2112,2401
"Naaladl1",9758,2238,7520
"Sac3d1",2583,1374,1209
"Snx15",14385,2175,12210
"Gm31978",1938,722,1216
"Arl2",6749,869,5880
"Gm5510",1047,1047,0
"Batf2",8085,2053,6032
"1700123I01Rik",50806,3678,47128
"Gpha2",1368,588,780
"Ppp2r5b",8074,2708,5366
"Atg2a",20639,6380,14259
"Mir194-2",86,86,0
"Mir192",89,89,0
"LOC105246847",7814,2561,5253
"Ehd1",23201,3182,20019
"Gm32042",7073,2044,5029
"Cdc42bpg",19199,6097,13102
"Men1",5916,3040,2876
"Map4k2",14504,4818,9686
"Mir6989",65,65,0
"LOC102634533",8664,1522,7142
"Sf1",14349,4365,9984
"Pygm",14031,2844,11187
"Rasgrp2",15933,5865,10068
"LOC105246848",9260,618,8642
"Nrxn2",114480,6660,107820
"Slc22a12",7217,2255,4962
"Gm32245",11401,1949,9452
"Hmgb1-ps4",1239,1239,0
"Rps6ka4",11966,3554,8412
"Mir5046",59,59,0
"Ccdc88b",13706,5207,8499
"LOC105246526",2841,580,2261
"Prdx5",2827,688,2139
"Trmt112",1331,1034,297
"Esrra",11072,2482,8590
"Mir6990",91,91,0
"Tex40",2955,781,2174
"Kcnk4",9711,3805,5906
"Gpr137",4389,3096,1293
"Bad",10045,1521,8524
"Gm19053",550,550,0
"Plcb3",20631,4547,16084
"LOC105246527",5878,2289,3589
"Ppp1r14b",2277,919,1358
"Fkbp2",2763,1315,1448
"LOC105246528",3653,712,2941
"Vegfb",5180,1282,3898
"Dnajc4",4786,1451,3335
"Gm35838",373,291,82
"Nudt22",3097,1077,2020
"Trpt1",2918,1146,1772
"Fermt3",20512,2590,17922
"Stip1",19331,2173,17158
"Macrod1",141348,2401,138947
"5730409K12Rik",3584,3584,0
"Flrt1",78567,14086,64481
"LOC102642633",8005,4799,3206
"Otub1",8079,1677,6402
"Cox8a",2459,545,1914
"Naa40",15555,3275,12280
"Rcor2",7896,2940,4956
"Mark2",66472,6519,59953
"LOC102639888",7398,1543,5855
"AI846148",26564,3736,22828
"1700105P06Rik",559,559,0
"Rab11b-ps2",1732,1732,0
"Gm18842",598,598,0
"2700081O15Rik",8280,5169,3111
"Mir6991",70,70,0
"Rtn3",57397,5038,52359
"Atl3",44794,6923,37871
"Pla2g16",31112,3831,27281
"Lgals12",13811,3050,10761
"Hrasls5",26670,1044,25626
"Gm16437",878,878,0
"Slc22a19",38657,2405,36252
"Gm15967",1115,1115,0
"Gm15968",1225,1225,0
"Gm8157",492,492,0
"Gm18544",584,584,0
"Slc22a26",20688,2007,18681
"LOC100534290",42373,42373,0
"Slc22a27",102208,2720,99488
"Gm6192",1365,1365,0
"Gm6386",2605,2605,0
"9530053H05Rik",14649,2790,11859
"Slc22a28",69774,2130,67644
"Slc22a29",93352,2668,90684
"LOC105246529",38338,1193,37145
"Gm7105",1725,1725,0
"Gm8184",2608,2608,0
"Slc22a30",69741,4282,65459
"LOC100534389",64528,64528,0
"Gm6425",1082,1082,0
"Slc22a8",20582,4203,16379
"Gm36394",10634,3476,7158
"Slc22a6",10304,4026,6278
"9830166K06Rik",11540,2745,8795
"Chrm1",19602,6290,13312
"Slc3a2",16488,2996,13492
"Snhg1",2840,476,2364
"Snord22",126,126,0
"Wdr74",4826,1244,3582
"1700092M07Rik",508,380,128
"Stx5a",14219,2479,11740
"Mir6992",109,109,0
"LOC102640359",1917,1768,149
"Nxf1",13808,4049,9759
"Tmem223",1480,748,732
"Tmem179b",1946,848,1098
"Taf6l",12064,2499,9565
"Gm2518",2478,2478,0
"Polr2g",5429,868,4561
"Zbtb3",2632,2357,275
"Ttc9c",10715,3965,6750
"Hnrnpul2",14742,5726,9016
"Gng3",2318,1699,619
"Bscl2",11217,2569,8648
"Lrrn4cl",3721,3179,542
"Ubxn1",4155,1175,2980
"Uqcc3",920,831,89
"Lbhd1",6882,1150,5732
"5730408K05Rik",384,384,0
"Mir5136",76,76,0
"1810009A15Rik",1877,813,1064
"Ints5",4904,3294,1610
"Ganab",18686,4173,14513
"Gm36629",2906,1653,1253
"B3gat3",6844,1584,5260
"Rom1",1975,1526,449
"Eml3",11889,3180,8709
"LOC102640526",4183,630,3553
"Mta2",10381,3087,7294
"Tut1",12361,2750,9611
"Eef1g",11140,1565,9575
"Ahnak",87811,19788,68023
"Scgb1a1",4315,468,3847
"LOC105246530",2949,444,2505
"Asrgl1",23848,2274,21574
"LOC102643088",1795,252,1543
"Gm6252",1173,1173,0
"LOC105246531",7034,2110,4924
"Pcna-ps2",1258,1258,0
"Scgb2a2",198018,342,197676
"Stxbp3b",1643,1007,636
"Gm6445",1419,1419,0
"LOC102639117",4612,472,4140
"Incenp",27250,3304,23946
"Gm19054",693,693,0
"Gm36913",23119,1262,21857
"LOC105246532",1485,1045,440
"Fth1",4512,1511,3001
"Best1",16646,2269,14377
"Rab3il1",36707,4276,32431
"Fads3",18817,4118,14699
"Gm29917",1677,1435,242
"Fads2",37340,1508,35832
"Fads1",13987,3534,10453
"Mir6993",65,65,0
"Fen1",5056,2395,2661
"Tmem258",3623,510,3113
"Myrf",32511,5946,26565
"Dagla",59698,6052,53646
"Gm30042",15207,14584,623
"Gm30263",4213,1081,3132
"Syt7",64280,7494,56786
"Lrrc10b",2077,2077,0
"Ppp1r32",17218,1980,15238
"Sdhaf2",24698,3097,21601
"LOC105246533",1272,1229,43
"Cpsf7",22492,4757,17735
"Tmem216",16978,1865,15113
"LOC105246534",7893,708,7185
"Tmem138",6909,2124,4785
"Cyb561a3",18131,3660,14471
"Dak",13286,3006,10280
"Ddb1",24255,4257,19998
"Vwce",30982,3544,27438
"4930524O05Rik",2360,592,1768
"Pga5",9115,1416,7699
"2210404E10Rik",1934,1753,181
"Vps37c",25900,3733,22167
"LOC105246535",8543,7264,1279
"Cd5",20920,2157,18763
"A430093F15Rik",45097,2115,42982
"Cd6",40721,3035,37686
"Slc15a3",15372,2345,13027
"Tmem132a",12107,3648,8459
"Tmem109",11087,2526,8561
"Prpf19",14329,6333,7996
"Zp1",6306,1925,4381
"Ptgdr2",14651,3679,10972
"Ccdc86",7786,3003,4783
"Ms4a10",12437,1070,11367
"Ms4a15",15004,1851,13153
"Ms4a18",21003,1449,19554
"Gm28347",418,282,136
"AW112010",2955,775,2180
"Ms4a8a",13633,1082,12551
"Gm336",1482,1482,0
"1700017D01Rik",34075,1919,32156
"Gm6501",1081,1081,0
"1700025F22Rik",25967,1331,24636
"Ms4a13",27338,1407,25931
"4930526L06Rik",103068,1020,102048
"Ms4a12",17531,972,16559
"Ms4a1",15549,2057,13492
"Ms4a5",10030,1149,8881
"Ms4a14",14610,4474,10136
"Ms4a7",15108,1716,13392
"Ms4a4a",17428,996,16432
"Gm5692",853,853,0
"Ms4a4c",22530,1804,20726
"Gm5511",801,801,0
"Ms4a4b",19992,1259,18733
"Ms4a6c",18029,7167,10862
"BE692007",4956,1416,3540
"Gm8369",20823,2379,18444
"Ms4a6b",11929,1850,10079
"Ms4a4d",21618,1464,20154
"LOC101055836",1543,370,1173
"Ms4a6d",18199,1371,16828
"Ms4a2",8518,2933,5585
"Ms4a3",11353,1009,10344
"Oosp2",14327,779,13548
"Oosp1",23592,873,22719
"Oosp3",14804,807,13997
"Gm19224",511,511,0
"Gif",15905,1548,14357
"Mrpl16",4542,1134,3408
"Stx3",45305,7115,38190
"LOC105246536",5453,5236,217
"Olfr1417",948,948,0
"Olfr1418",957,957,0
"Olfr1419",1032,1032,0
"Gm6365",2024,2024,0
"Gm31092",16710,431,16279
"Olfr1420",930,930,0
"Patl1",32698,4295,28403
"Mir6994",73,73,0
"Osbp",28271,7850,20421
"Gm31151",8289,2001,6288
"Olfr1421-ps1",209,209,0
"Olfr1422-ps1",709,709,0
"Olfr1423",933,933,0
"Olfr1424",942,942,0
"Olfr1425",936,936,0
"Olfr1426",4238,1673,2565
"Olfr1427",936,936,0
"Olfr1428",13496,1369,12127
"Olfr76",954,954,0
"Olfr1555-ps1",417,417,0
"Olfr1430-ps1",914,914,0
"Olfr1431",939,939,0
"Olfr1432",1044,1044,0
"Olfr262",939,939,0
"Olfr235",939,939,0
"Gm17802",1777,1777,0
"Olfr1434",4135,1076,3059
"Olfr1435-ps1",448,448,0
"Olfr1436",948,948,0
"Olfr1437",3180,1036,2144
"Olfr1438-ps1",960,960,0
"Olfr1439-ps1",648,648,0
"Olfr1440",7909,1087,6822
"Olfr1441",957,957,0
"Pfpl",4206,3918,288
"Mpeg1",4577,4406,171
"Dtx4",35873,5976,29897
"Gm31208",6154,1856,4298
"Gm6545",1757,1757,0
"Gm16274",649,649,0
"Fam111a",16695,3722,12973
"A330040F15Rik",10699,1106,9593
"Gm4952",27633,1609,26024
"Glyat",18430,1310,17120
"Olfr1442",4224,1168,3056
"Olfr1443",5686,4343,1343
"Keg1",24113,1672,22441
"Gm18543",722,722,0
"Zfp91Cntf",32596,3350,29246
"Cntf",2105,1205,900
"Zfp91",29185,5609,23576
"Lpxn",37611,1774,35837
"Gm5244",445,445,0
"Olfr1444",5345,1059,4286
"Olfr1445",945,945,0
"Olfr1446",927,927,0
"Olfr1447",2923,1202,1721
"Gm5512",1763,1763,0
"Olfr1448",945,945,0
"Olfr1449",945,945,0
"Olfr1450",978,978,0
"Olfr1451",4732,1026,3706
"Gm19132",965,965,0
"Olfr1452-ps1",922,922,0
"Olfr1453",924,924,0
"Olfr1454",924,924,0
"Olfr1455-ps1",774,774,0
"Olfr1456-ps1",699,699,0
"Olfr1457",954,954,0
"Olfr1458",4315,1046,3269
"Olfr1459",924,924,0
"Olfr1460-ps1",1126,1126,0
"Olfr1461",2857,1207,1650
"Olfr1462",5859,1241,4618
"Olfr1463",933,933,0
"Olfr1464-ps1",923,923,0
"Olfr1465",924,924,0
"Olfr1466",3885,1155,2730
"Olfr1467",927,927,0
"Olfr1468-ps1",922,922,0
"Olfr1469",930,930,0
"Olfr1470-ps1",941,941,0
"Olfr1471",945,945,0
"Olfr1472",945,945,0
"Olfr1473-ps1",955,955,0
"Olfr1474",945,945,0
"Olfr1475",945,945,0
"Olfr1476-ps1",433,433,0
"Olfr1477",2747,1100,1647
"Olfr1478-ps1",298,298,0
"Olfr1479-ps1",499,499,0
"Gm3188",1459,1459,0
"Olfr1480",2699,1209,1490
"Olfr1481-ps1",336,336,0
"Olfr1482-ps1",153,153,0
"Olfr1483-ps1",421,421,0
"Olfr1484",2865,1385,1480
"Olfr1485-ps1",361,361,0
"Olfr1486-ps1",372,372,0
"Gm9538",1046,1046,0
"Olfr1487",948,948,0
"Olfr1488-ps1",320,320,0
"Olfr1489",942,942,0
"Olfr1490",951,951,0
"Olfr1491",960,960,0
"Olfr1492-ps1",830,830,0
"Olfr1493-ps1",990,990,0
"Olfr1494",948,948,0
"Olfr1495",960,960,0
"Olfr1496",1067,1067,0
"Gm19218",550,550,0
"Olfr1497",945,945,0
"Olfr1498-ps1",946,946,0
"Olfr1499",945,945,0
"Olfr1500",936,936,0
"Olfr1501",948,948,0
"Olfr1502",951,951,0
"Olfr1503-ps1",803,803,0
"Olfr1504",10668,1173,9495
"Olfr1505",951,951,0
"Vmn2r-ps135",726,726,0
"Gm31331",6485,743,5742
"Gm8630",38464,1783,36681
"Tle4",150112,4969,145143
"Gm31441",2536,1809,727
"Gm5513",1781,1781,0
"Gm7159",713,713,0
"Pomc-ps1",536,536,0
"Gm19297",709,709,0
"Gm31594",32971,1136,31835
"Gm31733",13334,1886,11448
"Psat1",19937,2491,17446
"Cep78",29249,2671,26578
"C130060C02Rik",25838,1157,24681
"Rpl37-ps1",265,265,0
"Gm32026",26479,1076,25403
"Gnaq",254623,5634,248989
"E030024N20Rik",6361,6361,0
"Gm10819",1204,1204,0
"Gm17068",1196,1196,0
"Mir496b",113,113,0
"Gm19312",964,964,0
"Gna14",175152,3383,171769
"Gm8222",14016,14016,0
"LOC105246537",2331,523,1808
"Vps13a",168946,17560,151386
"Gm32256",542,542,0
"Foxb2",1515,1515,0
"Gm32341",5466,525,4941
"Prune2",268289,15749,252540
"Gcnt1",46704,4932,41772
"Rfk",7307,2482,4825
"Pcsk5",404801,9657,395144
"LOC105246539",19900,1413,18487
"LOC105246538",7310,1886,5424
"Gm17819",759,759,0
"Eef1a1-ps1",2057,1745,312
"Gm18610",630,630,0
"Rpl29-ps6",596,596,0
"Ostf1",51450,1714,49736
"Nmrk1",20176,2119,18057
"2410127L17Rik",35939,4309,31630
"Gm32395",2055,2055,0
"D030056L22Rik",5581,2022,3559
"Trpm6",162339,7998,154341
"LOC105246540",12799,876,11923
"Rorb",180588,9453,171135
"LOC105246541",35103,353,34750
"Gm32469",158115,592,157523
"Gm3728",22747,537,22210
"Gm32629",159764,655,159109
"Anxa1",17238,1395,15843
"1500015L24Rik",17498,778,16720
"Gm32689",10611,787,9824
"LOC105246542",3639,890,2749
"E030003E18Rik",63696,1085,62611
"C730002L08Rik",17804,2917,14887
"Gm6684",914,914,0
"Aldh1a1",41481,2032,39449
"Aldh1a7",34604,2060,32544
"Tmc1",253695,4443,249252
"Gm32750",12771,2707,10064
"LOC105246543",5380,2180,3200
"4930554I06Rik",829,589,240
"Gm3775",4554,2506,2048
"Gm32979",7920,3685,4235
"LOC105242408",45620,2617,43003
"Zfand5",15562,8090,7472
"Gda",81355,5417,75938
"LOC102636055",18420,6977,11443
"1110059E24Rik",55479,1428,54051
"Abhd17b",32330,2569,29761
"LOC105246544",18514,2286,16228
"Tmem2",80930,7006,73924
"Gm18951",1141,1141,0
"Gm5514",1285,1285,0
"LOC105246545",28824,1491,27333
"Trpm3",851717,12115,839602
"Gm33755",2749,2749,0
"Gm33705",631,234,397
"LOC102641617",11877,2740,9137
"Nsa2-ps1",2647,2647,0
"Gm33649",7409,5796,1613
"LOC105246546",10552,6624,3928
"Mir204",68,68,0
"C330002G04Rik",79017,4113,74904
"LOC102636896",2617,2213,404
"Klf9",25686,3263,22423
"Mir1192",121,121,0
"Smc5",67468,5879,61589
"Gm33950",435,217,218
"LOC105246547",9990,1134,8856
"Mamdc2",145892,3660,142232
"Gm34012",26289,228,26061
"1700028P14Rik",94053,868,93185
"LOC102638448",618,618,0
"Gm6563",925,925,0
"Ptar1",36195,4740,31455
"Apba1",190723,6633,184090
"Gm34076",12425,3178,9247
"Fam189a2",58524,3680,54844
"LOC105246548",805,458,347
"LOC105246549",2775,591,2184
"LOC105246550",9835,785,9050
"Tjp2",130627,5605,125022
"Fxn",19134,1095,18039
"Gm8789",1909,1756,153
"Pip5k1b",261034,2704,258330
"LOC102637283",16906,3269,13637
"Fam122a",1696,1696,0
"LOC105246551",7876,2493,5383
"Tmem252",5654,2462,3192
"Pgm5",183582,7981,175601
"Gm17800",1159,1159,0
"LOC102641855",6465,2225,4240
"Gm10053",1190,1190,0
"Foxd4",2345,2345,0
"LOC105246552",3951,436,3515
"Cbwd1",41701,2011,39690
"Mir3084",69,69,0
"Dock8",202922,8237,194685
"Gm3873",473,473,0
"Gm34235",4539,1315,3224
"Gm34186",2647,1314,1333
"Kank1",197767,6389,191378
"Gm34432",838,838,0
"Gm5249",2884,713,2171
"Dmrt1",98711,3609,95102
"Dmrt3",13675,2499,11176
"2610016A17Rik",1106,474,632
"Dmrt2",6623,2460,4163
"Gm34516",171489,2058,169431
"Gm8825",1214,1214,0
"Gm34713",44718,618,44100
"1700048O14Rik",15897,1163,14734
"Gm34808",26770,4279,22491
"LOC105246554",18357,4222,14135
"Smarca2",173233,7335,165898
"Gm20616",2662,2120,542
"LOC105246553",2790,1537,1253
"4931403E22Rik",55107,668,54439
"Gm18380",1180,1180,0
"Gm815",2723,618,2105
"Gm35438",214748,4670,210078
"Vldlr",37743,10146,27597
"Gm35268",9098,1263,7835
"Kcnv2",15120,5636,9484
"Gm35554",11685,1634,10051
"D19Bwg1357e",41119,3536,37583
"C030016D13Rik",2595,2595,0
"Gm35697",6349,760,5589
"Rfx3",249981,11784,238197
"Gm17894",837,837,0
"Gm5517",699,699,0
"Gm35781",456,456,0
"Glis3",417899,5180,412719
"Gm35866",3274,3045,229
"D930032P07Rik",41804,1314,40490
"Rps15a-ps2",446,446,0
"Gm35922",28153,757,27396
"Gm6788",675,675,0
"Slc1a1",78795,3708,75087
"4430402I18Rik",125361,7988,117373
"Gm5822",1755,1755,0
"Ppapdc2",2882,2882,0
"Gm3621",771,771,0
"Gm4844",1084,1084,0
"Cdc37l1",36358,11656,24702
"Ak3",53293,3782,49511
"Gm10136",533,533,0
"1700018L02Rik",1247,1247,0
"Gm9895",2203,664,1539
"Rcl1",42477,2329,40148
"Mir101b",97,97,0
"Gm5518",1263,1263,0
"LOC105246555",4647,4403,244
"Jak2",61305,7853,53452
"Insl6",3965,660,3305
"Rln1",2916,697,2219
"Plgrkt",13287,1118,12169
"Cd274",20658,3639,17019
"Gm36043",3370,587,2783
"Pdcd1lg2",66688,3479,63209
"LOC105246556",13147,1220,11927
"A930007I19Rik",18325,2317,16008
"Ric1",83640,6282,77358
"Ermp1",38602,5461,33141
"Gm36126",2062,1466,596
"Mlana",10900,712,10188
"9930021J03Rik",91705,8245,83460
"Ranbp6",4867,4867,0
"LOC105246558",88881,2066,86815
"Gm36209",7241,177,7064
"LOC105246557",2533,1860,673
"Il33",35602,2898,32704
"Trpd52l3",2231,2231,0
"Uhrf2",63297,3626,59671
"LOC105246559",1675,1376,299
"Gm36258",4585,4268,317
"Gldc",77001,3785,73216
"Rpl31-ps20",411,411,0
"Mbl2",6781,1124,5657
"Gm36006",3680,486,3194
"Gm36319",23863,419,23444
"Gm17885",516,516,0
"Ppp1r2-ps3",804,804,0
"Dkk1",3621,2245,1376
"Prkg1",1200818,7506,1193312
"Gm19023",519,519,0
"Gm6642",583,583,0
"Cstf2t",3752,3752,0
"LOC105246560",8789,1124,7665
"8430431K14Rik",2854,2854,0
"A1cf",83611,6793,76818
"Gm19241",1273,1273,0
"Asah2",125637,7580,118057
"Gm8943",1592,1592,0
"Sgms1",266979,5963,261016
"2700046G09Rik",1969,1641,328
"LOC102642581",391,391,0
"Gm9563",747,747,0
"Rpl9-ps6",704,704,0
"Minpp1",29602,2619,26983
"Gm36419",19701,1116,18585
"Papss2",71546,3889,67657
"Gm36492",1722,1722,0
"Atad1",67209,3044,64165
"Gm36566",2690,2687,3
"Pten",68584,9284,59300
"Gm36655",4604,4526,78
"Gm36774",5664,3214,2450
"Gm36914",16173,1150,15023
"Gm36860",14323,4877,9446
"LOC105246561",35458,2739,32719
"Gm29863",16381,958,15423
"Gm29946",10943,1395,9548
"Rnls",254552,1630,252922
"Mir3970",90,90,0
"Gm17842",1055,1055,0
"Gm29998",27899,820,27079
"Gm7237",12702,2591,10111
"LOC102631943",186,186,0
"Gm8975",8993,674,8319
"Lipo4",18722,1292,17430
"Lipo1",36013,3728,32285
"Gm8978",11521,1200,10321
"LOC102632180",198,198,0
"Gm8980",15220,1245,13975
"Gm18293",598,598,0
"LOC101055671",41963,2515,39448
"Gm5097",10919,1200,9719
"Gm5519",3815,2164,1651
"LOC105246620",19028,1248,17780
"Lipf",57373,1521,55852
"Lipk",39650,2302,37348
"Gm31300",2006,225,1781
"Lipn",18889,2830,16059
"Lipm",21745,2701,19044
"Ankrd22",43493,1754,41739
"Stambpl1",48468,4067,44401
"Acta2",15250,2834,12416
"Gm31355",21590,652,20938
"Fas",37117,1964,35153
"Ch25h",1353,1353,0
"Lipa",35159,2971,32188
"Gm31417",1442,388,1054
"Ifit2",25986,4415,21571
"Ifit3",5841,2658,3183
"Gm14446",70113,3106,67007
"I830012O16Rik",5871,2246,3625
"2010002M12Rik",23693,3365,20328
"Gm17876",923,923,0
"Ifit1",9121,2638,6483
"Slc16a12",79869,5375,74494
"Gm18425",903,903,0
"Pank1",75299,10429,64870
"Mir107",87,87,0
"Kif20b",53413,5941,47472
"Mir1950",74,74,0
"Gm5248",719,719,0
"Gm31568",4717,622,4095
"LOC105246562",54813,2194,52619
"A830019P07Rik",89514,2671,86843
"Gm17926",694,694,0
"Htr7",99872,4081,95791
"Rpp30",21085,1183,19902
"Ankrd1",7880,1765,6115
"Gm32081",37116,490,36626
"Gm32027",47975,1950,46025
"LOC105246564",10691,1372,9319
"Gm19160",888,888,0
"Pcgf5",112887,7274,105613
"Gm9042",1808,1808,0
"Gm32143",4880,1820,3060
"LOC105246565",989,872,117
"Hectd2",67167,4996,62171
"1500017E21Rik",70062,2662,67400
"Ppp1r3c",4874,2676,2198
"Tnks2",59258,7885,51373
"LOC105246566",649,591,58
"Fgfbp3",2050,1756,294
"Btaf1",87979,8513,79466
"Cpeb3",188279,9490,178789
"A330032B11Rik",22699,1919,20780
"March5",16913,5286,11627
"Gm9056",958,958,0
"4931408D14Rik",5673,3243,2430
"Ide",65804,4976,60828
"Rpl10-ps6",745,745,0
"LOC105246567",2414,1603,811
"Kif11",45457,4819,40638
"Gm8663",1157,1157,0
"Hhex",5891,1771,4120
"1700122C19Rik",6777,1002,5775
"Gm32294",2366,1001,1365
"Exoc6",163179,3914,159265
"LOC105246569",1211,1074,137
"LOC105246568",5570,1009,4561
"Gm32342",19482,2886,16596
"Cyp26c1",7628,1557,6071
"Cyp26a1",3729,1781,1948
"Gm9066",567,567,0
"Gm9067",1507,1507,0
"Gm4757",1990,1990,0
"Myof",144542,7190,137352
"LOC105246570",9538,5648,3890
"Cep55",19445,2833,16612
"Ffar4",17185,1393,15792
"Rbp4",8702,1297,7405
"Gm32440",9718,2874,6844
"Pde6c",51175,4685,46490
"Fra10ac1",36037,1643,34394
"Gm32574",2958,566,2392
"Gm32491",5358,1984,3374
"Gm32771",8031,2353,5678
"Lgi1",44158,4259,39899
"LOC105246571",16002,1514,14488
"Gm32960",1444,1174,270
"Gm33036",6934,2004,4930
"LOC105246572",1924,1620,304
"Gm18936",562,562,0
"Slc35g1",9628,3471,6157
"Plce1",303992,10871,293121
"Gm8717",995,995,0
"Noc3l",31143,4010,27133
"Tbc1d12",83345,4651,78694
"Hells",39481,5482,33999
"Cyp2c52-ps",26966,26966,0
"Cyp2c55",35750,2070,33680
"Gm3875",2195,2195,0
"Cyp2c65",32943,1941,31002
"Cyp2c66",72859,1630,71229
"Cyp2c53-ps",45484,1443,44041
"Cyp2c29",43670,1827,41843
"Cyp2c72-ps",12663,12663,0
"Cyp2c38",73534,2924,70610
"Cyp2c39",57708,1857,55851
"Cyp2c67",40240,1762,38478
"Cyp2c68",52266,1826,50440
"Cyp2c40",45742,1801,43941
"Cyp2c69",44110,1770,42340
"Cyp2c71-ps",24818,24818,0
"Cyp2c37",19820,1824,17996
"Cyp2c54",35906,1804,34102
"Cyp2c50",24277,2932,21345
"Cyp2c70",33926,1709,32217
"Gm5827",4426,4426,0
"Gm16470",1212,1212,0
"Pdlim1",49378,1505,47873
"LOC105246573",2754,204,2550
"Gm5693",4210,859,3351
"Sorbs1",221837,13574,208263
"A930028N01Rik",2902,1739,1163
"Aldh18a1",38207,3527,34680
"Gm15801",2837,2837,0
"Gm27042",6332,1196,5136
"Tctn3",15836,2939,12897
"Entpd1",129238,4822,124416
"Gm16027",867,867,0
"Gm8783",2824,2824,0
"Gm33305",4200,2796,1404
"LOC105246574",2227,1964,263
"Cc2d2b",74317,6103,68214
"Gm33482",1504,1321,183
"Ccnj",17294,3819,13475
"E030044B06Rik",14324,880,13444
"Zfp518a",24018,8247,15771
"Mir8092",87,87,0
"Blnk",65609,2097,63512
"LOC100861913",9828,3907,5921
"LOC105246575",2613,2613,0
"Dntt",30251,2130,28121
"Opalin",13694,892,12802
"Tll2",129826,11376,118450
"Tm9sf3",53163,6144,47019
"Pik3ap1",112319,4326,107993
"Gm33951",1701,1604,97
"Gm9788",1669,1669,0
"Lcor",113579,27736,85843
"Gm35103",4748,4604,144
"Gm6747",1710,1710,0
"Mir8091",139,139,0
"Slit1",149452,7813,141639
"Gm34116",13299,8658,4641
"Gm19424",3137,2238,899
"Arhgap19",35497,5198,30299
"LOC105246576",11694,250,11444
"Frat1",2614,2614,0
"Frat2",2161,2161,0
"Rrp12",33303,4320,28983
"Pgam1",6795,1832,4963
"Exosc1",10440,1766,8674
"Zdhhc16",10633,2258,8375
"Mms19",37453,4570,32883
"Ubtd1",52888,1690,51198
"Ankrd2",9456,1455,8001
"Hoga1",25089,1635,23454
"4933411K16Rik",1401,1401,0
"Morn4",11432,1816,9616
"Pi4k2a",32073,4060,28013
"Avpi1",5719,976,4743
"Marveld1",4315,3077,1238
"Gm6937",1138,698,440
"Zfyve27",24027,5614,18413
"Sfrp5",4282,1900,2382
"Golga7b",22771,2984,19787
"Gm34347",41711,7876,33835
"Mir3085",89,89,0
"Crtac1",148785,2885,145900
"LOC105246577",9811,3562,6249
"LOC105246578",4320,469,3851
"LOC105246579",3376,219,3157
"LOC105246580",3079,517,2562
"R3hcc1l",73945,4472,69473
"Loxl4",20628,5632,14996
"Pyroxd2",26969,3183,23786
"LOC102637646",6638,2013,4625
"Hps1",25247,5231,20016
"LOC102637720",2922,2826,96
"Hpse2",602029,9714,592315
"Gm18379",875,875,0
"Gm6776",3450,3450,0
"LOC102641642",3135,2714,421
"Gm34575",5851,584,5267
"Cnnm1",56789,6016,50773
"Got1",24854,2058,22796
"Gm19179",777,777,0
"Gm34636",23067,1499,21568
"Gm20467",2814,1931,883
"Nkx2-3",3568,2112,1456
"Gm4311",5033,3624,1409
"Gm34922",12256,6670,5586
"Slc25a28",13299,4024,9275
"BC037704",1993,1993,0
"Entpd7",44165,6050,38115
"Cox15",19747,4798,14949
"Cutc",15616,1308,14308
"Abcc2",56025,5645,50380
"Gm10768",2043,2043,0
"Dnmbp",93504,8822,84682
"LOC105246581",9979,5746,4233
"Cpn1",30245,1841,28404
"Cyp2c44",24226,2197,22029
"Erlin1",35551,4140,31411
"Gm18230",503,503,0
"Chuk",34173,3703,30470
"Cwf19l1",27242,5957,21285
"Bloc1s2",7225,1226,5999
"Pkd2l1",100718,5684,95034
"Scd3",40729,3470,37259
"Gm6951",8825,8825,0
"Gm35183",6089,876,5213
"LOC105246582",1355,387,968
"Scd2",13189,5453,7736
"Mir5114",61,61,0
"Scd4",13418,3072,10346
"Scd1",13260,4837,8423
"Gm35406",4841,298,4543
"Wnt8b",20802,3376,17426
"Sec31b",28892,3923,24969
"Ndufb8",6871,2317,4554
"Hif1an",13421,6190,7231
"Gm35460",32059,1949,30110
"LOC105246583",2449,493,1956
"Gm26644",9627,2329,7298
"Gm35610",2765,2429,336
"Pax2",92177,4908,87269
"Mir6405",124,124,0
"1700039E22Rik",7446,770,6676
"Gm5246",968,968,0
"Fam178a",65283,7688,57595
"4930414N06Rik",12434,610,11824
"Sema4g",14432,5224,9208
"Mrpl43",1429,1213,216
"Peo1",6684,3597,3087
"Lzts2",11940,4251,7689
"Pdzd7",31402,5226,26176
"Sfxn3",8876,3190,5686
"Gm35782",14478,2751,11727
"Kazald1",4805,2517,2288
"Gm35867",3297,690,2607
"Gm35923",2255,599,1656
"Tlx1",6865,2702,4163
"Lbx1",4752,3118,1634
"Gm29595",2789,683,2106
"LOC102640042",27187,2628,24559
"Gm28578",2339,1833,506
"Btrc",169630,6987,162643
"Gm18104",1032,907,125
"Gm6807",972,972,0
"LOC105246584",7087,6880,207
"LOC105246585",2042,770,1272
"Gm19639",1751,1102,649
"Poll",8269,2603,5666
"Dpcd",17698,1476,16222
"Fbxw4",82401,4693,77708
"4933429K18Rik",4004,1015,2989
"Fgf8",6138,1370,4768
"Npm3",1830,860,970
"Mgea5",33578,4939,28639
"Kcnip2",23718,2744,20974
"9130011E15Rik",181230,8700,172530
"Gm6813",554,554,0
"4930505N22Rik",16461,2156,14305
"Hps6",2696,2696,0
"Ldb1",12928,3119,9809
"Pprc1",16414,6614,9800
"Nolc1",9697,3665,6032
"Elovl3",3796,1949,1847
"Pitx3",13032,2045,10987
"Gbf1",134002,6524,127478
"LOC105246586",1822,1822,0
"4833438C02Rik",2021,1764,257
"Nfkb2",8789,4727,4062
"Psd",15100,5085,10015
"Fbxl15",2388,1581,807
"Cuedc2",8849,2000,6849
"Gm36493",5360,1486,3874
"Mir146b",109,109,0
"2310034G01Rik",788,788,0
"Tmem180",18378,2283,16095
"Actr1a",18922,2742,16180
"Sufu",91909,4525,87384
"Trim8",15158,4099,11059
"Arl3",42077,990,41087
"Sfxn2",23580,3256,20324
"Wbp1l",58284,4105,54179
"Gm36602",7286,2839,4447
"Cyp17a1",5836,1841,3995
"LOC105246587",7404,876,6528
"Gm6967",1212,1212,0
"2010012O05Rik",13477,2176,11301
"As3mt",33741,2004,31737
"Cnnm2",118200,8242,109958
"Nt5c2",129800,6586,123214
"Gm18490",764,764,0
"Gm18657",907,907,0
"Ina",9661,2271,7390
"Pcgf6",17482,2402,15080
"Taf5",15732,3258,12474
"Usmg5",7155,341,6814
"Pdcd11",40398,6192,34206
"Calhm2",6063,2049,4014
"Calhm1",3140,1047,2093
"Calhm3",6066,6066,0
"Gm6970",775,775,0
"Neurl1a",80622,4412,76210
"Gm36693",10998,7967,3031
"Sh3pxd2a",204438,10913,193525
"Mir6995",71,71,0
"Gm29834",3518,2855,663
"Gm36885",9061,3482,5579
"Gm36829",10821,6784,4037
"LOC105246588",1505,1059,446
"Obfc1",44746,2406,42340
"Gm19557",3597,2765,832
"Slk",65228,7201,58027
"Gm16068",1328,712,616
"Col17a1",45702,5539,40163
"Sfr1",3856,1606,2250
"Cfap43",102570,8757,93813
"Mir8090",136,136,0
"Gm29947",402,402,0
"Gm30021",1759,590,1169
"Gsto1",9802,1163,8639
"Gsto2",20764,1593,19171
"LOC105246589",7503,6234,1269
"Itprip",24927,4174,20753
"Cfap58",97668,3345,94323
"Sorcs3",599481,5634,593847
"Gm6975",633,633,0
"Siah1-ps1",1872,1872,0
"Rpl13a-ps1",657,657,0
"Sorcs1",535836,8840,526996
"Gm30123",9401,7778,1623
"Gm26629",104643,5662,98981
"Rpl31-ps18",408,408,0
"Gm4115",1080,1080,0
"Ins1",1154,1036,118
"LOC105246590",16713,308,16405
"AA387883",3751,1679,2072
"Xpnpep1",106428,2579,103849
"LOC105246591",2864,2290,574
"Mir6407",101,101,0
"Gm30234",55192,2698,52494
"1700054A03Rik",8141,780,7361
"LOC105246592",3660,1220,2440
"Gm30381",3663,1185,2478
"Gm9618",6427,3235,3192
"Add3",106884,4845,102039
"1700001K23Rik",6470,488,5982
"Gm36339",1118,311,807
"Gm30541",20256,10515,9741
"Mxi1",65440,7770,57670
"Smndc1",12606,4037,8569
"5830416P10Rik",23585,5292,18293
"LOC73899",2666,1770,896
"Gm30826",3673,1008,2665
"Dusp5",12005,1155,10850
"Nutf2-ps1",917,917,0
"Smc3",45436,4851,40585
"Rbm20",206095,9881,196214
"Gm30943",3996,1185,2811
"Gm30890",17926,2030,15896
"LOC102641509",5920,2911,3009
"LOC105246593",6228,3325,2903
"Gm30990",31514,5473,26041
"Pdcd4",37631,3168,34463
"Bbip1",14988,2661,12327
"Shoc2",89049,4462,84587
"LOC105246594",6559,6209,350
"Adra2a",3801,3801,0
"LOC105246595",20241,379,19862
"LOC105246596",2942,2764,178
"Gm31301",120560,358,120202
"LOC105246597",2308,298,2010
"Gpam",59599,6598,53001
"Gm31356",19371,2617,16754
"Gm31418",13524,2142,11382
"Tectb",15581,3182,12399
"Mir6715",57,57,0
"Gucy2g",44332,6527,37805
"Gm31538",20073,1216,18857
"Acsl5",44767,3366,41401
"Gm31595",8715,5375,3340
"LOC105246598",3142,2274,868
"Zdhhc6",17740,2463,15277
"Vti1a",311405,20580,290825
"Gm4466",5351,3309,2042
"Luzp4",15052,15052,0
"LOC105246600",10353,10323,30
"LOC105246599",1319,1217,102
"4930552P12Rik",61616,2496,59120
"LOC105246602",992,441,551
"Gm31734",7365,2298,5067
"Tcf7l2",191852,6959,184893
"LOC105246603",10744,2193,8551
"LOC102634217",3439,276,3163
"Gm31912",3654,1056,2598
"Gm31965",21315,411,20904
"Gm32028",21316,3774,17542
"Gm32144",3505,1505,2000
"Gm32257",14646,1801,12845
"Habp2",32977,2351,30626
"Nrap",70108,5615,64493
"Gm17197",7905,988,6917
"Casp7",46257,3209,43048
"Plekhs1",29454,3353,26101
"Dclre1a",19124,4316,14808
"Nhlrc2",55243,8591,46652
"Gm32441",8657,1584,7073
"Gm32492",5483,1859,3624
"Gm32575",10163,2033,8130
"Adrb1",2491,2491,0
"LOC105246604",8729,3923,4806
"Gm32718",17193,7544,9649
"Mif-ps9",551,551,0
"Ccdc186",34998,6733,28265
"Tdrd1",43842,5732,38110
"Vwa2",37663,5506,32157
"Afap1l2",96237,4174,92063
"LOC102642146",8073,4964,3109
"Ablim1",206297,8268,198029
"4930449E18Rik",3093,391,2702
"B230217O12Rik",37703,1954,35749
"Fam160b1",28624,5668,22956
"LOC105246606",6595,250,6345
"Trub1",38115,6410,31705
"6720468P15Rik",4225,1785,2440
"Gm32932",8981,1005,7976
"Atrnl1",522381,7024,515357
"Gm32980",22906,10196,12710
"Mir5623",70,70,0
"LOC105246608",1173,1091,82
"LOC105246607",4706,3574,1132
"Gfra1",220366,5676,214690
"Gm10007",4145,450,3695
"LOC105246609",3444,635,2809
"Gm33306",7897,318,7579
"Ccdc172",41106,1357,39749
"1810007D17Rik",23425,742,22683
"Pnlip",11424,1487,9937
"1810035K13Rik",673,364,309
"1810018F18Rik",2407,1447,960
"Pnliprp1",15283,1619,13664
"Pnliprp2",17812,1568,16244
"Gm33417",5419,2300,3119
"1700019N19Rik",8612,1227,7385
"LOC105246610",9509,2199,7310
"Hspa12a",147796,6721,141075
"Mir3086",87,87,0
"Eno4",31500,6070,25430
"4930506M07Rik",102765,4271,98494
"Gm9276",1548,1475,73
"Vax1",5550,3393,2157
"4930442E04Rik",12833,1737,11096
"Kcnk18",17723,3032,14691
"Slc18a2",35267,3935,31332
"Pdzd8",49697,7076,42621
"Rps12-ps3",495,495,0
"Gm33678",3953,3953,0
"Gm33756",8280,1174,7106
"Emx2os",33532,5023,28509
"Emx2",7242,3172,4070
"2700089I24Rik",66256,1827,64429
"Gm18161",573,573,0
"Gm19956",52178,2167,50011
"LOC105246611",9508,6316,3192
"Rab11fip2",183226,18426,164800
"LOC105246612",3134,2093,1041
"LOC105246613",10004,1433,8571
"Csf1r-ps",2778,2778,0
"LOC105246614",4871,3753,1118
"E330013P04Rik",17917,2070,15847
"Fam204a",28141,2099,26042
"LOC105246615",14416,374,14042
"Gm34300",11143,1653,9490
"Prlhr",3791,3744,47
"Cacul1",56328,7740,48588
"LOC105246617",3683,1695,1988
"LOC105246616",2374,284,2090
"Gm34459",17614,1623,15991
"Gm34406",15947,1707,14240
"Nanos1",3928,3928,0
"Eif3a",29578,5176,24402
"Mir3084-2",69,69,0
"Snora19",56,56,0
"Fam45a",24795,2505,22290
"Gm15959",1752,1040,712
"Sfxn4",24431,3586,20845
"Prdx3",10473,1445,9028
"Grk5",206376,6819,199557
"LOC105246618",5413,129,5284
"Gm9529",1172,1172,0
"5830428H23Rik",262361,12312,250049
"Gm4238",385,385,0
"Gm6020",32795,1998,30797
"Gm5521",1802,1802,0
"Gm7102",1624,1624,0
"Csf2ra",4065,2258,1807
"Gm4242",1523,1341,182
"Gm18999",2817,2817,0
"Gm20762",579,579,0
"Gm33921",8753,958,7795
"Gm21950",1904,1904,0
"Gm21364",1949,1949,0
"Gm34013",33293,1117,32176
"Gm14333",264,264,0
"Gm14332",777,777,0
"Gm14334",686,686,0
"Gm14352",1637,1637,0
"Gm14346",1960,1960,0
"LOC105246621",41877,1109,40768
"Gm14361",868,868,0
"Gm14345",1960,1960,0
"Gm14351",1955,1955,0
"Gm14357",868,868,0
"Spin2-ps1",778,778,0
"Gm3701",1960,1960,0
"Gm17854",868,868,0
"Gm15257",868,868,0
"Gm3706",1949,1949,0
"Gm14350",662,662,0
"Gm14349",778,778,0
"Gm14356",868,868,0
"Gm14347",1960,1960,0
"Gm10921",1960,1960,0
"Gm14348",868,868,0
"Gm15260",868,868,0
"Gm10922",1960,1960,0
"Gm6019",704,704,0
"Gm9427",778,778,0
"Gm15256",868,868,0
"Gm5925",1955,1955,0
"Gm4725",584,584,0
"Gm9498",710,710,0
"Gm15252",868,868,0
"Gm3750",1949,1949,0
"Gm4726",32108,747,31361
"Gm3757",717,717,0
"Gm17860",868,868,0
"Gm3763",1943,1943,0
"Gm14367",2024,2024,0
"Gm14365",584,584,0
"Gm9428",712,712,0
"Gm5924",642,642,0
"Mycs",2362,2362,0
"Gm14366",580,580,0
"Gm14375",855,855,0
"Gm14374",1960,1960,0
"Gm14373",2143,2143,0
"LOC105243650",19516,400,19116
"Gm26618",277291,6090,271201
"Gm14452",1773,1773,0
"Gm14451",1773,1773,0
"Gm14450",606,606,0
"Nudt11",7273,6421,852
"Rpl19-ps12",702,702,0
"AU022751",2203,2203,0
"Gm33733",137253,9637,127616
"Nudt10",4349,2165,2184
"Bmp15",6618,3063,3555
"Shroom4",237515,11140,226375
"5430428K19Rik",122288,904,121384
"LOC105246622",2352,700,1652
"Dgkk",169058,331,168727
"Ccnb3",61984,4570,57414
"Akap4",11095,3001,8094
"Gm14380",431,431,0
"Clcn5",165550,9464,156086
"Mir500",92,92,0
"Mir501",109,109,0
"Mir362",65,65,0
"Mir188",68,68,0
"Mir532",96,96,0
"Usp27x",3240,3240,0
"Gm14379",2118,1878,240
"2010204K13Rik",11172,946,10226
"LOC102635400",15688,354,15334
"Gm32829",15363,392,14971
"Gm32874",5074,390,4684
"Gm14395",575,575,0
"Ppp1r3f",15720,3492,12228
"Ppp1r3fos",7417,3456,3961
"Foxp3",15568,3928,11640
"Ccdc22",11612,2256,9356
"Cacna1f",28215,6229,21986
"Syp",14677,2482,12195
"Prickle3",10808,2704,8104
"Plp2",3163,870,2293
"Magix",8086,2908,5178
"Gm6079",671,671,0
"Gpkow",13128,3575,9553
"Wdr45",6207,2311,3896
"Praf2",2493,1206,1287
"Ccdc120",9611,3641,5970
"Smt3h2-ps",1149,959,190
"Tfe3",12665,3726,8939
"LOC105243648",17347,740,16607
"Gripap1",30607,3409,27198
"Mir1198",121,121,0
"Kcnd1",12661,1956,10705
"Otud5",34796,4262,30534
"Pim2",5127,2041,3086
"Slc35a2",10459,3178,7281
"Pqbp1",4751,1334,3417
"Timm17b",8411,1797,6614
"Pcsk1n",4589,2193,2396
"Eras",4332,1077,3255
"Hdac6",17770,4144,13626
"LOC105243649",85546,1542,84004
"Psmb6-ps",715,715,0
"Gata1",17418,2100,15318
"LOC105246623",10974,956,10018
"Glod5",14293,834,13459
"LOC102635714",1547,1547,0
"Rpl22-ps1",445,445,0
"Gm7079",325,325,0
"Suv39h1",13590,3887,9703
"Was",9026,2094,6932
"Gm6787",9615,1454,8161
"Psmb7-ps2",923,923,0
"Wdr13",9558,4485,5073
"Rbm3",6906,3582,3324
"Rbm3os",2538,841,1697
"Tbc1d25",21712,2650,19062
"Ebp",8182,1741,6441
"Porcn",12704,2905,9799
"Gm33135",12206,2942,9264
"Ftsj1",13739,3425,10314
"Slc38a5",8799,1868,6931
"Ssxb10",8812,913,7899
"Ssxb9",8411,904,7507
"Ssxb1",8853,875,7978
"Ssxb2",7384,929,6455
"Gm14459",13184,729,12455
"Ssxb6",6184,650,5534
"Ssxb3",8407,873,7534
"Ssxb7",9182,694,8488
"Gm6798",360,360,0
"LOC100534376",7937,7937,0
"Ssxb8",6041,642,5399
"Ssx9",12842,3337,9505
"Ssxb5",5755,1065,4690
"Gm14502",16552,5335,11217
"Gm33264",982,594,388
"Gm6592",5614,507,5107
"Gm5751",11623,3005,8618
"B630019K06Rik",2612,2612,0
"Gm14504",1497,1497,0
"Gm5752",886,886,0
"Gm16479",602,602,0
"Gm14510",1503,1503,0
"Gm5634",842,842,0
"Gm14509",1295,1295,0
"Gm14511",842,842,0
"Gm14457",1164,1164,0
"Gm14458",733,733,0
"Gm19775",742,578,164
"Gm14865",740,578,162
"Fthl17",848,848,0
"Gm14503",1164,1164,0
"Gm14499",860,860,0
"Gm14864",1090,1090,0
"Gm5379",872,872,0
"Gm5635",733,733,0
"Gm16480",1127,1127,0
"Gm6826",840,840,0
"4930402K13Rik",1781,1781,0
"Gm5753",513,513,0
"Gm33602",78029,8224,69805
"Lancl3",68113,3920,64193
"Xk",40462,5043,35419
"1700012L04Rik",525,525,0
"LOC105246624",2971,2887,84
"Gm6829",685,685,0
"Gm4055",3662,1139,2523
"Gm14501",539,539,0
"Cybb",52513,4802,47711
"Gm33784",3954,1131,2823
"Gm5132",432,432,0
"Dynlt3",8714,2153,6561
"Sytl5",251308,9346,241962
"Hypm",554,554,0
"4930557A04Rik",550,550,0
"LOC105243658",5474,434,5040
"Gm5754",959,959,0
"Srpx",79685,2456,77229
"Gm33844",2175,799,1376
"Rpgr",58580,6751,51829
"Otc",68728,4249,64479
"LOC102640864",4554,1598,2956
"Tspan7",111489,1964,109525
"Gm5931",2447,2447,0
"Gm14470",2179,2179,0
"Gm14480",1082,1082,0
"Mid1ip1",2338,2059,279
"Gm14473",625,625,0
"Gm33984",637,543,94
"LOC105243659",2815,343,2472
"Gm14485",711,711,0
"Gm14483",501,501,0
"Gm14474",490,490,0
"Gm14477",318,318,0
"Gm14476",318,318,0
"Gm14484",494,494,0
"Gm14479",318,318,0
"Gm14482",509,509,0
"Gm14478",442,442,0
"Gm14475",318,318,0
"Gm4906",330,330,0
"LOC105243660",1504,543,961
"Gm34077",22781,1773,21008
"Gm34138",2917,542,2375
"LOC105243661",38530,2362,36168
"Gm34187",5049,1311,3738
"Rpl23a-ps13",370,370,0
"Gm14491",404,404,0
"Gm34301",2503,1553,950
"Bcor",123619,7011,116608
"2900008C10Rik",25893,1360,24533
"Gm14635",15218,1412,13806
"Rpl30-ps11",441,441,0
"Gm17861",1420,1420,0
"Atp6ap2",29293,2368,26925
"LOC101055899",927,927,0
"Gm4984",939,939,0
"1810030O07Rik",20062,4815,15247
"Med14",86675,9242,77433
"Gm14634",59215,1662,57553
"AA414768",1669,1669,0
"Gm14534",627,627,0
"LOC105246625",26897,277,26620
"4930500G05Rik",17127,333,16794
"5730405O15Rik",3281,887,2394
"Usp9x",102332,12806,89526
"Rpl3-ps1",1320,1320,0
"Llph-ps2",728,728,0
"2010308F09Rik",13093,701,12392
"Gm16481",1224,1224,0
"Ddx3x",13488,5097,8391
"Gm5380",2133,2133,0
"Gm7129",1230,1230,0
"Gm34661",4605,2427,2178
"Gm9434",828,828,0
"Gm4728",796,796,0
"Gm18106",3240,3240,0
"Nyx",28220,5943,22277
"Gm14506",8196,1167,7029
"Cask",329705,8728,320977
"Gm34836",17207,6993,10214
"Gpr34",17443,3530,13913
"Gpr82",9281,5799,3482
"Gm5381",1918,1918,0
"Gm18170",65535,65535,0
"Gm5382",510,510,0
"Gm9435",874,874,0
"Ppp1r2-ps9",904,904,0
"Gm14518",539,539,0
"Gm14517",3429,356,3073
"Cypt1",837,692,145
"Gm18109",1019,1019,0
"Csnk2a1-ps",2696,2696,0
"Maoa",68115,4161,63954
"Maob",108086,2412,105674
"Ndp",26244,1929,24315
"LOC105243665",4308,2168,2140
"Efhc2",188413,3142,185271
"Gm14514",1657,1657,0
"Gm35105",135141,813,134328
"LOC105243666",123693,4073,119620
"Fundc1",52364,2352,50012
"Gm5073",860,860,0
"Gm9436",2018,2018,0
"LOC105243667",32351,874,31477
"Gm5755",4784,4784,0
"Gm5123",4712,4712,0
"Gm35506",5374,415,4959
"LOC105246626",31159,478,30681
"Dusp21",825,825,0
"LOC102639187",175,175,0
"Kdm6a",117259,5988,111271
"4930578C19Rik",47255,6445,40810
"Gm5383",627,627,0
"Mir221",95,95,0
"Mir222",79,79,0
"LOC100503338",85340,10952,74388
"LOC105246627",6374,2393,3981
"Gm14885",531,531,0
"BC049702",1896,872,1024
"Gm14531",379,379,0
"Rpl36-ps10",410,410,0
"Gm5384",492,492,0
"Chst7",39885,4189,35696
"Slc9a7",193120,7405,185715
"Rp2h",41173,5142,36031
"LOC102639699",1374,1342,32
"Gm14537",530,530,0
"Jade3",94613,5266,89347
"Gm14538",1271,1271,0
"Rgn",12323,1627,10696
"Gm14539",335,335,0
"Ndufb11",2239,853,1386
"Rbm10",33403,3718,29685
"Uba1",24878,4597,20281
"Cdk16",11922,3579,8343
"Usp11",16631,3686,12945
"LOC105243668",2032,1027,1005
"Znf157",1829,674,1155
"Araf",62735,4752,57983
"LOC101055992",7361,1456,5905
"Syn1",60408,3213,57195
"Mir5617",57,57,0
"Timp1",4572,890,3682
"Cfp",5991,1625,4366
"Elk1",17214,3548,13666
"Uxt",10371,890,9481
"A230072C01Rik",25674,2201,23473
"Zfp182",35855,5944,29911
"Spaca5",9472,554,8918
"Zfp300",10551,5129,5422
"Ssxa1",6273,549,5724
"Gm1848",941,941,0
"Gm5932",9087,695,8392
"4930453H23Rik",15093,1726,13367
"Gm6938",22518,771,21747
"Gm5124",3763,1975,1788
"Agtr2",4285,2947,1338
"Gm9439",1605,1163,442
"Slc6a14",27459,3433,24026
"Gm4281",1659,560,1099
"Gm14563",448,448,0
"Gm14561",2030,2030,0
"Gm6071",698,698,0
"Gm14562",674,674,0
"Gm15030",2481,745,1736
"Ppp1r2-ps7",1948,1948,0
"LOC105246628",5191,257,4934
"Klhl13",145837,5910,139927
"Wdr44",113101,4328,108773
"Gm18938",597,597,0
"Gm4789",8378,8378,0
"Gm4907",25079,1517,23562
"Gm4985",1413,1413,0
"LOC100861627",16042,744,15298
"Gm5934",24856,991,23865
"Gm4297",21056,989,20067
"LOC105246629",1455,203,1252
"Gm5935",22003,875,21128
"Gm2759",21178,639,20539
"LOC105247037",16272,1743,14529
"Gm5169",23969,886,23083
"Gm1989",21176,658,20518
"4930557B15Rik",23004,1570,21434
"Gm1993",21949,923,21026
"Gm2003",21172,658,20514
"LOC105246980",1533,280,1253
"LOC101055879",21178,636,20542
"LOC105246981",1579,305,1274
"Gm5168",22828,824,22004
"LOC105246982",1583,309,1274
"Gm2012",30442,892,29550
"Gm2030",22846,907,21939
"LOC105246983",1509,244,1265
"Gm2036",303,303,0
"Gm2005",16586,570,16016
"Slx",22909,924,21985
"Gm14525",29859,890,28969
"LOC105242403",21155,639,20516
"LOC105243841",212,98,114
"Gm6121",22927,893,22034
"LOC102638662",6277,129,6148
"LOC105246984",1497,238,1259
"Gm7375",21288,639,20649
"LOC105246901",16276,1743,14533
"Gm10230",22882,894,21988
"Gm2092",21178,639,20539
"Gm7386",21035,661,20374
"LOC105246985",21788,1838,19950
"Gm10058",22865,889,21976
"LOC105246986",993,168,825
"Gm7391",21051,661,20390
"LOC105246987",16122,1757,14365
"Gm4836",22923,907,22016
"LOC105246988",1376,531,845
"Gm7398",21271,639,20632
"LOC105246989",16286,1743,14543
"Gm10147",22880,893,21987
"LOC105246990",967,142,825
"Gm7408",21037,661,20376
"LOC105246991",21763,1838,19925
"Gm10096",22896,921,21975
"LOC105246992",993,168,825
"Gm7415",21063,661,20402
"LOC105246993",16098,1757,14341
"LOC102634388",6277,129,6148
"LOC105246896",1497,238,1259
"Gm15432",515,515,0
"Gm14527",47240,47240,0
"LOC105246897",21813,1757,20056
"Gm3657",21054,661,20393
"Gm3669",34713,2128,32585
"LOC105246898",1088,265,823
"Gm10488",22849,874,21975
"E330016L19Rik",16270,1757,14513
"Gm3681",21282,639,20643
"LOC105246899",1376,531,845
"Gm14632",22932,922,22010
"LOC105246900",16292,1886,14406
"Gm7438",21064,661,20403
"LOC105246994",16303,1757,14546
"Gm10487",22928,907,22021
"LOC105246995",1376,531,845
"Gm32818",1052,985,67
"Gm21447",1840,1840,0
"Gm21711",4450,704,3746
"Gm21061",709,709,0
"Gm31556",1533,390,1143
"Gm17855",868,868,0
"Gm2784",2222,2222,0
"Gm2777",2170,2170,0
"Gm17862",868,868,0
"Spin2e",1643,974,669
"Gm21420",2943,698,2245
"Gm21608",1937,1937,0
"Gm21637",1896,1239,657
"Gm33209",81892,972,80920
"Gm21645",1970,1970,0
"Gm21432",2964,734,2230
"Gm5923",1645,988,657
"Gm17863",868,868,0
"Gm2799",1949,1949,0
"Gm7022",663,663,0
"Gm21466",1645,988,657
"Gm17864",868,868,0
"Gmcl1l",1955,1955,0
"Gm5926",1649,980,669
"Gm33505",71706,1048,70658
"Gm21951",1921,1921,0
"Gm33593",162519,1072,161447
"Gm21657",1840,1840,0
"Gm17865",868,868,0
"Gm2825",1950,1950,0
"Gm2161",1022,774,248
"Gm2837",778,778,0
"Gm20067",4722,427,4295
"Gm17866",868,868,0
"Spin2-ps6",1599,930,669
"Gm17856",868,868,0
"Gm2863",1951,1951,0
"Gm2182",663,663,0
"Gm2854",1620,963,657
"LOC100862179",717,717,0
"Gm2223",3500,3500,0
"Gm2231",1022,774,248
"Gm2913",1960,1960,0
"LOC105247082",48817,819,47998
"Gm15273",868,868,0
"Gm15279",4768,427,4341
"Gm7023",868,868,0
"Gm2927",1943,1943,0
"Gm2933",1701,1701,0
"Gm17857",868,868,0
"Gm5378",666,666,0
"Gm2250",584,584,0
"Gm2964",2010,2010,0
"Gm17858",868,868,0
"Gm34262",24521,517,24004
"Gm21681",2093,2093,0
"Gm21699",2219,2219,0
"Gm20941",4156,698,3458
"Gm21620",710,710,0
"LOC105247275",16303,1757,14546
"Gm2288",21064,661,20403
"LOC105247276",993,168,825
"Gm10486",22933,924,22009
"LOC105247277",16216,1712,14504
"Gm2318",21214,639,20575
"LOC105247278",1893,703,1190
"Gm14819",22880,894,21986
"LOC105243671",15369,269,15100
"Gm4764",2185,2185,0
"Gm14554",3425,3425,0
"Dock11",187944,6935,181009
"Gm32904",5314,372,4942
"Il13ra1",59124,3686,55438
"LOC105247279",58204,1256,56948
"Zcchc12",3255,2593,662
"Gm6023",612,612,0
"Lonrf3",38500,7578,30922
"Gm33383",2184,1139,1045
"Gm6268",1178,300,878
"Gm14569",91449,6984,84465
"Pgrmc1",7855,1838,6017
"Akap17b",37299,6266,31033
"Gm6274",898,898,0
"Slc25a43",33759,2946,30813
"Slc25a5",3155,1238,1917
"C330007P06Rik",49541,4655,44886
"LOC102636101",1911,1911,0
"Ube2a",9857,1661,8196
"Nkrf",16671,4579,12092
"Gm15008",1152,460,692
"Sept6",78424,6785,71639
"Sowahd",1574,1574,0
"Rpl39",2665,394,2271
"Snora69",122,122,0
"Upf3b",18719,2457,16262
"Nkap",23984,4262,19722
"Akap14",18145,1792,16353
"LOC105243672",15470,2144,13326
"Gm33339",5398,651,4747
"Ndufa1",3651,494,3157
"Rnf113a1",1125,1125,0
"Gm9",2540,1663,877
"Rhox1",8455,961,7494
"Rhox2a",5289,1422,3867
"Rhox3a",9060,1048,8012
"Rhox4a",4819,949,3870
"Rhox3a2",4058,785,3273
"Rhox4a2",4762,889,3873
"Rhox2b",5109,1217,3892
"Rhox3b-ps",9132,1048,8084
"Rhox4b",4785,886,3899
"Rhox2c",4938,1049,3889
"Rhox3c",4094,830,3264
"Rhox4c",4788,903,3885
"Rhox2d",4306,795,3511
"Rhox3d-ps",3963,3963,0
"Rhox4d",4788,906,3882
"Rhox2e",11488,974,10514
"Rhox3e",3923,648,3275
"Rhox4e",4871,977,3894
"LOC102642845",13646,484,13162
"Rhox2f",4739,779,3960
"Rhox3f",4145,833,3312
"Rhox4f",4792,929,3863
"Rhox3g",4709,590,4119
"Dppa3-ps",818,818,0
"Rhox2g",4359,800,3559
"Rhox4g",4827,978,3849
"Rhox3h",11077,1053,10024
"Rhox2h",4281,779,3502
"LOC103926450",3178,3178,0
"Gm6310",620,620,0
"Rhox5",54271,806,53465
"Gm34522",1233,228,1005
"Rhox6",2803,865,1938
"Rhox7a",9486,983,8503
"Rhox8",15991,1359,14632
"Rhox7b",10686,983,9703
"Rhox9",2674,882,1792
"LOC104053955",1010,1010,0
"LOC102637882",5058,718,4340
"Btg1-ps1",12920,2260,10660
"Btg1-ps2",4916,1194,3722
"Rhox10",5214,760,4454
"Rhox11",8542,805,7737
"LOC104053954",233,233,0
"Rhox12",6846,935,5911
"Rhox13",9127,1254,7873
"LOC105243675",36554,591,35963
"Zfp36l1-ps",1215,1215,0
"Zbtb33",7254,5122,2132
"Tmem255a",55917,4163,51754
"Mir3110",80,80,0
"LOC105243676",6690,4045,2645
"Gm17901",527,527,0
"Rhox7-ps",9163,808,8355
"Atp1b4",20663,4278,16385
"Gm34665",3019,2790,229
"Gm40",609,609,0
"Gm4853",470,470,0
"Lamp2",55104,5063,50041
"Gm7598",1293,1293,0
"Gm9488",4072,932,3140
"Cul4b",44581,5061,39520
"Gm34715",889,431,458
"Mcts1",13081,1663,11418
"C1galt1c1",4361,1507,2854
"Gm18436",619,619,0
"Ap3s1-ps1",1319,1319,0
"6030498E09Rik",197052,2173,194879
"Gm6024",1778,1778,0
"Gm14567",441,441,0
"Gm18613",1142,1142,0
"Gm16423",651,651,0
"Cypt15",698,520,178
"LOC100416195",1338,1338,0
"Cypt14",686,508,178
"Gm7189",668,668,0
"Gm7190",1549,1549,0
"Gm4986",616,616,0
"Gm17859",1028,1028,0
"Gm14575",557,557,0
"Gm14576",1113,1113,0
"Gm5385",1783,1783,0
"Gria3",277483,5460,272023
"LOC101055968",22775,546,22229
"LOC101055979",1331,747,584
"Thoc2",116933,7727,109206
"Gm19069",582,582,0
"Gm5135",573,573,0
"Gm19190",1420,1420,0
"Xiap",49263,9390,39873
"Gm14615",3010,2370,640
"Stag2",127865,8307,119558
"B230118I11Rik",25616,3694,21922
"Gm2483",2593,2235,358
"Sh2d1a",19468,819,18649
"Tenm1",901291,14018,887273
"Gm14578",10923,744,10179
"Gm14579",294,294,0
"Gm362",2542,2243,299
"LOC102638263",942,942,0
"Dcaf12l2",2881,2881,0
"Gm18437",613,613,0
"Itpa-ps3",395,395,0
"Dcaf12l1",3631,3534,97
"Gm7700",1202,1202,0
"Prr32",1888,1110,778
"LOC105243677",1997,435,1562
"Gm14606",1115,1115,0
"Gm5386",3074,3074,0
"Gm14652",310,310,0
"LOC100417665",1859,1771,88
"LOC105243678",8087,4923,3164
"4930515L19Rik",61353,769,60584
"Actrt1",1339,1339,0
"Gm4987",504,504,0
"Gm7722",636,636,0
"Gm14609",941,941,0
"Gm14610",1066,1066,0
"Gm5636",3499,3499,0
"LOC105243679",1073,309,764
"Gm4908",1218,1218,0
"LOC100417627",674,674,0
"Gm14608",1544,1544,0
"Gm6480",1411,1411,0
"Smarca1",83562,4165,79397
"LOC105242400",3056,1720,1336
"Gm14648",588,588,0
"Ocrl",53973,7407,46566
"Gm36658",614,614,0
"Gm7743",1118,1118,0
"Apln",9707,3148,6559
"Xpnpep2",30070,3835,26235
"Sash3",15115,2665,12450
"Zdhhc9",36736,3319,33417
"LOC105243680",2457,217,2240
"Utp14a",25516,2431,23085
"9530027J09Rik",8635,1684,6951
"Bcorl1",67214,9229,57985
"Elf4",52084,6820,45264
"Aifm1",38620,2368,36252
"LOC105243681",3144,398,2746
"Rab33a",10956,1166,9790
"Zfp280c",53021,4954,48067
"Slc25a14",38881,1957,36924
"Gpr119",6627,2396,4231
"Rbmx2",15716,1743,13973
"Gm7770",970,970,0
"Gm595",36342,2216,34126
"Gm35107",21120,772,20348
"Enox2",278539,6198,272341
"Gm35210",4717,4717,0
"LOC105243682",27391,398,26993
"Gm14696",166361,5054,161307
"Arhgap36",51923,3596,48327
"Gm18695",1378,1378,0
"Gm14719",661,661,0
"Olfr1320",960,960,0
"Olfr1321",960,960,0
"Igsf1",15371,5735,9636
"Olfr1322",933,933,0
"Gm15033",675,675,0
"Olfr1323",930,930,0
"Gm7803",1243,1243,0
"Gm14612",876,876,0
"Olfr1324",999,999,0
"Gm35612",54121,1085,53036
"Gm14620",692,692,0
"Firre",79515,6565,72950
"Stk26",63405,3823,59582
"Frmd7",50975,9238,41737
"Rap2c",16181,4285,11896
"Gm5387",1086,1086,0
"Mbnl3",92542,9260,83282
"Gm7834",5633,555,5078
"Gm5388",1151,1151,0
"Gm14621",1887,1887,0
"Hs6st2",295124,5326,289798
"Gm35727",182243,451,181792
"Usp26",48567,5425,43142
"1700080O16Rik",4101,1594,2507
"Gm35790",1847,698,1149
"Gpc4",114039,4804,109235
"Gpc3",341820,2640,339180
"Mir6384",61,61,0
"Mir717",109,109,0
"A630012P03Rik",43205,1972,41233
"Mir363",75,75,0
"Mir92-2",91,91,0
"Mir19b-2",84,84,0
"Mir20b",80,80,0
"Mir18b",83,83,0
"Mir106a",65,65,0
"Kis2",2031,2031,0
"LOC105247280",2991,548,2443
"Gm14586",461,461,0
"Ccdc160",8275,2705,5570
"Gm14607",488,488,0
"Gm6539",941,941,0
"Rps2-ps13",953,953,0
"Phf6",44748,4420,40328
"Hprt",33583,1349,32234
"Mir450b",82,82,0
"Mir450-1",91,91,0
"Mir450-2",69,69,0
"Mir542",85,85,0
"C430049B03Rik",4079,2993,1086
"Mir351",99,99,0
"Mir503",71,71,0
"Mir322",95,95,0
"Gm35988",103867,7776,96091
"Plac1",170130,1354,168776
"Fam122b",26436,4572,21864
"Fam122c",57768,950,56818
"Gm14585",710,710,0
"Mospd1",25969,2558,23411
"Gm14584",646,646,0
"Etd",8659,478,8181
"Gm36046",4894,2417,2477
"4933416I08Rik",2931,762,2169
"Cxx1c",1214,953,261
"Gm14592",550,550,0
"Gm14600",672,672,0
"Cxx1a",1276,1276,0
"Cxx1b",1232,1232,0
"LOC100504039",4799,1219,3580
"AW822252",19657,1081,18576
"4930502E18Rik",13735,1638,12097
"1700013H16Rik",15070,1479,13591
"LOC102634082",5212,418,4794
"Zfp36l3",3709,2613,1096
"LOC102633187",1136,1136,0
"Xlr",20599,2357,18242
"Gm14599",4099,657,3442
"LOC102643187",3043,436,2607
"Gm14589",732,732,0
"Gm31171",1148,427,721
"Gm1862",1024,1024,0
"Gm14644",4530,4530,0
"Gm16428",13352,429,12923
"Gm14598",17251,761,16490
"Gm14596",16868,745,16123
"Gm14594",16915,758,16157
"Gm16405",16806,700,16106
"Gm16430",16806,700,16106
"Gm14595",16840,756,16084
"Gm14590",16973,758,16215
"Gm16431",20650,668,19982
"Gm7950",16908,758,16150
"Gm7958",16889,745,16144
"Slxl1",16861,743,16118
"Gm6660",16939,759,16180
"Gm14625",16716,723,15993
"Gm16404",16862,650,16212
"Gm14622",22858,636,22222
"Gm6664",18708,544,18164
"3830403N18Rik",314245,1364,312881
"Gm19106",517,517,0
"Gm7927",877,877,0
"Gm14623",24869,665,24204
"Gm6668",555,555,0
"Gm35586",4140,1032,3108
"Gm35536",5902,869,5033
"Gm35487",864,236,628
"Gm19151",726,726,0
"Gm14639",2000,2000,0
"Gm773",23060,979,22081
"Gm14627",564,564,0
"Gm2120",517,517,0
"Gm35893",3367,537,2830
"Gm35953",16194,3145,13049
"1600025M17Rik",3057,547,2510
"LOC102642677",2095,522,1573
"Zfp449",19292,3755,15537
"6330419J24Rik",3885,3064,821
"LOC105243684",6522,4201,2321
"LOC102639974",446,446,0
"Ddx26b",53023,5306,47717
"Gm10477",4092,777,3315
"Gm648",25290,1500,23790
"Mmgt1",12408,4084,8324
"Mir5116",63,63,0
"Gm36239",1465,602,863
"Slc9a6",54674,5127,49547
"LOC105243685",2363,1757,606
"Gm36289",3225,803,2422
"Fhl1",61627,3415,58212
"Mtap7d3",47442,5889,41553
"Gpr112",86037,9171,76866
"Brs3",5685,2859,2826
"Htatsf1",13614,2975,10639
"Vgll1",18461,2307,16154
"Gm14718",3742,758,2984
"Cd40lg",11900,1250,10650
"Arhgef6",107272,5484,101788
"Rbmx",9695,3749,5946
"Snord61",62,62,0
"Gm364",88007,2325,85682
"Gpr101",7090,5410,1680
"Gm14630",382,382,0
"Gm5389",1492,1492,0
"Gm8111",1811,1811,0
"LOC105243686",7554,2685,4869
"Gm14631",594,594,0
"LOC105243687",9083,5758,3325
"LOC100504535",21541,550,20991
"Zic3",20225,5659,14566
"Gm36466",6436,357,6079
"Gm36522",40933,937,39996
"Gm14647",671,671,0
"LOC100534336",2931,1968,963
"4930550L24Rik",8844,1572,7272
"Fgf13",523434,3642,519792
"Mir504",79,79,0
"Gm36570",12980,1820,11160
"Gm14890",1359,1359,0
"LOC105243688",20084,18624,1460
"Gm36631",102791,2030,100761
"Gm14887",523,523,0
"F9",31295,2733,28562
"Gm5637",1180,1180,0
"Mcf2",123232,4797,118435
"Atp11c",181577,6874,174703
"Mir505",90,90,0
"Gm8144",499,499,0
"Gm7073",20144,1561,18583
"Gm715",1210,1210,0
"Hspa9-ps1",1800,1800,0
"LOC102638903",991,991,0
"Gm8163",1190,1190,0
"LOC105246632",8894,1492,7402
"Gm14660",928,928,0
"Sox3",2065,2065,0
"LOC102631518",13817,643,13174
"Rpl7l1-ps1",2063,2063,0
"Gm14664",64421,649,63772
"Gm14663",3582,3582,0
"C230004F18Rik",23083,869,22214
"Cdr1",2313,2313,0
"C030023E24Rik",2873,2873,0
"Gm4988",1442,1442,0
"Gm14665",554,554,0
"LOC102632063",843,843,0
"Gm14655",581,581,0
"Ldoc1",1335,1335,0
"Gm7327",1631,1631,0
"LOC101056233",3881,651,3230
"Gm8215",990,990,0
"Gm5390",1263,1263,0
"Gm14656",505,505,0
"Gm30403",32366,428,31938
"Gm16411",763,763,0
"4933402E13Rik",9124,2125,6999
"Gm14679",675,675,0
"4931400O07Rik",22322,726,21596
"1700019B21Rik",16473,778,15695
"Gm14678",1128,1128,0
"Gm14677",831,831,0
"Gm14680",1595,1595,0
"Gm6754",1152,657,495
"Gm14659",2358,2358,0
"LOC102632622",353,353,0
"Gm6760",794,604,190
"3830417A13Rik",5231,1801,3430
"Slitrk4",12485,9084,3401
"Gm18022",552,552,0
"Gm14676",1466,1466,0
"Gm14667",1353,1353,0
"Gm14673",912,912,0
"Ctag2",1374,857,517
"Gm14668",2125,2125,0
"Gm14674",509,509,0
"Gm30914",22354,704,21650
"Slitrk2",12085,8112,3973
"Gm8310",1190,1190,0
"Mir743",62,62,0
"Mir743b",77,77,0
"Mir742",65,65,0
"Mir883a",76,76,0
"Mir883b",78,78,0
"Mir471",67,67,0
"Mir741",71,71,0
"Mir463",75,75,0
"Mir880",78,78,0
"Mir878",78,78,0
"Mir881",78,78,0
"Mir871",77,77,0
"Mir470",75,75,0
"Mir465d",58,58,0
"Mir465c-1",81,81,0
"Mir465b-1",79,79,0
"Mir465c-2",81,81,0
"Mir465b-2",79,79,0
"Mir465",74,74,0
"Gm30993",2486,570,1916
"Gm6783",1430,1430,0
"Gm14682",520,520,0
"Gm8312",17045,685,16360
"Gm1140",12194,1608,10586
"Gm14692",12169,1595,10574
"Rpl7a-ps13",566,566,0
"4933436I01Rik",1587,1426,161
"Gm31061",978,314,664
"Mir201",66,66,0
"Mir547",78,78,0
"Mir509",75,75,0
"Gm4910",366,366,0
"Gm5391",775,775,0
"Gm6806",1389,1389,0
"Gm18440",891,891,0
"Gm5638",1255,1255,0
"Gm10474",10886,2743,8143
"Fmr1",39423,5144,34279
"Fmr1nb",42723,931,41792
"Gm14698",4226,4226,0
"Gm6812",681,527,154
"Gm8344",1120,1120,0
"Aff2",511724,10210,501514
"Gm8172",1393,1393,0
"1700111N16Rik",214329,1132,213197
"1700020N15Rik",700,546,154
"Ids",22046,5131,16915
"1110012L19Rik",3504,1057,2447
"4930567H17Rik",840,840,0
"Gm16407",1991,1991,0
"Gm14704",759,759,0
"Gm6823",1736,1736,0
"Gm16441",4871,1619,3252
"Gm14722",556,556,0
"BC023829",17441,2526,14915
"Gm14729",562,562,0
"Gm6038",4973,1600,3373
"Gm8401",1736,1736,0
"Gm14726",771,771,0
"Gm14725",828,828,0
"Gm14728",493,493,0
"LOC102633954",545,545,0
"Rplp1-ps1",468,468,0
"Gm8410",930,930,0
"Gm6062",738,738,0
"LOC102642066",7516,888,6628
"Mamld1",106975,6079,100896
"Gm14730",1105,1105,0
"Mtm1",104647,4066,100581
"Mtmr1",54461,6882,47579
"Cd99l2",72810,3880,68930
"Hmgb3",4757,2009,2748
"Gpr50",5491,3578,1913
"Rpl30-ps10",466,466,0
"Vma21",11955,5003,6952
"Gm1141",8434,2148,6286
"Prrg3",10567,6712,3855
"Fate1",16061,938,15123
"Cnga2",18344,3221,15123
"LOC105243691",2139,373,1766
"Magea4",1950,1116,834
"Gabre",17897,3495,14402
"Mir224",82,82,0
"Mir452",85,85,0
"Magea10",4989,1821,3168
"Gabra3",224003,3829,220174
"Gm14735",3145,3145,0
"Mir767",107,107,0
"Mir105",80,80,0
"Gabrq",17445,6336,11109
"Magea9-ps",657,657,0
"Cetn2",4780,1186,3594
"Nsdhl",40008,2218,37790
"Zfp185",44291,3730,40561
"Mir2137",66,66,0
"Pnma5",6223,3319,2904
"Gm6858",680,680,0
"Pnma3",3405,3405,0
"Xlr4a",8163,1215,6948
"Xlr3a",10803,1976,8827
"Xlr5a",11904,3406,8498
"Gm14685",12222,4187,8035
"DXBay18",12228,5221,7007
"Xlr5b",11911,3427,8484
"Spin2d",1688,1015,673
"Xlr3b",10779,1822,8957
"Xlr4b",8131,1455,6676
"F8a",2490,2490,0
"Xlr4c",9059,1338,7721
"Xlr3c",11034,1721,9313
"Xlr5c",10610,1841,8769
"Gm5639",2370,2370,0
"Gm32150",12958,892,12066
"Gm7028",646,646,0
"Zfp275",16498,6414,10084
"Gm18336",1824,1824,0
"Zfp92",18836,8229,10607
"Trex2",1639,1016,623
"Haus7",21715,1365,20350
"Bgn",12325,2476,9849
"Atp2b3",70253,8192,62061
"Gm9730",5873,5873,0
"Dusp9",4126,2752,1374
"Pnck",4136,1860,2276
"Gm32261",2453,1639,814
"Slc6a8",9370,3981,5389
"Bcap31",30289,1510,28779
"Abcd1",21691,3401,18290
"Plxnb3",15952,7396,8556
"Srpk3",5665,3128,2537
"Idh3g",7991,1455,6536
"Ssr4",3801,804,2997
"Pdzd4",31613,3972,27641
"L1cam",27062,5295,21767
"Avpr2",3838,3112,726
"Arhgap4",16995,3750,13245
"Naa10",5075,1288,3787
"Renbp",8730,1418,7312
"Hcfc1",24344,9051,15293
"Gm8545",828,828,0
"Irak1",10008,3955,6053
"Mir5132",71,71,0
"Mir718",88,88,0
"Mecp2",59099,10660,48439
"Opn1mw",23291,1221,22070
"Gm6758",1496,1496,0
"Tex28",26079,1649,24430
"Rpl3-ps2",1309,1309,0
"Tktl1",31240,2471,28769
"Flna",26394,8514,17880
"Emd",6891,2397,4494
"Rpl10",2320,795,1525
"Snora70",129,129,0
"Dnase1l1",9117,1849,7268
"Mir7091",79,79,0
"Taz",13420,2702,10718
"Atp6ap1",7625,2189,5436
"Gdi1",6856,2657,4199
"Fam50a",7117,1383,5734
"Mir7092",68,68,0
"LOC105243692",9723,1084,8639
"Plxna3",15624,7535,8089
"Lage3",1457,760,697
"Ubl4",2831,2317,514
"Slc10a3-ubl4",5903,1187,4716
"Slc10a3",4133,2023,2110
"Fam3a",8562,2037,6525
"Ikbkg",63502,12231,51271
"G6pdx",19676,2616,17060
"Gm32472",1149,679,470
"Gm6880",1429,943,486
"Gm6881",904,904,0
"Gm15361",1581,1581,0
"Gm15362",381,381,0
"Gm15364",6240,2455,3785
"Gm4989",746,746,0
"Olfr1326-ps1",762,762,0
"Olfr1325",948,948,0
"Gm5640",6997,3223,3774
"Xlr5d-ps",10083,1650,8433
"Spin2-ps2",2175,1267,908
"Xlr3d-ps",8886,8886,0
"LOC102635138",1769,410,1359
"Xlr4d-ps",3263,272,2991
"Gm6890",1331,845,486
"Olfr1327-ps1",846,846,0
"Gm14758",1406,805,601
"Gm14695",2881,2881,0
"Gm8617",2537,2537,0
"Spin2-ps3",1844,1171,673
"Xlr5e-ps",10089,1650,8439
"Gm5936",6649,3228,3421
"LOC105243693",3423,423,3000
"Gm6897",1332,741,591
"LOC105246633",9871,1353,8518
"Spin2-ps4",1804,1129,675
"Xlr3e-ps",8761,8761,0
"Xlr4e-ps",8258,8258,0
"Gm15363",1401,914,487
"LOC100503280",2282,1688,594
"Gab3",96361,2129,94232
"Gm15367",1240,1240,0
"Dkc1",13924,2886,11038
"Mpp1",21217,2458,18759
"Fam220-ps",1453,1453,0
"Smim9",17700,1624,16076
"LOC101055888",853,853,0
"F8",210811,10768,200043
"Gm6039",2885,2885,0
"Gm8522",1929,1929,0
"Fundc2",14760,3261,11499
"Mtcp1",11739,2076,9663
"Brcc3",39075,4461,34614
"Gm15379",645,645,0
"LOC101055894",576,576,0
"Vbp1",20669,1834,18835
"LOC105243695",3742,806,2936
"Rab39b",6187,3402,2785
"LOC105243696",3676,2754,922
"Gm15065",503,503,0
"LOC102636028",1824,1824,0
"4933407K13Rik",39242,3376,35866
"Pls3",89517,3631,85886
"Oat-rs1",1744,1744,0
"Gm21025",1421,1421,0
"Gm7155",1859,1859,0
"Gm8692",438,438,0
"Gm14710",1087,969,118
"Gm5397",2856,1681,1175
"LOC105243697",22178,3049,19129
"LOC102636349",14418,719,13699
"Gm4937",3368,1010,2358
"LOC105246634",1634,154,1480
"Gm14712",12938,12938,0
"Magea7-ps",243,243,0
"4930428D18Rik",12657,1299,11358
"Gm5793",1575,1575,0
"4930468A15Rik",40145,1022,39123
"Gm14716",720,720,0
"LOC100502580",255,255,0
"Gm5398",1074,1074,0
"Gm5757",550,550,0
"Gm5937",760,760,0
"Tbl1x",152439,5768,146671
"Gm6927",16630,1081,15549
"Gm14746",1045,1045,0
"Gm8722",1034,1034,0
"Prkx",35317,4595,30722
"Pbsn",15603,782,14821
"Gm14744",5276,800,4476
"5430402E10Rik",5277,798,4479
"Gm14750",5260,794,4466
"Gm16458",7198,7198,0
"Obp1a",5870,757,5113
"Gm5938",4937,775,4162
"Obp1b",4635,516,4119
"Gm14743",6907,811,6096
"LOC102642034",11850,657,11193
"4930480E11Rik",1486,1486,0
"Gm8754",520,520,0
"Gm14752",5355,3533,1822
"Gm14745",3594,3594,0
"Prrg1",134304,5104,129200
"LOC102636784",477,477,0
"Gm8761",952,952,0
"LOC100415993",991,991,0
"Fam47c",1648,1648,0
"Gm8770",1063,1063,0
"Gm5939",3285,3285,0
"Gm17902",512,512,0
"Rps24-ps3",504,504,0
"Gm16462",62077,1068,61009
"Gm8787",27556,1390,26166
"Gm7173",35007,3121,31886
"Gm17817",897,897,0
"Mageb16",48205,1975,46230
"Gm8792",710,710,0
"Gm4772",956,956,0
"Gm4773",815,815,0
"Gm18107",510,510,0
"Gm14760",1206,1206,0
"Gm6952",490,490,0
"Gm14768",782,782,0
"Gm5940",1864,1864,0
"Gm8806",2397,2397,0
"Gm6954",380,380,0
"Tmem47",27232,4082,23150
"LOC102639894",26314,775,25539
"Gm18497",532,532,0
"4930595M18Rik",50338,2674,47664
"Gm8822",2538,2538,0
"Gm18386",687,687,0
"Dmd",2894338,17403,2876935
"Rpl10-ps4",371,371,0
"Gm14739",1012,1012,0
"Gm14741",579,579,0
"Tsga8",1251,1074,177
"Gm18847",902,902,0
"Gm19042",754,754,0
"Gm14769",2254,2254,0
"Gm16463",1124,732,392
"1600014K23Rik",20615,889,19726
"Tab3",60619,6983,53636
"LOC105243698",4875,509,4366
"Gyk",74883,4529,70354
"5430427O19Rik",114543,4180,110363
"LOC105243699",7844,1799,6045
"LOC102637469",1044,1044,0
"Gm14762",2421,2421,0
"Samt3",3115,1048,2067
"Nr0b1",4170,1794,2376
"Mageb4",5964,2401,3563
"Gm19043",1437,1437,0
"Gm8839",1646,1646,0
"Mageb10-ps",5328,1798,3530
"Gm19044",1612,1612,0
"Gm8844",2823,2702,121
"Mageb8-ps",993,993,0
"Gm41",9520,531,8989
"Mageb6-ps",2240,2240,0
"Gm18438",593,593,0
"Mageb7-ps",1041,1041,0
"LOC105243700",9363,1664,7699
"Il1rapl1",1374757,16967,1357790
"Gm18920",532,532,0
"Gm18794",989,989,0
"Gm8855",819,819,0
"Gm14776",825,825,0
"Gm14774",600,600,0
"Gm8864",1229,1229,0
"Gm14795",991,991,0
"Smek3-ps",2400,2400,0
"LOC100534377",1119,1119,0
"Mir1906-2",80,80,0
"LOC100862204",796,796,0
"Gm16412",420,420,0
"Gm14797",2162,2162,0
"Gm649",468,468,0
"Gm18439",516,516,0
"Pet2",5842,4182,1660
"Gm14804",518,518,0
"Gm6973",711,711,0
"4932429P05Rik",3224,3093,131
"Gm7108",4774,4774,0
"Nanog-ps1",469,469,0
"4930415L06Rik",2756,2618,138
"Gm6027",756,756,0
"Gm21008",1196,1196,0
"Gm18297",2300,2300,0
"Gm4746",2547,2547,0
"Gm6977",841,841,0
"Gm17962",1112,1112,0
"Bmp4-ps",839,839,0
"Gm44",14780,1137,13643
"Gm18175",799,799,0
"LOC101055749",624,451,173
"Gm14786",772,772,0
"Gm8908",1026,1026,0
"Mageb2",993,993,0
"Gm14783",863,863,0
"Gm5072",1035,1035,0
"Gm8914",2856,1762,1094
"Gm8916",1027,1027,0
"Gm14785",1167,1167,0
"1700084M14Rik",702,559,143
"Gm14781",11423,1483,9940
"Mageb5",3418,1314,2104
"Gm7113",958,958,0
"Gm16465",2262,2262,0
"Gm5071",84818,1843,82975
"Gm14784",864,864,0
"Mageb1",1143,1143,0
"Gm4911",934,934,0
"Gm4912",1096,1096,0
"Mageb18",480694,2160,478534
"Gm5941",733,560,173
"LOC100534312",1557,1557,0
"LOC102643091",123009,2471,120538
"1700003E24Rik",653,510,143
"BC061195",720,577,143
"Gm35324",31323,6922,24401
"Arx",11908,2841,9067
"Pola1",327437,5756,321681
"Gm35587",33422,10892,22530
"Gm14780",2815,2815,0
"Gm6985",1134,1134,0
"Pcyt1b",95089,5463,89626
"LOC105243701",30579,8833,21746
"Pdk3",67480,2000,65480
"Supt20-ps",775,775,0
"Gm15164",411,411,0
"AU015836",6815,3000,3815
"Gm4990",1401,1401,0
"Gm15165",932,686,246
"Gm6987",807,466,341
"Zfx",76013,8331,67682
"Eif2s3x",23943,3587,20356
"Klhl15",43230,10480,32750
"Mir7673",64,64,0
"Gm5400",948,948,0
"Gm14826",9391,1174,8217
"Gm14825",699,699,0
"4932442L08Rik",27035,1519,25516
"Apoo",50083,1508,48575
"Gm36131",24039,4762,19277
"Gm9003",1163,1038,125
"Gm14827",4996,3089,1907
"Gm18919",749,749,0
"Gm24595",6239,1949,4290
"Maged1",6601,2752,3849
"LOC101056046",858,858,0
"Gm18110",1059,1059,0
"LOC102640328",26800,955,25845
"Gspt2",2494,2494,0
"LOC105243702",2199,1028,1171
"Gm5402",1631,1631,0
"Zxdb",5623,5623,0
"LOC105243704",16306,4580,11726
"LOC102640468",2125,2125,0
"LOC105243703",2295,2295,0
"Rpl13-ps5",697,697,0
"Zxda",7005,7005,0
"Gm36695",13808,2011,11797
"Gm371",1524,1524,0
"Spin4",4176,4176,0
"Arhgef9",147918,6143,141775
"Gm6092",592,592,0
"Gm3712",507,507,0
"Gm14806",576,576,0
"Amer1",24528,8469,16059
"Gm18664",503,503,0
"Asb12",87795,1721,86074
"Zc4h2",19320,2269,17051
"Gm18108",1386,1386,0
"Gm29889",9056,271,8785
"Zc3h12b",221128,7996,213132
"1700010D01Rik",676,503,173
"Gm18239",635,635,0
"Las1l",36930,3965,32965
"Gm19691",10532,5853,4679
"LOC105246635",4793,766,4027
"Gm19635",1107,1107,0
"Msn",72509,3840,68669
"Gm30427",3916,2921,995
"Psmb7-ps1",400,400,0
"Gm14925",6429,354,6075
"Gm9051",1423,1423,0
"F630028O10Rik",3717,2777,940
"Mir223",110,110,0
"Vsig4",46318,1514,44804
"Hsf3",61736,2818,58918
"Gm18171",660,660,0
"Gm14933",955,955,0
"Heph",119050,6322,112728
"Rpl17-ps8",663,663,0
"Gm14935",1705,1705,0
"Gpr165",5921,3194,2727
"LOC105246636",966,792,174
"LOC105243706",24223,439,23784
"Gm9060",796,796,0
"Pgr15l",9509,5379,4130
"Gm14800",1035,1035,0
"Eda2r",43382,6154,37228
"Gm18111",674,674,0
"Gm9062",763,763,0
"Gm14802",1918,1918,0
"Ar",167398,2999,164399
"Gm14815",1593,1593,0
"Ophn1",337135,9383,327752
"Yipf6",12701,5333,7368
"Stard8",71501,5956,65545
"Gm5760",1230,1230,0
"Efnb1",12862,3258,9604
"LOC105243708",33755,1842,31913
"Gm30649",3044,370,2674
"Gm30704",4565,317,4248
"Gm14812",38467,1794,36673
"LOC105243709",6641,3836,2805
"Gm30798",3556,3213,343
"Gm14808",7161,5890,1271
"Pja1",5535,3319,2216
"Gm31155",5614,1321,4293
"LOC105246637",19520,469,19051
"Pcna-ps1",1613,1613,0
"Tmem28",25277,1416,23861
"Eda",425155,5139,420016
"Gm14829",1137,1137,0
"Gm14828",1152,1152,0
"Mir676",89,89,0
"Awat2",94886,5707,89179
"Otud6a",873,873,0
"Igbp1",21835,1518,20317
"Dgat2l6",30015,5866,24149
"Awat1",5960,1395,4565
"P2ry4",6570,6288,282
"Arr3",13474,3079,10395
"Pdzd11",3095,1108,1987
"Kif4",101207,6314,94893
"Gdpd2",9065,2838,6227
"Gm14902",7677,392,7285
"Dlg3",50825,6388,44437
"Tex11",220992,3594,217398
"Gm19083",2430,2430,0
"Gm14901",322,322,0
"LOC102632016",3397,815,2582
"Gm3820",881,385,496
"Slc7a3",11249,2791,8458
"Snx12",133197,4083,129114
"Foxo4",6615,5033,1582
"Gm614",2616,747,1869
"Il2rg",3820,1612,2208
"Med12",24844,8447,16397
"Nlgn3",22172,3883,18289
"Gm31385",3465,272,3193
"Gjb1",9254,1809,7445
"Zmym3",16802,7404,9398
"Nono",19034,2586,16448
"Itgb1bp2",17433,4754,12679
"Gm14843",392,392,0
"Gm6184",1258,1258,0
"Taf1",74216,9567,64649
"Ogt",44340,5436,38904
"Gm14845",2417,2417,0
"Gm31444",5953,1531,4422
"Marcksl1-ps5",1398,1218,180
"Cxcr3",2612,1608,1004
"Tpt1-ps6",770,770,0
"Gm9095",877,877,0
"LOC102634296",4124,2629,1495
"8030474K03Rik",4121,2314,1807
"Gm9097",877,877,0
"Gm3858",1651,492,1159
"H3f3a-ps1",863,863,0
"Nhsl2",243387,21929,221458
"Rgag4",4766,4356,410
"Pin4",8209,475,7734
"LOC105246639",2044,620,1424
"Ercc6l",14272,4198,10074
"LOC100862545",4097,861,3236
"Rps4x",4366,906,3460
"Gm14859",383,383,0
"Cited1",4804,1519,3285
"Gm14858",5039,1758,3281
"Hdac8",225047,14732,210315
"Gm32262",202597,4234,198363
"Phka1",130304,6147,124157
"Gm9109",1793,1685,108
"Gm14840",591,591,0
"LOC102635322",885,541,344
"Gm9112",783,457,326
"Dmrtc1b",7474,1914,5560
"Gm9115",1392,1392,0
"LOC102632256",2943,483,2460
"Gm5166",7194,890,6304
"Dmrtc1c1",12066,2170,9896
"Gm9126",1702,1702,0
"Gm16511",4493,4493,0
"Dmrtc1c2",9572,2055,7517
"1700031F05Rik",7839,1761,6078
"LOC102632367",1811,502,1309
"Dmrtc1a",30788,1503,29285
"1700011M02Rik",747,420,327
"1700018G05Rik",736,399,337
"Gm5126",2177,2177,0
"Gm14841",767,767,0
"Gm21998",1308,1308,0
"Pabpc1l2b-ps",1045,1045,0
"LOC105243712",1911,729,1182
"Pabpc1l2a-ps",600,600,0
"Gm3928",1307,1307,0
"Gm6206",2704,2704,0
"4930519F16Rik",73642,2793,70849
"Nap1l2",2606,2606,0
"Gm9050",694,694,0
"Gm14847",519,519,0
"Gm19200",1887,1887,0
"Cdx4",8827,1595,7232
"Gm9516",5851,730,5121
"Chic1",52769,7634,45135
"Tsx",15488,1400,14088
"Tsix",53441,4306,49135
"Xist",22861,17918,4943
"Gm14861",2319,2319,0
"Rps12-ps1",501,501,0
"Jpx",12850,3784,9066
"Gm9785",529,529,0
"Gm9157",634,634,0
"Gm9159",2200,2200,0
"Ftx",62845,7491,55354
"Mir421",76,76,0
"Mir374b",95,95,0
"Mir374c",49,49,0
"LOC100504066",2881,1047,1834
"Gm27321",75330,5589,69741
"Zcchc13",1079,1079,0
"Slc16a2",124575,4157,120418
"Gm6222",759,759,0
"Gm9164",1243,1243,0
"Gm9166",554,554,0
"Rlim",24134,9606,14528
"C77370",124323,11006,113317
"Mir672",100,100,0
"LOC105246640",6416,6324,92
"Abcb7",133282,5759,127523
"Vcp-rs",3238,3238,0
"Gm6238",841,841,0
"Uprt",23481,1112,22369
"Gm17963",583,583,0
"Zdhhc15",134122,6768,127354
"LOC105243714",52883,5569,47314
"1700121L16Rik",25680,561,25119
"Magee2",2316,2316,0
"Gm6285",569,569,0
"Gm33486",2456,1291,1165
"Gm9673",781,781,0
"LOC105243719",2591,2348,243
"5530601H04Rik",29271,3732,25539
"Pbdc1",37339,3612,33727
"Magee1",3517,3517,0
"LOC105243715",129522,1988,127534
"Gm6292",1092,1092,0
"Gm33605",29090,975,28115
"LOC105243716",1137,1137,0
"E530001F21Rik",1128,1128,0
"Rpl30-ps9",471,471,0
"Gm14824",914,914,0
"Mir384",88,88,0
"5330434G04Rik",18761,3449,15312
"Mir325",98,98,0
"Rab9b-ps1",3920,823,3097
"Cypt2",868,697,171
"Gm14854",964,964,0
"LOC105246638",26029,471,25558
"Fgf16",12056,3040,9016
"Atrx",131794,12182,119612
"Gm33953",223,192,31
"Magt1",43816,4524,39292
"Cox7b",6751,1001,5750
"Atp7a",100937,8198,92739
"Tlr13",17219,4014,13205
"Gm14856",615,615,0
"Pgk1",16600,1825,14775
"Taf9b",14285,2665,11620
"Fnd3c2",20127,3658,16469
"Gm14852",1778,1778,0
"Gm14857",3182,3182,0
"Gm5133",3349,3349,0
"Mir6382",110,110,0
"LOC100534371",46477,46477,0
"Fndc3c1",65536,5007,60529
"Cysltr1",27171,2979,24192
"Gm5127",127407,2170,125237
"Gm14877",23957,1074,22883
"Gm9200",1505,1505,0
"LOC102637288",218,218,0
"Zcchc5",3562,2947,615
"Lpar4",13275,4237,9038
"P2ry10",16478,2878,13600
"A630033H20Rik",24736,3466,21270
"Gm14834",713,713,0
"Gpr174",40892,5384,35508
"LOC102637393",1321,1321,0
"Gm14833",1050,1050,0
"Gm5392",629,629,0
"Itm2a",6166,1632,4534
"4933401B06Rik",1219,1219,0
"Tbx22",21017,5145,15872
"2610002M06Rik",33584,5842,27742
"Fam46d",80322,3433,76889
"Gm732",2713,1672,1041
"Gm14849",2316,2316,0
"Gm378",754,754,0
"LOC101055959",22545,2584,19961
"Gm17888",810,810,0
"Gm379",816,816,0
"Brwd3",97136,11422,85714
"2810403D21Rik",52419,1005,51414
"5730416F02Rik",812,812,0
"Hmgn5",8844,1907,6937
"Sh3bgrl",67061,2836,64225
"Gm14869",881,881,0
"Gm34464",5246,1358,3888
"Gm6377",9024,2928,6096
"Gm4784",1777,1777,0
"Gm34521",113335,1870,111465
"Gm4991",1932,1932,0
"Gm7134",2404,2404,0
"Gm9225",591,591,0
"LOC100417579",2669,2669,0
"Pou3f4",1086,1086,0
"Cylc1",15544,2103,13441
"Gm10112",643,643,0
"Rps6ka6",150261,5595,144666
"Gm7340",3398,3398,0
"Hdx",121876,4261,117615
"Gm14898",735,735,0
"Tex16",232469,5759,226710
"Gm14900",733,733,0
"Gm6335",8294,8294,0
"4933403O08Rik",77913,8264,69649
"LOC102392594",645,645,0
"Apool",61348,1315,60033
"Satl1",23573,3522,20051
"Gm6418",3542,3542,0
"Gm14908",1208,1208,0
"2010106E10Rik",63070,1287,61783
"Zfp711",34545,4468,30077
"Pof1b",60285,3974,56311
"Gm14921",1069,1069,0
"Gm6427",1022,1022,0
"Gm14938",1032,1032,0
"Gm14936",28891,2621,26270
"Chm",144950,7803,137147
"Mir361",70,70,0
"Gm7405",1034,1034,0
"Dach2",538877,8239,530638
"Gm4915",1566,1566,0
"Gm14896",1348,1348,0
"Gm7416",1765,1765,0
"LOC101055752",657,657,0
"Klhl4",86797,3884,82913
"Gm14895",1324,1324,0
"Gm1866",1418,1418,0
"Gm14894",503,503,0
"Gm5942",496,496,0
"Ube2dnl1",930,743,187
"Ube2dnl2",929,743,186
"4930555B12Rik",1609,280,1329
"Gm4914",2095,2095,0
"Gm7429",461,461,0
"Gm5943",845,845,0
"Gm6461",630,630,0
"Gm5944",1221,1221,0
"Gm14903",6850,616,6234
"Gm14907",656,656,0
"Cpxcr1",29840,1596,28244
"H2afb2",348,348,0
"Gm19152",687,687,0
"Gm16373",496,496,0
"Gm18172",17571,17571,0
"Gm14920",348,348,0
"Gm14913",1180,1180,0
"Gm14911",1564,1564,0
"Gm14914",1519,1519,0
"Gm14917",2137,2137,0
"Gm6500",901,901,0
"Gm14912",1761,1761,0
"Gm1971",3407,3407,0
"Gm14910",1794,1794,0
"Tgif2lx2",1032,1032,0
"Tgif2lx1",1022,1022,0
"Gm7485",1428,1428,0
"Gm14926",654,424,230
"Pabpc5",2970,2434,536
"Gm4913",1287,1287,0
"Gm16420",846,846,0
"Gm5863",1225,1225,0
"Gm30577",7837,1425,6412
"Pcdh11x",620359,10190,610169
"H2afb3",348,348,0
"Gm14930",674,674,0
"Gm4993",8253,1708,6545
"Gm5394",972,972,0
"Gm5648",1584,1584,0
"Gm14932",647,647,0
"Gm14943",4274,4274,0
"Gm4992",1517,1517,0
"Gm16421",1577,1577,0
"Nap1l3",2826,2826,0
"Gm14947",732,732,0
"Gm14940",1366,1366,0
"Gm17521",12308,1875,10433
"3110007F17Rik",42630,4561,38069
"Astx6",2884,1150,1734
"Srsx",1491,1491,0
"Gm17577",1262,1203,59
"Rps12-ps21",467,467,0
"Gm2411",31934,987,30947
"Gm17412",4490,1626,2864
"LOC101055703",450,450,0
"Gm6604",28716,1147,27569
"Gm14950",2888,1155,1733
"Gm17467",27452,2763,24689
"LOC100862106",424,424,0
"Gm5167",34938,1117,33821
"Astx",3229,1493,1736
"Gm34491",4490,1626,2864
"Rps12-ps20",450,450,0
"Gm5945",28355,1064,27291
"Vmn2r121",8572,3062,5510
"Gm34580",1179,1179,0
"Rps12-ps6",497,497,0
"Rps12-ps11",427,427,0
"Rps12-ps12",427,427,0
"Rps12-ps18",410,410,0
"Rps12-ps15",427,427,0
"Gm21571",427,427,0
"Rps12-ps17",497,497,0
"Rps12-ps13",427,427,0
"Rps12-ps14",427,427,0
"Rps12-ps16",427,427,0
"Gm14957",41206,902,40304
"Gm14971",1424,1424,0
"4932411N23Rik",21543,3634,17909
"Gm381",898,898,0
"Gm382",24015,4070,19945
"Gm18023",907,907,0
"4921511C20Rik",1606,1606,0
"4930412D23Rik",15380,821,14559
"Gm5403",1487,1487,0
"Mdm4-ps",3549,3549,0
"Gm14975",658,658,0
"Gm4916",1775,1775,0
"Gm2836",1979,1979,0
"4930558G05Rik",15623,585,15038
"Gm14986",1002,1002,0
"Gm14985",798,798,0
"Diap2",716167,8537,707630
"LOC102631983",6491,6491,0
"Gm7781",22074,878,21196
"Gm14987",671,671,0
"Gm14976",2206,2206,0
"Gm14977",909,909,0
"Gm4994",2727,2289,438
"Gm7058",911,911,0
"Gm14981",1036,1036,0
"Gm7820",1282,1282,0
"Gm7821",769,769,0
"Gm7823",1614,1614,0
"Gm14979",890,890,0
"LOC100417818",745,745,0
"Gm2970",2597,2597,0
"Pcdh19",106134,10295,95839
"Gm26851",19504,939,18565
"Tnmd",14570,1325,13245
"Tspan6",7360,1763,5597
"Srpx2",24033,2934,21099
"Sytl4",45438,5052,40386
"Gm7841",859,859,0
"Cstf2",27684,6411,21273
"Mir3112",82,82,0
"Nox1",51700,3314,48386
"Xkrx",36465,5127,31338
"Arl13a",20530,1742,18788
"Trmt2b",54085,3756,50329
"Tmem35",10745,1918,8827
"Cenpi",54555,3226,51329
"Drp2",51947,7262,44685
"Taf7l",16411,2090,14321
"Gm16410",2094,2094,0
"Timm8a1",4372,1183,3189
"Btk",41290,2910,38380
"Rpl36a",2409,489,1920
"Gla",12837,3032,9805
"Hnrnph2",5877,2472,3405
"Gm7855",3468,1156,2312
"LOC102635245",1074,574,500
"B230119M05Rik",1901,979,922
"Armcx4",12125,9741,2384
"Armcx1",4006,2885,1121
"LOC105243720",6614,1462,5152
"Gm16397",1289,1289,0
"Armcx6",7896,2554,5342
"Armcx3",4890,3414,1476
"Mir7093",101,101,0
"Armcx2",5080,3847,1233
"Gm7222",906,906,0
"Gm15018",621,621,0
"Nxf2",20230,2646,17584
"Zmat1",37838,3504,34334
"3632454L22Rik",37927,5248,32679
"Gm6207",3024,3024,0
"Gm15023",10184,3873,6311
"Tceal6",2002,1115,887
"Gm15022",767,767,0
"Pramel",10931,1686,9245
"Pramel3",10348,3736,6612
"Gm6215",3000,3000,0
"Gm5128",10145,4260,5885
"Gm6221",3097,3097,0
"Gm7903",10197,4259,5938
"Gm7905",3073,3073,0
"AV320801",10139,3830,6309
"Gm6228",3012,3012,0
"Nxf7",19223,2481,16742
"Prame",14749,2317,12432
"Gm15021",739,739,0
"1700008I05Rik",39093,1776,37317
"Tmsb15a",6595,593,6002
"Gprasp1",60777,5959,54818
"Armcx5",4637,2826,1811
"Mir7646",54,54,0
"Gm18614",570,570,0
"Mir1970",104,104,0
"Gprasp2",5697,3818,1879
"Bhlhb9",49443,3576,45867
"LOC105246641",4218,3056,1162
"Gm31214",12884,4971,7913
"Arxes2",1540,1540,0
"Arxes1",1580,1580,0
"Bex2",1672,902,770
"Nxf3",13455,3469,9986
"5730412P04Rik",10818,1382,9436
"Bex4",1395,784,611
"Tceal8",3268,2472,796
"Mir6383",116,116,0
"LOC105246642",10753,4763,5990
"Tceal5",2904,1109,1795
"Bex1",1542,866,676
"Tceal7",11187,1220,9967
"LOC105243722",2157,1192,965
"Wbp5",2060,1018,1042
"Ngfrap1",1726,938,788
"Nsa2-ps2",770,770,0
"Gm14997",630,630,0
"Gm4917",647,647,0
"Gm7973",841,841,0
"Gm14994",1082,1082,0
"Gm14999",727,727,0
"Gm14991",93196,599,92597
"Kir3dl2",96212,2194,94018
"Kir3dl1",16310,1557,14753
"Gm15006",1304,1304,0
"Gm15004",733,733,0
"Tceal3",77673,2797,74876
"LOC105243723",4983,680,4303
"Tceal1",1908,1499,409
"Morf4l2",10745,2486,8259
"BC065397",60408,3229,57179
"Glra4",35531,6665,28866
"Plp1",15837,3473,12364
"Rab9b",10390,3761,6629
"Gm15026",458,426,32
"H2bfm",1049,1049,0
"Gm6275",2089,2089,0
"Tmsb15l",21887,821,21066
"Tmsb15b2",2992,681,2311
"Tmsb15b1",2853,439,2414
"Slc25a53",57187,9367,47820
"Zcchc18",4143,3701,442
"Fam199x",32910,8299,24611
"Gm8019",581,581,0
"Gm5761",1697,1697,0
"LOC101055892",1119,940,179
"LOC101055898",1120,1039,81
"LOC101055905",1127,916,211
"Gm15043",1543,1435,108
"Gm15044",580,580,0
"Esx1",6735,1786,4949
"Gm15040",1624,1624,0
"Gm8036",2956,1363,1593
"Il1rapl2",1275407,5366,1270041
"LOC102634065",643,643,0
"Tex13a",1434,1335,99
"Gm15000",1323,1323,0
"Gm15001",1077,1077,0
"Nrk",96221,8333,87888
"4930513O06Rik",26806,956,25850
"Serpina7",6026,2494,3532
"Gm19226",984,984,0
"4933428M09Rik",1795,1039,756
"Mum1l1",28306,5748,22558
"C330013F16Rik",117513,4041,113472
"Trap1a",4483,1174,3309
"Gm8061",854,414,440
"D330045A20Rik",74364,3888,70476
"Rnf128",109806,3294,106512
"Gm6322",1621,1225,396
"Tbc1d8b",69262,5946,63316
"Gm15013",882,882,0
"Ripply1",2673,679,1994
"Cldn2",10579,3301,7278
"Morc4",50058,5340,44718
"Rbm41",109085,7869,101216
"Gm15011",1461,1461,0
"Nup62cl",55906,2360,53546
"E230019M04Rik",44231,2275,41956
"LOC105246643",981,411,570
"LOC105243724",11537,1131,10406
"Frmpd3",100567,5146,95421
"Mir3475",65,65,0
"Gm32113",53274,5287,47987
"Gm29750",38964,8777,30187
"Prps1",19538,1975,17563
"LOC105243725",8892,513,8379
"Tsc22d3",60995,3876,57119
"Mid2",103413,7280,96133
"Eif2c5",20643,1413,19230
"Gm6088",3348,3348,0
"Tex13",5145,2282,2863
"Gm7091",586,586,0
"Vsig1",31958,3108,28850
"Psmd10",8287,1456,6831
"Atg4a",207354,772,206582
"Col4a6",308674,6766,301908
"LOC105243726",6028,1950,4078
"Gm15078",779,779,0
"Col4a5",213868,6554,207314
"Irs4",14224,6252,7972
"Hmgn2l6",9406,9406,0
"Gm15294",2045,1189,856
"Gm6368",2439,2439,0
"Gm5762",316,316,0
"Gm6373",366,366,0
"Gucy2f",117991,10167,107824
"Gm6382",1099,1099,0
"Nxt2",12931,2990,9941
"Gm5643",1733,1733,0
"Kcne1l",1446,1446,0
"Acsl4",72806,5547,67259
"Gm6067",711,711,0
"Gm7123",317,317,0
"Gm15031",222,222,0
"LOC105243727",432,432,0
"Gm15032",3090,505,2585
"Gm5763",1944,1944,0
"Tmem164",163148,7318,155830
"Mir652",98,98,0
"Gm15049",904,904,0
"Ammecr1",113255,3109,110146
"Rgag1",47388,12351,35037
"Gm4760",1069,1069,0
"Chrdl1",108589,6780,101809
"Pak3",279429,10343,269086
"Capn6",25177,3554,21623
"Dcx",77429,9206,68223
"Gm33039",7650,697,6953
"Gm15048",642,642,0
"A730046J19Rik",12580,4707,7873
"Gm8199",816,816,0
"Gm8202",353,353,0
"LOC102635960",168,168,0
"Gm15066",2608,2608,0
"Mir680-2",110,110,0
"Gm33235",3232,2511,721
"Alg13",56485,5407,51078
"Trpc5",310567,9739,300828
"Trpc5os",21283,4822,16461
"Gm15071",1094,1094,0
"Mageb16-ps1",3482,3482,0
"Zcchc16",434197,4335,429862
"LOC105246645",8605,1087,7518
"Gm8216",595,595,0
"Mir3472",71,71,0
"Gm15073",634,634,0
"Gm6441",900,900,0
"Lhfpl1",81946,2127,79819
"Amot",59118,8734,50384
"Gm5644",626,626,0
"Gm6446",818,818,0
"Gm6447",1178,1178,0
"Gm4918",1081,1081,0
"Hmgb1-ps2",636,636,0
"Gm18173",65535,65535,0
"Gm15061",1029,1029,0
"Gm8261",2300,2300,0
"Gm15075",2563,513,2050
"Gm15074",976,922,54
"Gm18174",58581,58581,0
"Gm4996",750,750,0
"Htr2c",234765,4750,230015
"Snora35",119,119,0
"Mir3552",105,105,0
"Mir764",108,108,0
"Mir1912",87,87,0
"Mir1264",86,86,0
"Mir1298",98,98,0
"Mir448",112,112,0
"Il13ra2",45715,2418,43297
"Vmn1r239-ps",1195,1195,0
"Lrch2",83729,6782,76947
"Gm16400",1911,1911,0
"Gm8289",5527,1203,4324
"Gm15128",43464,1936,41528
"Gm6464",1585,1585,0
"Gm15081",925,925,0
"Gm21928",1706,1706,0
"Gm15080",40182,2029,38153
"LOC101055708",4432,950,3482
"Gm8303",1896,1896,0
"Gm2286",1748,1748,0
"Gm15107",44036,2327,41709
"Gm6470",1643,1643,0
"Gm15109",40305,2130,38175
"Gm15113",4432,950,3482
"Gm8320",1896,1896,0
"Gm2307",1748,1748,0
"Gm15114",32498,1974,30524
"Gm15106",2547,892,1655
"Gm15112",3774,893,2881
"Gm8331",1896,1896,0
"Gm8334",1748,1748,0
"Gm15127",40262,2271,37991
"Gm15126",11909,1052,10857
"Kars-ps1",1896,1896,0
"Gm6488",1649,1649,0
"Luzp4",66446,15052,51394
"Gm15094",12177,932,11245
"Gm15096",926,926,0
"Gm6492",1592,1592,0
"Ott",40201,2028,38173
"Gm15090",4432,950,3482
"Gm8346",1896,1896,0
"Gm15093",32627,2022,30605
"LOC101055793",4432,950,3482
"Gm8366",1896,1896,0
"Gm6499",1631,1631,0
"Gm15085",40168,2028,38140
"Gm2346",1748,1748,0
"Gm10439",42021,1803,40218
"Gm8383",1902,1902,0
"Gm8389",1646,1646,0
"Gm15097",42271,2183,40088
"LOC100503973",1737,851,886
"Gm15095",7567,961,6606
"Gm6512",1532,1532,0
"Gm15091",43596,2383,41213
"Gm15102",1408,1408,0
"Gm15103",1060,1060,0
"Gm8402",1894,1894,0
"Gm21929",1706,1706,0
"Gm20153",19894,1393,18501
"Gm5946",2652,2652,0
"Gm15104",24794,2457,22337
"Gm15105",958,958,0
"Tmem29",69559,3102,66457
"LOC100417581",1996,1996,0
"Apex2",84563,5461,79102
"Mir3620",61,61,0
"Alas2",23206,1979,21227
"LOC105243730",426,376,50
"LOC105243731",1924,1874,50
"Pfkfb1",55622,2991,52631
"Tro",12874,7544,5330
"Gm15132",650,650,0
"Gm15131",706,706,0
"Gm33991",1833,707,1126
"Gm18773",1618,1618,0
"Maged2",7920,2514,5406
"Itih5l-ps",30483,4477,26006
"Gm8424",1666,1666,0
"Gnl3l",34190,4938,29252
"Fgd1",43569,4249,39320
"Tsr2",9450,3805,5645
"Rps12-ps7",502,502,0
"Wnk3",151418,12486,138932
"Rpl21-ps15",13425,13425,0
"A230072E10Rik",28545,3290,25255
"Fam120c",131205,9417,121788
"Gm17845",1907,1907,0
"Gm6451",781,781,0
"Gm15148",358,358,0
"Phf8",113248,7997,105251
"Gm5395",912,912,0
"Gm15151",306,306,0
"Gm4919",917,917,0
"Gm18498",1348,1348,0
"Huwe1",134611,15707,118904
"Mir3113",76,76,0
"Mirlet7f-2",83,83,0
"Mir98",108,108,0
"Gm15191",1225,1225,0
"Hsd17b10",2547,911,1636
"Ribc1",13640,3091,10549
"LOC105243729",4658,1086,3572
"Smc1a",45546,3970,41576
"Gm15267",523,523,0
"Gm15266",982,207,775
"Iqsec2",81055,8787,72268
"Kdm5c",45907,11058,34849
"Kantr",32670,4258,28412
"Tspyl2",5655,2783,2872
"Gpr173",25371,5268,20103
"3010001F23Rik",48131,1150,46981
"Gm4750",1139,1139,0
"Gm8464",1139,1139,0
"LOC105246644",8047,1869,6178
"Gm7157",26683,1592,25091
"Gm7158",702,702,0
"Gm8475",590,590,0
"Shroom2",160743,9403,151340
"Gm18298",545,545,0
"Gpr143",26731,1656,25075
"Rpl7a-ps12",1591,862,729
"Gm6472",692,692,0
"Usp51",3533,2789,744
"Foxr2",116067,4711,111356
"Mageh1",1398,1398,0
"9530051G07Rik",35287,4414,30873
"Gm5396",981,981,0
"Rragb",50397,3265,47132
"Klf8",173115,7989,165126
"Gm7150",1183,1183,0
"Ubqln2",3331,3331,0
"Cypt3",863,701,162
"LOC105243732",55278,297,54981
"Gm8534",770,770,0
"Kctd12b",11233,4901,6332
"2210013O21Rik",17743,856,16887
"Smt3h1-ps",1593,1593,0
"Spin2c",2242,1600,642
"Samt1",11054,987,10067
"4921511M17Rik",11051,987,10064
"Gm10057",11057,987,10070
"Gm15143",4326,1010,3316
"Gm5947",4257,919,3338
"Gm15140",11056,987,10069
"Gm5645",4549,932,3617
"Gm16445",4317,971,3346
"Gm6620",3237,715,2522
"Gm5060",817,817,0
"Gm15141",2270,729,1541
"4930524N10Rik",4168,919,3249
"Gm5646",3956,973,2983
"Gm8569",656,656,0
"Samt4",2681,963,1718
"Samt2",4103,893,3210
"Gm15142",3545,805,2740
"LOC105243734",5897,434,5463
"Gm35136",1216,361,855
"Gm8578",980,980,0
"Gm16390",26838,1240,25598
"Magea6",2104,1201,903
"Magea3",10852,1760,9092
"Gm6645",2928,2147,781
"Magea8",10076,1750,8326
"Magea2",6113,1706,4407
"Magea5",10085,1698,8387
"Magea1",1272,1272,0
"1700042B14Rik",22933,1380,21553
"Amd-ps1",3180,3180,0
"LOC102638905",806,806,0
"Sat1",3324,1278,2046
"Gm15159",835,835,0
"Acot9",35221,1819,33402
"Prdx4",16832,1418,15414
"LOC105243735",37245,4418,32827
"Gm15158",616,616,0
"Gm8606",939,939,0
"Ptchd1",54077,6559,47518
"LOC102639025",437895,1654,436241
"Gm15160",520,520,0
"4930503H13Rik",635,635,0
"Gm15163",2232,2232,0
"Phex",254477,6884,247593
"Gm15172",1022,1022,0
"Sms",48195,3846,44349
"LOC102639091",156,156,0
"Gm6568",947,910,37
"Mbtps2",50894,4799,46095
"Yy2",2867,2867,0
"Gm15173",1259,613,646
"LOC102634999",724,724,0
"Gm15171",12702,765,11937
"Smpx",53619,1506,52113
"LOC105243737",2094,1938,156
"Klhl34",2626,2626,0
"Cnksr2",221741,7199,214542
"Gm8659",1572,1572,0
"Gm15170",2659,2659,0
"Gm8662",606,606,0
"Gm5764",879,879,0
"Gm15189",1573,1573,0
"Rps6ka3",112463,9110,103353
"Eif1ax",13505,926,12579
"Gm15187",264,264,0
"Map7d2",84435,3919,80516
"LOC105243738",9020,1483,7537
"A830080D01Rik",60441,3419,57022
"Gm15190",713,713,0
"Gm15186",742,742,0
"Sh3kbp1",348892,6706,342186
"Map3k15",134919,4348,130571
"Gm8682",677,677,0
"Pdha1",16118,2761,13357
"LOC105243739",3663,3135,528
"Gm15195",357,357,0
"Gm15196",1300,1300,0
"LOC105243740",9862,312,9550
"Gm15193",720,720,0
"Gpr64",107431,5615,101816
"Gm15241",11168,288,10880
"Phka2",96724,6537,90187
"Ppef1",143582,3793,139789
"Rs1",31651,5840,25811
"Cdkl5",210374,3246,207128
"Gja6",4937,2017,2920
"Scml2",175590,5505,170085
"Gm5419",859,859,0
"Gm36049",23738,2060,21678
"Prkaca-ps1",2965,2011,954
"Rai2",62459,2508,59951
"Scml1",6312,1477,4835
"Nhs",326152,17522,308630
"Gm15204",2319,2319,0
"Reps2",231754,7839,223915
"Gm7331",494,494,0
"LOC105243741",1453,1453,0
"Gm8737",639,639,0
"Gm15201",1643,1529,114
"Rbbp7",18719,2272,16447
"Txlng",50538,5686,44852
"Gm16459",654,654,0
"Syap1",31620,2316,29304
"Mir3473a",78,78,0
"Gm15209",476,476,0
"Ctps2",133299,6093,127206
"Gm19107",909,909,0
"S100g",2608,480,2128
"LOC102640295",27452,636,26816
"Gm7199",1671,1671,0
"Grpr",35744,2493,33251
"Rnf138rt1",1194,1194,0
"Gm20188",374,374,0
"Ap1s2",26290,7621,18669
"Zrsr2",23378,8323,15055
"LOC102641516",8373,1822,6551
"Car5b",51189,3449,47740
"Siah1b",5962,2263,3699
"Tmem27",30031,1389,28642
"Ace2",49077,3645,45432
"Bmx",65352,3005,62347
"Gm19251",4335,4335,0
"Pir",103583,1601,101982
"Figf",29653,2429,27224
"Piga",14237,4248,9989
"Asb11",22214,2026,20188
"Asb9",41850,1128,40722
"Mospd2",44207,4208,39999
"Fancb",16737,3478,13259
"Gm6730",1317,1317,0
"Glra2",198526,3361,195165
"LOC100302566",707,707,0
"Gm15225",7956,7956,0
"Gemin8",20101,2013,18088
"Gpm6b",150091,5215,144876
"Ofd1",50806,5419,45387
"Trappc2",11719,765,10954
"Rab9",22617,1473,21144
"Gm15229",1338,1338,0
"Gm15223",848,848,0
"Tceanc",18787,5922,12865
"Egfl6",62710,2700,60010
"Gm1720",27788,1503,26285
"Gm36547",22347,3082,19265
"Gm36867",1041,349,692
"Gm36918",10835,866,9969
"Rpl7a-ps11",864,864,0
"Gm15230",11503,3492,8011
"Gm30354",15725,7052,8673
"Gm8814",908,908,0
"Gm8817",6922,570,6352
"Gm15232",14018,2338,11680
"LOC105243742",9931,250,9681
"Tmsb4x",6387,947,5440
"Tlr8",23207,5409,17798
"Tlr7",25649,3982,21667
"Prps2",36779,5536,31243
"LOC102641779",3084,720,2364
"Gm6744",1168,1046,122
"Frmpd4",1105944,12651,1093293
"Gm15238",1353,1353,0
"Gm15240",705,705,0
"LOC102635760",97195,445,96750
"LOC105243743",986,192,794
"Msl3",23122,5851,17271
"Arhgap6",509347,9549,499798
"Amelx",12244,4595,7649
"Hccs",8814,2694,6120
"LOC101055907",49587,4105,45482
"Gm15245",28084,1186,26898
"Mid1",305600,5799,299801
"4933400A11Rik",3258,1230,2028
"LOC105243744",25501,1447,24054
"G530011O06Rik",3875,2380,1495
"Erdr1",8272,662,7610
"Asmt",5411,1191,4220
"1700020D14Rik",1640,604,1036
"Gm29089",1639,604,1035
"Gm2098",26139,26139,0
"Zfy1",72203,2785,69418
"Uba1y",25613,4082,21531
"Rhoay-ps3",684,684,0
"Kdm5d",46154,5737,40417
"LOC105243748",4193,2408,1785
"LOC105243747",1382,1307,75
"Eif2s3y",36234,2940,33294
"Tspy-ps",3105,321,2784
"Uty",160568,7764,152804
"LOC105243746",6000,5042,958
"Ddx3y",25914,4848,21066
"Gm4017",667,667,0
"Gm18665",503,503,0
"Gm5377",3815,3815,0
"Usp9y",160822,8094,152728
"Gm17790",8979,8979,0
"Gm8446",14831,14831,0
"Vmn2r-ps136",494,494,0
"Gm18797",4426,4426,0
"Rhoay-ps1",753,753,0
"Zfy2",64395,3117,61278
"Uba1y-ps2",16600,16600,0
"Gm18796",10107,10107,0
"LOC105243749",2063,440,1623
"Gm18178",14698,14698,0
"Vmn2r-ps137",3306,3306,0
"Vmn2r-ps138",141,141,0
"Gm6026",336,336,0
"Uba1y-ps1",24108,24108,0
"Sry",1188,1188,0
"Gm18798",9804,9804,0
"Gm16501",336,336,0
"Gm4064",11060,1580,9480
"Gm6137",578,578,0
"Gm8498",1179,1179,0
"Rbmy",11179,2190,8989
"Gm8502",1193,1193,0
"Gm10256",11358,1580,9778
"Gm8506",1173,1173,0
"Gm10352",11222,1580,9642
"Gm8510",1187,1187,0
"Gm21677",11478,1736,9742
"Gm21133",988,860,128
"Gm21693",18689,1841,16848
"Gm21139",964,860,104
"Gm21704",11641,1736,9905
"Gm21147",1000,860,140
"Gm21708",10984,1971,9013
"Gm21156",956,860,96
"Rhoay-ps2",561,561,0
"Gm2316",845,845,0
"Gm3376",11599,1580,10019
"Gm2325",578,578,0
"Gm28649",7601,1698,5903
"Gm18177",691,691,0
"Gm8525",861,861,0
"Vmn2r-ps139",11600,2116,9484
"Vmn2r-ps140",444,444,0
"Gm21064",40598,1975,38623
"LOC102632050",561,561,0
"Gm28356",24449,667,23782
"Gm28357",2359,622,1737
"Gm17361",963,963,0
"Gm29354",681,681,0
"Gm21820",1647,1647,0
"Gm33653",10304,730,9574
"Gm21778",699,699,0
"Gm20873",818,818,0
"Gm28916",699,699,0
"Gm21719",693,693,0
"Gm28442",13354,1952,11402
"Gm28998",42902,861,42041
"Gm28397",576,576,0
"Gm20826",758,758,0
"Vmn2r-ps149",881,881,0
"Gm28576",24606,546,24060
"Gm28574",576,576,0
"LOC105247281",576,576,0
"LOC105247282",26022,709,25313
"Gm20815",2921,1796,1125
"Gm21292",1551,1551,0
"Gm29475",25703,996,24707
"Gm29142",591,591,0
"Gm21310",699,699,0
"Gm29525",576,576,0
"Gm20737",808,808,0
"Gm20775",2380,2380,0
"Gm20777",10369,924,9445
"Vmn2r-ps147",706,706,0
"Gm20828",687,687,0
"Gm34927",1069,687,382
"Gm28657",687,687,0
"Gm28656",1425,1425,0
"Gm35108",687,687,0
"Gm21379",1958,1958,0
"Gm21513",1664,1664,0
"Gm21393",2415,2325,90
"Gm20807",699,699,0
"Gm21425",699,699,0
"Gm21440",699,699,0
"Gm21454",814,814,0
"Gm20773",814,814,0
"Gm32295",699,699,0
"Gm20836",699,699,0
"Gm20928",814,814,0
"Gm30737",24449,549,23900
"Gm31421",372,372,0
"Gm31511",13065,120,12945
"Vmn2r-ps146",706,706,0
"Gm20822",687,687,0
"Gm32368",1068,687,381
"Gm32447",700,700,0
"Gm33112",687,687,0
"Gm21809",1425,1425,0
"Gm20877",2009,1212,797
"Gm33191",687,687,0
"Gm20781",1108,1108,0
"Rbm31y",1958,1958,0
"Gm33267",8109,687,7422
"Gm20780",1664,1664,0
"Gm20739",2415,2325,90
"Gm20833",699,699,0
"Gm20772",699,699,0
"Srsy",1606,1606,0
"Gm20831",2442,1342,1100
"Ssty1",2385,1285,1100
"Gm20851",814,814,0
"Gm31260",699,699,0
"Gm21660",699,699,0
"Gm21678",814,814,0
"Gm35134",24448,549,23899
"Gm35758",372,372,0
"Gm35843",13057,120,12937
"Gm32264",372,372,0
"Gm36891",30391,667,29724
"Gm20910",2395,1295,1100
"Gm20865",2237,1126,1111
"Gm32347",576,576,0
"Gm21366",26148,798,25350
"Gm21871",699,699,0
"Gm29740",24563,546,24017
"Gm21845",684,684,0
"Gm20809",995,995,0
"Gm21350",684,684,0
"Gm33488",2500,690,1810
"Gm20857",26034,730,25304
"Gm20858",26006,730,25276
"Gm28938",3236,1495,1741
"Gm20811",63191,5230,57961
"Gm28987",2280,537,1743
"Gm28127",2365,622,1743
"Gm21853",24389,667,23722
"Gm21679",12902,120,12782
"Gm32239",372,372,0
"Gm28090",24404,667,23737
"Gm29582",12872,120,12752
"Gm34190",372,372,0
"Gm28486",2362,621,1741
"Gm21737",24405,667,23738
"LOC102639191",12877,120,12757
"Gm36133",372,372,0
"Gm21744",24410,667,23743
"Gm28764",3236,1498,1738
"Gm21094",12876,120,12756
"Gm31680",372,372,0
"Gm21756",24412,667,23745
"Gm28518",3236,1498,1738
"Gm20838",12890,120,12770
"Gm33737",372,372,0
"Gm28522",2279,537,1742
"Gm21647",31728,862,30866
"Gm29081",3241,1500,1741
"Gm29386",3241,1500,1741
"Gm21896",699,699,0
"Vmn2r-ps144",159,159,0
"Vmn2r-ps143",636,636,0
"Gm28260",3240,1499,1741
"Gm21795",699,699,0
"Gm20898",2402,1177,1225
"Gm29027",3236,1495,1741
"Gm29029",699,699,0
"Gm29024",819,819,0
"Gm21799",819,819,0
"Gm29411",699,699,0
"Gm21835",684,684,0
"Gm29412",997,997,0
"Gm20738",2319,1209,1110
"LOC105247286",576,576,0
"Gm20899",1244,1244,0
"Gm20901",24431,667,23764
"Gm29360",2280,537,1743
"Gm36782",13859,4485,9374
"Gm29839",13859,4485,9374
"Gm29495",24434,667,23767
"Gm29215",2359,621,1738
"Gm28850",2365,622,1743
"Gm28617",2280,537,1743
"Gm20793",9632,852,8780
"Gm20795",699,699,0
"Gm28596",699,699,0
"Gm20832",31935,920,31015
"LOC105247283",13267,120,13147
"Gm20827",699,699,0
"Gm21729",24432,667,23765
"Gm29276",13034,120,12914
"Gm34671",372,372,0
"Gm29165",24403,667,23736
"LOC105247284",231,192,39
"LOC105247285",232,193,39
"Gm28504",12941,120,12821
"Gm34841",372,372,0
"Gm29286",2280,537,1743
"Gm28280",2364,622,1742
"Gm21241",24431,667,23764
"Gm21739",12954,120,12834
"Gm33420",372,372,0
"Gm29426",2279,536,1743
"Gm29073",24407,667,23740
"Gm36135",372,372,0
"Gm29647",12926,120,12806
"Gm29211",24396,667,23729
"Gm30707",372,372,0
"Gm21256",12873,120,12753
"Gm21170",24602,862,23740
"Gm32636",372,372,0
"Gm20792",12876,120,12756
"Gm21191",24589,862,23727
"Gm28682",699,699,0
"Gm28871",699,699,0
"Gm29319",699,699,0
"Gm21245",684,684,0
"Gm28738",576,576,0
"Gm21258",26034,709,25325
"Gm20747",2351,1123,1228
"Gm29249",684,684,0
"Gm21749",699,699,0
"Gm20929",26179,798,25381
"Vmn2r-ps150",636,636,0
"Vmn2r-ps151",159,159,0
"Gm28291",3240,1499,1741
"Gm30861",15810,687,15123
"Gm21894",26019,736,25283
"Gm20931",25972,736,25236
"Gm29559",699,699,0
"Gm28207",3239,1498,1741
"Sly",26153,918,25235
"Gm28165",699,699,0
"Gm21943",2310,1206,1104
"Gm28326",3234,1494,1740
"Gm21405",24586,862,23724
"Gm28284",3236,1498,1738
"Gm21861",55948,918,55030
"Gm35044",372,372,0
"Gm28073",2365,622,1743
"Gm28074",3240,1497,1743
"Gm35870",372,372,0
"Gm21758",12974,120,12854
"Gm20871",26049,811,25238
"Gm30355",372,372,0
"1700040F15Rik",55987,536,55451
"Gm20794",24603,862,23741
"Gm31970",372,372,0
"LOC105242410",56274,762,55512
"Gm29204",3236,1498,1738
"Gm21489",24588,862,23726
"Gm28185",699,699,0
"Gm20823",2336,1225,1111
"Gm29545",699,699,0
"Gm29062",576,576,0
"Gm20907",818,818,0
"Gm20908",24559,549,24010
"Gm20921",684,684,0
"Gm28255",576,576,0
"Gm20736",26224,832,25392
"Gm20934",810,810,0
"Gm28133",3239,1498,1741
"Gm21910",699,699,0
"Gm20852",2374,1149,1225
"Gm34191",15796,687,15109
"Ssty2",2330,1216,1114
"Gm29637",576,576,0
"Gm29634",699,699,0
"Gm29659",699,699,0
"Gm20816",2332,1221,1111
"Gm20817",24506,546,23960
"Gm21672",2325,1218,1107
"Gm21118",684,684,0
"4932431L22Rik",3128,3128,0
"Gm28840",10675,1135,9540
"Gm28837",699,699,0
"Gm20868",2317,1203,1114
"Gm20869",26002,736,25266
"Gm20870",24556,549,24007
"Gm32373",408,408,0
"Gm20842",684,684,0
"Gm29181",699,699,0
"Gm20845",26197,798,25399
"Gm21683",2358,1123,1235
"Gm29255",3239,1498,1741
"Gm28678",699,699,0
"Gm20903",26149,798,25351
"Vmn2r-ps141",637,637,0
"Vmn2r-ps142",159,159,0
"Gm28787",699,699,0
"Gm28606",3240,1499,1741
"Gm20850",26204,798,25406
"Gm28377",564,564,0
"Gm21180",2333,1221,1112
"Gm29312",699,699,0
"Gm28699",699,699,0
"Gm28542",699,699,0
"Gm20867",2326,1218,1108
"Gm21658",684,684,0
"Gm29565",3240,1499,1741
"Orly",10619,1600,9019
"Gm20806",999,999,0
"Gm20917",995,995,0
"Gm28423",699,699,0
"Gm28422",3253,1500,1753
"Gm20916",26120,798,25322
"Gm21242",2332,1215,1117
"Gm21248",2330,1213,1117
"Gm28739",576,576,0
"Gm21790",684,684,0
"Gm21825",699,699,0
"Gm21317",26170,798,25372
"Gm29382",789,789,0
"Gm28225",3240,1499,1741
"LOC105247287",20808,676,20132
"Gm21095",26110,817,25293
"Gm29338",3240,1499,1741
"Gm21409",26081,789,25292
"Vmn2r-ps155",636,636,0
"Vmn2r-ps154",159,159,0
"Vmn2r-ps153",637,637,0
"Vmn2r-ps152",159,159,0
"Gm21734",699,699,0
"Gm20854",997,997,0
"Gm28220",3241,1500,1741
"Gm20820",25956,663,25293
"Gm28219",564,564,0
"Vmn2r-ps157",675,675,0
"Vmn2r-ps156",159,159,0
"Gm28365",3238,1498,1740
"Gm28368",576,576,0
"Gm21813",699,699,0
"Gm20906",23094,549,22545
"Gm28716",576,576,0
"Gm20819",43262,739,42523
"Gm21720",699,699,0
"Gm29393",3240,1499,1741
"Gm21294",24571,549,24022
"Gm21996",45230,1062,44168
"Gm35561",372,372,0
"Gm20879",983,983,0
"Gm29504",2278,537,1741
"Gm31067",372,372,0
"Gm20837",12845,120,12725
"Gm29503",30955,667,30288
"LOC105247288",2364,622,1742
"Gm28301",2280,537,1743
"Gm34786",2663,267,2396
"Gm34192",1866,1564,302
"Gm33272",6703,502,6201
"Gm32527",3815,3809,6
"LOC105247289",4198,4160,38
"TrnF",68,68,0
"Rnr1",955,955,0
"TrnV",69,69,0
"Rnr2",1582,1582,0
"TrnL1",75,75,0
"ND1",957,957,0
"TrnI",69,69,0
"TrnQ",71,71,0
"TrnM",69,69,0
"ND2",1038,1038,0
"TrnW",67,67,0
"TrnA",69,69,0
"TrnN",71,71,0
"TrnC",66,66,0
"TrnY",67,67,0
"COX1",1545,1545,0
"TrnS1",69,69,0
"TrnD",70,70,0
"COX2",684,684,0
"TrnK",65,65,0
"ATP8",204,204,0
"ATP6",681,681,0
"COX3",784,784,0
"TrnG",68,68,0
"ND3",348,348,0
"TrnR",68,68,0
"ND4L",297,297,0
"ND4",1378,1378,0
"TrnH",67,67,0
"TrnS2",59,59,0
"TrnL2",71,71,0
"ND5",1824,1824,0
"ND6",519,519,0
"TrnE",69,69,0
"CYTB",1144,1144,0
"TrnT",67,67,0
"TrnP",67,67,0
